amount_donated,campaign_ID,category,anonymous,gender,same_last_name,empathy
50,f3F1j8SbZZZIR/7Y9r8XUS2JwH4JNnU9zxa967TSlCAz,Medical,0,F,0,0
100,f3F1j8SbZZZIR/7Y9r8XUS2JwH4JNnU9zxa967TSlCAz,Medical,0,F,0,1
10,f3F1j8SbZZZIR/7Y9r8XUS2JwH4JNnU9zxa967TSlCAz,Medical,0,M,0,0
50,f3F1j8SbZZZIR/7Y9r8XUS2JwH4JNnU9zxa967TSlCAz,Medical,0,F,0,1
100,f3F1j8SbZZZIR/7Y9r8XUS2JwH4JNnU9zxa967TSlCAz,Medical,0,NA,0,0
50,f3F1j8SbZZZIR/7Y9r8XUS2JwH4JNnU9zxa967TSlCAz,Medical,0,F,0,0
50,f3F1j8SbZZZIR/7Y9r8XUS2JwH4JNnU9zxa967TSlCAz,Medical,0,NA,0,0
50,f3F1j8SbZZZIR/7Y9r8XUS2JwH4JNnU9zxa967TSlCAz,Medical,0,M,0,0
250,f3F1j8SbZZZIR/7Y9r8XUS2JwH4JNnU9zxa967TSlCAz,Medical,0,M,0,0
50,f3F1j8SbZZZIR/7Y9r8XUS2JwH4JNnU9zxa967TSlCAz,Medical,0,M,0,0
50,f3F1j8SbZZZIR/7Y9r8XUS2JwH4JNnU9zxa967TSlCAz,Medical,0,NA,0,0
100,f3F1j8SbZZZIR/7Y9r8XUS2JwH4JNnU9zxa967TSlCAz,Medical,1,NA,0,0
50,f3F1j8SbZZZIR/7Y9r8XUS2JwH4JNnU9zxa967TSlCAz,Medical,1,NA,0,0
50,f3F1j8SbZZZIR/7Y9r8XUS2JwH4JNnU9zxa967TSlCAz,Medical,0,F,0,0
75,f3F1j8SbZZZIR/7Y9r8XUS2JwH4JNnU9zxa967TSlCAz,Medical,0,F,0,0
50,f3F1j8SbZZZIR/7Y9r8XUS2JwH4JNnU9zxa967TSlCAz,Medical,0,F,0,0
50,f3F1j8SbZZZIR/7Y9r8XUS2JwH4JNnU9zxa967TSlCAz,Medical,1,NA,0,0
100,f3F1j8SbZZZIR/7Y9r8XUS2JwH4JNnU9zxa967TSlCAz,Medical,0,F,0,0
200,f3F1j8SbZZZIR/7Y9r8XUS2JwH4JNnU9zxa967TSlCAz,Medical,0,F,0,0
100,f3F1j8SbZZZIR/7Y9r8XUS2JwH4JNnU9zxa967TSlCAz,Medical,0,NA,0,0
100,f3F1j8SbZZZIR/7Y9r8XUS2JwH4JNnU9zxa967TSlCAz,Medical,0,NA,0,0
100,f3F1j8SbZZZIR/7Y9r8XUS2JwH4JNnU9zxa967TSlCAz,Medical,0,NA,0,0
25,f3F1j8SbZZZIR/7Y9r8XUS2JwH4JNnU9zxa967TSlCAz,Medical,0,M,0,0
25,f3F1j8SbZZZIR/7Y9r8XUS2JwH4JNnU9zxa967TSlCAz,Medical,0,M,0,0
25,f3F1j8SbZZZIR/7Y9r8XUS2JwH4JNnU9zxa967TSlCAz,Medical,0,M,0,0
50,f3F1j8SbZZZIR/7Y9r8XUS2JwH4JNnU9zxa967TSlCAz,Medical,0,NA,0,0
25,f3F1j8SbZZZIR/7Y9r8XUS2JwH4JNnU9zxa967TSlCAz,Medical,0,NA,0,0
75,f3F1j8SbZZZIR/7Y9r8XUS2JwH4JNnU9zxa967TSlCAz,Medical,0,M,0,0
50,f3F1j8SbZZZIR/7Y9r8XUS2JwH4JNnU9zxa967TSlCAz,Medical,0,F,0,0
100,f3F1j8SbZZZIR/7Y9r8XUS2JwH4JNnU9zxa967TSlCAz,Medical,0,F,0,1
360,f3F1j8SbZZZIR/7Y9r8XUS2JwH4JNnU9zxa967TSlCAz,Medical,0,NA,0,1
50,f3F1j8SbZZZIR/7Y9r8XUS2JwH4JNnU9zxa967TSlCAz,Medical,0,NA,0,1
100,f3F1j8SbZZZIR/7Y9r8XUS2JwH4JNnU9zxa967TSlCAz,Medical,0,M,0,1
50,f3F1j8SbZZZIR/7Y9r8XUS2JwH4JNnU9zxa967TSlCAz,Medical,0,F,0,0
75,f3F1j8SbZZZIR/7Y9r8XUS2JwH4JNnU9zxa967TSlCAz,Medical,0,NA,0,0
50,f3F1j8SbZZZIR/7Y9r8XUS2JwH4JNnU9zxa967TSlCAz,Medical,0,NA,0,0
100,f3F1j8SbZZZIR/7Y9r8XUS2JwH4JNnU9zxa967TSlCAz,Medical,0,NA,0,0
50,f3F1j8SbZZZIR/7Y9r8XUS2JwH4JNnU9zxa967TSlCAz,Medical,0,M,0,0
100,f3F1j8SbZZZIR/7Y9r8XUS2JwH4JNnU9zxa967TSlCAz,Medical,0,NA,0,0
50,f3F1j8SbZZZIR/7Y9r8XUS2JwH4JNnU9zxa967TSlCAz,Medical,0,F,0,0
50,f3F1j8SbZZZIR/7Y9r8XUS2JwH4JNnU9zxa967TSlCAz,Medical,0,M,0,0
100,f3F1j8SbZZZIR/7Y9r8XUS2JwH4JNnU9zxa967TSlCAz,Medical,0,M,0,0
50,f3F1j8SbZZZIR/7Y9r8XUS2JwH4JNnU9zxa967TSlCAz,Medical,0,F,0,0
100,f3F1j8SbZZZIR/7Y9r8XUS2JwH4JNnU9zxa967TSlCAz,Medical,0,F,0,0
50,f3F1j8SbZZZIR/7Y9r8XUS2JwH4JNnU9zxa967TSlCAz,Medical,0,F,0,0
10,f3F1j8SbZZZIR/7Y9r8XUS2JwH4JNnU9zxa967TSlCAz,Medical,0,F,0,0
100,f3F1j8SbZZZIR/7Y9r8XUS2JwH4JNnU9zxa967TSlCAz,Medical,0,M,0,0
100,f3F1j8SbZZZIR/7Y9r8XUS2JwH4JNnU9zxa967TSlCAz,Medical,0,F,0,0
100,f3F1j8SbZZZIR/7Y9r8XUS2JwH4JNnU9zxa967TSlCAz,Medical,0,F,0,0
100,f3F1j8SbZZZIR/7Y9r8XUS2JwH4JNnU9zxa967TSlCAz,Medical,0,F,0,0
50,f3F1j8SbZZZIR/7Y9r8XUS2JwH4JNnU9zxa967TSlCAz,Medical,0,F,0,0
200,f3F1j8SbZZZIR/7Y9r8XUS2JwH4JNnU9zxa967TSlCAz,Medical,0,F,0,1
500,f3F1j8SbZZZIR/7Y9r8XUS2JwH4JNnU9zxa967TSlCAz,Medical,0,F,0,0
100,f3F1j8SbZZZIR/7Y9r8XUS2JwH4JNnU9zxa967TSlCAz,Medical,0,M,0,0
100,f3F1j8SbZZZIR/7Y9r8XUS2JwH4JNnU9zxa967TSlCAz,Medical,0,F,0,1
50,f3F1j8SbZZZIR/7Y9r8XUS2JwH4JNnU9zxa967TSlCAz,Medical,0,F,0,0
40,f3F1j8SbZZZIR/7Y9r8XUS2JwH4JNnU9zxa967TSlCAz,Medical,0,F,0,0
40,f3F1j8SbZZZIR/7Y9r8XUS2JwH4JNnU9zxa967TSlCAz,Medical,0,M,0,0
200,f3F1j8SbZZZIR/7Y9r8XUS2JwH4JNnU9zxa967TSlCAz,Medical,0,F,0,0
25,f3F1j8SbZZZIR/7Y9r8XUS2JwH4JNnU9zxa967TSlCAz,Medical,0,F,0,0
50,f3F1j8SbZZZIR/7Y9r8XUS2JwH4JNnU9zxa967TSlCAz,Medical,0,NA,0,0
50,f3F1j8SbZZZIR/7Y9r8XUS2JwH4JNnU9zxa967TSlCAz,Medical,0,NA,0,0
200,f3F1j8SbZZZIR/7Y9r8XUS2JwH4JNnU9zxa967TSlCAz,Medical,0,NA,0,1
50,f3F1j8SbZZZIR/7Y9r8XUS2JwH4JNnU9zxa967TSlCAz,Medical,0,NA,0,0
50,f3F1j8SbZZZIR/7Y9r8XUS2JwH4JNnU9zxa967TSlCAz,Medical,0,F,0,0
30,f3F1j8SbZZZIR/7Y9r8XUS2JwH4JNnU9zxa967TSlCAz,Medical,0,F,0,0
100,f3F1j8SbZZZIR/7Y9r8XUS2JwH4JNnU9zxa967TSlCAz,Medical,0,F,0,1
50,f3F1j8SbZZZIR/7Y9r8XUS2JwH4JNnU9zxa967TSlCAz,Medical,0,NA,0,0
50,f3F1j8SbZZZIR/7Y9r8XUS2JwH4JNnU9zxa967TSlCAz,Medical,0,F,0,0
100,f3F1j8SbZZZIR/7Y9r8XUS2JwH4JNnU9zxa967TSlCAz,Medical,0,F,0,1
1000,f3F1j8SbZZZIR/7Y9r8XUS2JwH4JNnU9zxa967TSlCAz,Medical,0,M,0,0
100,f3F1j8SbZZZIR/7Y9r8XUS2JwH4JNnU9zxa967TSlCAz,Medical,0,F,0,0
20,f3F1j8SbZZZIR/7Y9r8XUS2JwH4JNnU9zxa967TSlCAz,Medical,1,NA,0,0
100,f3F1j8SbZZZIR/7Y9r8XUS2JwH4JNnU9zxa967TSlCAz,Medical,0,M,0,0
250,f3F1j8SbZZZIR/7Y9r8XUS2JwH4JNnU9zxa967TSlCAz,Medical,0,NA,0,0
200,f3F1j8SbZZZIR/7Y9r8XUS2JwH4JNnU9zxa967TSlCAz,Medical,0,F,0,0
25,f3F1j8SbZZZIR/7Y9r8XUS2JwH4JNnU9zxa967TSlCAz,Medical,0,NA,0,0
30,f3F1j8SbZZZIR/7Y9r8XUS2JwH4JNnU9zxa967TSlCAz,Medical,0,NA,0,0
200,f3F1j8SbZZZIR/7Y9r8XUS2JwH4JNnU9zxa967TSlCAz,Medical,0,NA,0,0
25,f3F1j8SbZZZIR/7Y9r8XUS2JwH4JNnU9zxa967TSlCAz,Medical,0,NA,0,0
25,f3F1j8SbZZZIR/7Y9r8XUS2JwH4JNnU9zxa967TSlCAz,Medical,0,M,0,1
20,f3F1j8SbZZZIR/7Y9r8XUS2JwH4JNnU9zxa967TSlCAz,Medical,0,F,0,0
20,f3F1j8SbZZZIR/7Y9r8XUS2JwH4JNnU9zxa967TSlCAz,Medical,0,F,0,0
100,f3F1j8SbZZZIR/7Y9r8XUS2JwH4JNnU9zxa967TSlCAz,Medical,0,F,0,0
100,f3F1j8SbZZZIR/7Y9r8XUS2JwH4JNnU9zxa967TSlCAz,Medical,0,NA,0,1
100,f3F1j8SbZZZIR/7Y9r8XUS2JwH4JNnU9zxa967TSlCAz,Medical,0,NA,0,0
25,f3F1j8SbZZZIR/7Y9r8XUS2JwH4JNnU9zxa967TSlCAz,Medical,0,M,0,0
150,f3F1j8SbZZZIR/7Y9r8XUS2JwH4JNnU9zxa967TSlCAz,Medical,0,F,0,0
100,f3F1j8SbZZZIR/7Y9r8XUS2JwH4JNnU9zxa967TSlCAz,Medical,0,F,0,0
100,f3F1j8SbZZZIR/7Y9r8XUS2JwH4JNnU9zxa967TSlCAz,Medical,0,F,0,0
50,f3F1j8SbZZZIR/7Y9r8XUS2JwH4JNnU9zxa967TSlCAz,Medical,0,F,0,0
50,f3F1j8SbZZZIR/7Y9r8XUS2JwH4JNnU9zxa967TSlCAz,Medical,0,M,0,0
100,f3F1j8SbZZZIR/7Y9r8XUS2JwH4JNnU9zxa967TSlCAz,Medical,0,F,0,0
40,f3F1j8SbZZZIR/7Y9r8XUS2JwH4JNnU9zxa967TSlCAz,Medical,0,NA,0,0
100,f3F1j8SbZZZIR/7Y9r8XUS2JwH4JNnU9zxa967TSlCAz,Medical,0,F,0,0
72,f3F1j8SbZZZIR/7Y9r8XUS2JwH4JNnU9zxa967TSlCAz,Medical,0,NA,0,0
100,f3F1j8SbZZZIR/7Y9r8XUS2JwH4JNnU9zxa967TSlCAz,Medical,0,F,0,0
250,f3F1j8SbZZZIR/7Y9r8XUS2JwH4JNnU9zxa967TSlCAz,Medical,0,M,0,0
100,f3F1j8SbZZZIR/7Y9r8XUS2JwH4JNnU9zxa967TSlCAz,Medical,1,NA,0,0
50,f3F1j8SbZZZIR/7Y9r8XUS2JwH4JNnU9zxa967TSlCAz,Medical,0,NA,0,0
50,f3F1j8SbZZZIR/7Y9r8XUS2JwH4JNnU9zxa967TSlCAz,Medical,0,F,0,0
100,f3F1j8SbZZZIR/7Y9r8XUS2JwH4JNnU9zxa967TSlCAz,Medical,0,F,0,0
100,f3F1j8SbZZZIR/7Y9r8XUS2JwH4JNnU9zxa967TSlCAz,Medical,0,F,0,0
25,f3F1j8SbZZZIR/7Y9r8XUS2JwH4JNnU9zxa967TSlCAz,Medical,0,F,0,0
100,f3F1j8SbZZZIR/7Y9r8XUS2JwH4JNnU9zxa967TSlCAz,Medical,0,NA,0,0
200,f3F1j8SbZZZIR/7Y9r8XUS2JwH4JNnU9zxa967TSlCAz,Medical,0,NA,0,0
250,f3F1j8SbZZZIR/7Y9r8XUS2JwH4JNnU9zxa967TSlCAz,Medical,0,M,0,1
50,f3F1j8SbZZZIR/7Y9r8XUS2JwH4JNnU9zxa967TSlCAz,Medical,0,F,0,0
25,f3F1j8SbZZZIR/7Y9r8XUS2JwH4JNnU9zxa967TSlCAz,Medical,0,F,0,1
10,f3F1j8SbZZZIR/7Y9r8XUS2JwH4JNnU9zxa967TSlCAz,Medical,0,F,0,0
25,f3F1j8SbZZZIR/7Y9r8XUS2JwH4JNnU9zxa967TSlCAz,Medical,0,F,0,1
10,f3F1j8SbZZZIR/7Y9r8XUS2JwH4JNnU9zxa967TSlCAz,Medical,0,F,0,0
25,f3F1j8SbZZZIR/7Y9r8XUS2JwH4JNnU9zxa967TSlCAz,Medical,0,F,0,0
100,f3F1j8SbZZZIR/7Y9r8XUS2JwH4JNnU9zxa967TSlCAz,Medical,1,NA,0,0
50,f3F1j8SbZZZIR/7Y9r8XUS2JwH4JNnU9zxa967TSlCAz,Medical,0,F,0,0
50,f3F1j8SbZZZIR/7Y9r8XUS2JwH4JNnU9zxa967TSlCAz,Medical,0,NA,0,0
500,f3F1j8SbZZZIR/7Y9r8XUS2JwH4JNnU9zxa967TSlCAz,Medical,0,NA,0,0
100,f3F1j8SbZZZIR/7Y9r8XUS2JwH4JNnU9zxa967TSlCAz,Medical,0,NA,0,0
35,f3F1j8SbZZZIR/7Y9r8XUS2JwH4JNnU9zxa967TSlCAz,Medical,0,NA,0,0
50,f3F1j8SbZZZIR/7Y9r8XUS2JwH4JNnU9zxa967TSlCAz,Medical,0,F,0,1
50,f3F1j8SbZZZIR/7Y9r8XUS2JwH4JNnU9zxa967TSlCAz,Medical,0,F,0,0
50,f3F1j8SbZZZIR/7Y9r8XUS2JwH4JNnU9zxa967TSlCAz,Medical,0,F,0,0
25,f3F1j8SbZZZIR/7Y9r8XUS2JwH4JNnU9zxa967TSlCAz,Medical,1,NA,0,0
500,f3F1j8SbZZZIR/7Y9r8XUS2JwH4JNnU9zxa967TSlCAz,Medical,0,NA,0,0
100,f3F1j8SbZZZIR/7Y9r8XUS2JwH4JNnU9zxa967TSlCAz,Medical,0,NA,0,0
100,f3F1j8SbZZZIR/7Y9r8XUS2JwH4JNnU9zxa967TSlCAz,Medical,0,F,0,0
25,f3F1j8SbZZZIR/7Y9r8XUS2JwH4JNnU9zxa967TSlCAz,Medical,0,NA,0,0
100,f3F1j8SbZZZIR/7Y9r8XUS2JwH4JNnU9zxa967TSlCAz,Medical,0,NA,0,0
100,f3F1j8SbZZZIR/7Y9r8XUS2JwH4JNnU9zxa967TSlCAz,Medical,0,F,0,0
50,f3F1j8SbZZZIR/7Y9r8XUS2JwH4JNnU9zxa967TSlCAz,Medical,0,M,0,0
200,f3F1j8SbZZZIR/7Y9r8XUS2JwH4JNnU9zxa967TSlCAz,Medical,0,NA,0,0
25,f3F1j8SbZZZIR/7Y9r8XUS2JwH4JNnU9zxa967TSlCAz,Medical,0,F,0,0
150,f3F1j8SbZZZIR/7Y9r8XUS2JwH4JNnU9zxa967TSlCAz,Medical,0,NA,0,0
100,f3F1j8SbZZZIR/7Y9r8XUS2JwH4JNnU9zxa967TSlCAz,Medical,0,F,0,0
20,f3F1j8SbZZZIR/7Y9r8XUS2JwH4JNnU9zxa967TSlCAz,Medical,0,NA,0,0
100,f3F1j8SbZZZIR/7Y9r8XUS2JwH4JNnU9zxa967TSlCAz,Medical,0,NA,0,0
25,f3F1j8SbZZZIR/7Y9r8XUS2JwH4JNnU9zxa967TSlCAz,Medical,0,F,0,0
20,f3F1j8SbZZZIR/7Y9r8XUS2JwH4JNnU9zxa967TSlCAz,Medical,0,M,0,0
50,f3F1j8SbZZZIR/7Y9r8XUS2JwH4JNnU9zxa967TSlCAz,Medical,0,M,0,0
100,f3F1j8SbZZZIR/7Y9r8XUS2JwH4JNnU9zxa967TSlCAz,Medical,0,M,0,1
100,f3F1j8SbZZZIR/7Y9r8XUS2JwH4JNnU9zxa967TSlCAz,Medical,0,NA,0,0
100,f3F1j8SbZZZIR/7Y9r8XUS2JwH4JNnU9zxa967TSlCAz,Medical,0,M,0,0
100,f3F1j8SbZZZIR/7Y9r8XUS2JwH4JNnU9zxa967TSlCAz,Medical,0,NA,0,0
100,f3F1j8SbZZZIR/7Y9r8XUS2JwH4JNnU9zxa967TSlCAz,Medical,0,NA,0,0
100,f3F1j8SbZZZIR/7Y9r8XUS2JwH4JNnU9zxa967TSlCAz,Medical,0,NA,0,0
50,f3F1j8SbZZZIR/7Y9r8XUS2JwH4JNnU9zxa967TSlCAz,Medical,0,M,1,0
50,f3F1j8SbZZZIR/7Y9r8XUS2JwH4JNnU9zxa967TSlCAz,Medical,0,F,0,0
25,f3F1j8SbZZZIR/7Y9r8XUS2JwH4JNnU9zxa967TSlCAz,Medical,0,F,0,0
100,f3F1j8SbZZZIR/7Y9r8XUS2JwH4JNnU9zxa967TSlCAz,Medical,0,M,0,0
100,f3F1j8SbZZZIR/7Y9r8XUS2JwH4JNnU9zxa967TSlCAz,Medical,0,F,0,0
50,f3F1j8SbZZZIR/7Y9r8XUS2JwH4JNnU9zxa967TSlCAz,Medical,0,M,0,0
250,f3F1j8SbZZZIR/7Y9r8XUS2JwH4JNnU9zxa967TSlCAz,Medical,0,NA,0,0
200,f3F1j8SbZZZIR/7Y9r8XUS2JwH4JNnU9zxa967TSlCAz,Medical,0,F,0,0
100,f3F1j8SbZZZIR/7Y9r8XUS2JwH4JNnU9zxa967TSlCAz,Medical,0,NA,0,0
100,f3F1j8SbZZZIR/7Y9r8XUS2JwH4JNnU9zxa967TSlCAz,Medical,0,F,0,0
100,f3F1j8SbZZZIR/7Y9r8XUS2JwH4JNnU9zxa967TSlCAz,Medical,0,M,0,0
100,f3F1j8SbZZZIR/7Y9r8XUS2JwH4JNnU9zxa967TSlCAz,Medical,0,NA,0,0
50,f3F1j8SbZZZIR/7Y9r8XUS2JwH4JNnU9zxa967TSlCAz,Medical,0,F,0,0
100,f3F1j8SbZZZIR/7Y9r8XUS2JwH4JNnU9zxa967TSlCAz,Medical,0,NA,0,0
25,f3F1j8SbZZZIR/7Y9r8XUS2JwH4JNnU9zxa967TSlCAz,Medical,0,NA,0,0
100,f3F1j8SbZZZIR/7Y9r8XUS2JwH4JNnU9zxa967TSlCAz,Medical,0,M,0,0
50,f3F1j8SbZZZIR/7Y9r8XUS2JwH4JNnU9zxa967TSlCAz,Medical,0,F,0,0
50,f3F1j8SbZZZIR/7Y9r8XUS2JwH4JNnU9zxa967TSlCAz,Medical,0,F,0,0
25,f3F1j8SbZZZIR/7Y9r8XUS2JwH4JNnU9zxa967TSlCAz,Medical,0,F,0,0
100,f3F1j8SbZZZIR/7Y9r8XUS2JwH4JNnU9zxa967TSlCAz,Medical,0,F,0,0
250,f3F1j8SbZZZIR/7Y9r8XUS2JwH4JNnU9zxa967TSlCAz,Medical,0,M,0,0
250,f3F1j8SbZZZIR/7Y9r8XUS2JwH4JNnU9zxa967TSlCAz,Medical,0,M,0,1
100,f3F1j8SbZZZIR/7Y9r8XUS2JwH4JNnU9zxa967TSlCAz,Medical,0,F,0,1
25,f3F1j8SbZZZIR/7Y9r8XUS2JwH4JNnU9zxa967TSlCAz,Medical,0,NA,0,0
50,f3F1j8SbZZZIR/7Y9r8XUS2JwH4JNnU9zxa967TSlCAz,Medical,0,F,0,1
30,f3F1j8SbZZZIR/7Y9r8XUS2JwH4JNnU9zxa967TSlCAz,Medical,0,F,0,1
25,f3F1j8SbZZZIR/7Y9r8XUS2JwH4JNnU9zxa967TSlCAz,Medical,0,M,0,0
50,f3F1j8SbZZZIR/7Y9r8XUS2JwH4JNnU9zxa967TSlCAz,Medical,0,F,0,0
100,f3F1j8SbZZZIR/7Y9r8XUS2JwH4JNnU9zxa967TSlCAz,Medical,0,F,0,0
36,f3F1j8SbZZZIR/7Y9r8XUS2JwH4JNnU9zxa967TSlCAz,Medical,0,M,0,0
50,f3F1j8SbZZZIR/7Y9r8XUS2JwH4JNnU9zxa967TSlCAz,Medical,0,F,0,0
100,f3F1j8SbZZZIR/7Y9r8XUS2JwH4JNnU9zxa967TSlCAz,Medical,0,F,0,1
50,f3F1j8SbZZZIR/7Y9r8XUS2JwH4JNnU9zxa967TSlCAz,Medical,0,M,0,0
100,f3F1j8SbZZZIR/7Y9r8XUS2JwH4JNnU9zxa967TSlCAz,Medical,0,F,0,0
200,f3F1j8SbZZZIR/7Y9r8XUS2JwH4JNnU9zxa967TSlCAz,Medical,0,M,0,0
100,f3F1j8SbZZZIR/7Y9r8XUS2JwH4JNnU9zxa967TSlCAz,Medical,0,F,0,0
50,f3F1j8SbZZZIR/7Y9r8XUS2JwH4JNnU9zxa967TSlCAz,Medical,0,NA,0,0
18,f3F1j8SbZZZIR/7Y9r8XUS2JwH4JNnU9zxa967TSlCAz,Medical,0,F,0,1
50,f3F1j8SbZZZIR/7Y9r8XUS2JwH4JNnU9zxa967TSlCAz,Medical,0,M,0,0
25,f3F1j8SbZZZIR/7Y9r8XUS2JwH4JNnU9zxa967TSlCAz,Medical,0,F,0,0
50,f3F1j8SbZZZIR/7Y9r8XUS2JwH4JNnU9zxa967TSlCAz,Medical,0,F,0,1
1000,f3F1j8SbZZZIR/7Y9r8XUS2JwH4JNnU9zxa967TSlCAz,Medical,0,F,0,0
100,f3F1j8SbZZZIR/7Y9r8XUS2JwH4JNnU9zxa967TSlCAz,Medical,0,NA,0,0
25,f3F1j8SbZZZIR/7Y9r8XUS2JwH4JNnU9zxa967TSlCAz,Medical,0,F,0,1
50,f3F1j8SbZZZIR/7Y9r8XUS2JwH4JNnU9zxa967TSlCAz,Medical,0,F,0,0
100,f3F1j8SbZZZIR/7Y9r8XUS2JwH4JNnU9zxa967TSlCAz,Medical,0,M,0,0
350,f3F1j8SbZZZIR/7Y9r8XUS2JwH4JNnU9zxa967TSlCAz,Medical,0,F,0,0
100,f3F1j8SbZZZIR/7Y9r8XUS2JwH4JNnU9zxa967TSlCAz,Medical,0,F,0,1
50,f3F1j8SbZZZIR/7Y9r8XUS2JwH4JNnU9zxa967TSlCAz,Medical,1,NA,0,0
100,f3F1j8SbZZZIR/7Y9r8XUS2JwH4JNnU9zxa967TSlCAz,Medical,0,M,0,0
25,f3F1j8SbZZZIR/7Y9r8XUS2JwH4JNnU9zxa967TSlCAz,Medical,0,F,0,0
100,f3F1j8SbZZZIR/7Y9r8XUS2JwH4JNnU9zxa967TSlCAz,Medical,0,F,0,0
50,f3F1j8SbZZZIR/7Y9r8XUS2JwH4JNnU9zxa967TSlCAz,Medical,0,M,0,0
50,f3F1j8SbZZZIR/7Y9r8XUS2JwH4JNnU9zxa967TSlCAz,Medical,0,F,0,1
50,f3F1j8SbZZZIR/7Y9r8XUS2JwH4JNnU9zxa967TSlCAz,Medical,0,F,0,1
50,f3F1j8SbZZZIR/7Y9r8XUS2JwH4JNnU9zxa967TSlCAz,Medical,0,NA,0,0
25,f3F1j8SbZZZIR/7Y9r8XUS2JwH4JNnU9zxa967TSlCAz,Medical,0,F,0,0
25,f3F1j8SbZZZIR/7Y9r8XUS2JwH4JNnU9zxa967TSlCAz,Medical,0,M,0,0
100,f3F1j8SbZZZIR/7Y9r8XUS2JwH4JNnU9zxa967TSlCAz,Medical,0,F,0,0
20,f3F1j8SbZZZIR/7Y9r8XUS2JwH4JNnU9zxa967TSlCAz,Medical,0,F,0,0
250,f3F1j8SbZZZIR/7Y9r8XUS2JwH4JNnU9zxa967TSlCAz,Medical,0,NA,0,0
100,f3F1j8SbZZZIR/7Y9r8XUS2JwH4JNnU9zxa967TSlCAz,Medical,0,NA,0,0
500,f3F1j8SbZZZIR/7Y9r8XUS2JwH4JNnU9zxa967TSlCAz,Medical,0,NA,0,0
50,f3F1j8SbZZZIR/7Y9r8XUS2JwH4JNnU9zxa967TSlCAz,Medical,0,NA,0,0
25,f3F1j8SbZZZIR/7Y9r8XUS2JwH4JNnU9zxa967TSlCAz,Medical,0,F,0,0
25,f3F1j8SbZZZIR/7Y9r8XUS2JwH4JNnU9zxa967TSlCAz,Medical,0,M,0,0
50,f3F1j8SbZZZIR/7Y9r8XUS2JwH4JNnU9zxa967TSlCAz,Medical,0,M,0,0
25,f3F1j8SbZZZIR/7Y9r8XUS2JwH4JNnU9zxa967TSlCAz,Medical,0,M,0,0
100,f3F1j8SbZZZIR/7Y9r8XUS2JwH4JNnU9zxa967TSlCAz,Medical,0,F,0,0
20,f3F1j8SbZZZIR/7Y9r8XUS2JwH4JNnU9zxa967TSlCAz,Medical,0,M,0,0
20,f3F1j8SbZZZIR/7Y9r8XUS2JwH4JNnU9zxa967TSlCAz,Medical,0,M,0,0
25,f3F1j8SbZZZIR/7Y9r8XUS2JwH4JNnU9zxa967TSlCAz,Medical,0,NA,0,0
20,f3F1j8SbZZZIR/7Y9r8XUS2JwH4JNnU9zxa967TSlCAz,Medical,0,F,0,0
25,f3F1j8SbZZZIR/7Y9r8XUS2JwH4JNnU9zxa967TSlCAz,Medical,0,NA,0,0
25,f3F1j8SbZZZIR/7Y9r8XUS2JwH4JNnU9zxa967TSlCAz,Medical,1,NA,0,0
100,f3F1j8SbZZZIR/7Y9r8XUS2JwH4JNnU9zxa967TSlCAz,Medical,0,M,0,0
100,f3F1j8SbZZZIR/7Y9r8XUS2JwH4JNnU9zxa967TSlCAz,Medical,0,F,0,0
50,f3F1j8SbZZZIR/7Y9r8XUS2JwH4JNnU9zxa967TSlCAz,Medical,0,NA,0,0
50,f3F1j8SbZZZIR/7Y9r8XUS2JwH4JNnU9zxa967TSlCAz,Medical,0,M,0,0
50,f3F1j8SbZZZIR/7Y9r8XUS2JwH4JNnU9zxa967TSlCAz,Medical,0,NA,0,0
20,f3F1j8SbZZZIR/7Y9r8XUS2JwH4JNnU9zxa967TSlCAz,Medical,0,F,0,0
50,f3F1j8SbZZZIR/7Y9r8XUS2JwH4JNnU9zxa967TSlCAz,Medical,0,F,0,0
100,f3F1j8SbZZZIR/7Y9r8XUS2JwH4JNnU9zxa967TSlCAz,Medical,0,F,0,0
50,f3F1j8SbZZZIR/7Y9r8XUS2JwH4JNnU9zxa967TSlCAz,Medical,0,M,0,0
100,f3F1j8SbZZZIR/7Y9r8XUS2JwH4JNnU9zxa967TSlCAz,Medical,0,NA,0,0
100,f3F1j8SbZZZIR/7Y9r8XUS2JwH4JNnU9zxa967TSlCAz,Medical,0,NA,0,0
50,f3F1j8SbZZZIR/7Y9r8XUS2JwH4JNnU9zxa967TSlCAz,Medical,0,F,0,0
100,f3F1j8SbZZZIR/7Y9r8XUS2JwH4JNnU9zxa967TSlCAz,Medical,0,F,0,0
50,f3F1j8SbZZZIR/7Y9r8XUS2JwH4JNnU9zxa967TSlCAz,Medical,0,F,0,0
100,f3F1j8SbZZZIR/7Y9r8XUS2JwH4JNnU9zxa967TSlCAz,Medical,0,M,0,0
50,f3F1j8SbZZZIR/7Y9r8XUS2JwH4JNnU9zxa967TSlCAz,Medical,0,F,0,0
75,f3F1j8SbZZZIR/7Y9r8XUS2JwH4JNnU9zxa967TSlCAz,Medical,0,M,0,0
50,f3F1j8SbZZZIR/7Y9r8XUS2JwH4JNnU9zxa967TSlCAz,Medical,0,F,0,0
100,f3F1j8SbZZZIR/7Y9r8XUS2JwH4JNnU9zxa967TSlCAz,Medical,0,NA,0,0
100,f3F1j8SbZZZIR/7Y9r8XUS2JwH4JNnU9zxa967TSlCAz,Medical,0,NA,0,0
20,f3F1j8SbZZZIR/7Y9r8XUS2JwH4JNnU9zxa967TSlCAz,Medical,0,F,0,0
100,f3F1j8SbZZZIR/7Y9r8XUS2JwH4JNnU9zxa967TSlCAz,Medical,0,F,0,0
20,f3F1j8SbZZZIR/7Y9r8XUS2JwH4JNnU9zxa967TSlCAz,Medical,1,NA,0,0
100,f3F1j8SbZZZIR/7Y9r8XUS2JwH4JNnU9zxa967TSlCAz,Medical,0,F,0,0
25,f3F1j8SbZZZIR/7Y9r8XUS2JwH4JNnU9zxa967TSlCAz,Medical,0,F,0,0
100,f3F1j8SbZZZIR/7Y9r8XUS2JwH4JNnU9zxa967TSlCAz,Medical,0,NA,0,1
100,f3F1j8SbZZZIR/7Y9r8XUS2JwH4JNnU9zxa967TSlCAz,Medical,0,NA,0,0
1000,f3F1j8SbZZZIR/7Y9r8XUS2JwH4JNnU9zxa967TSlCAz,Medical,0,M,0,0
100,f3F1j8SbZZZIR/7Y9r8XUS2JwH4JNnU9zxa967TSlCAz,Medical,0,F,0,1
100,f3F1j8SbZZZIR/7Y9r8XUS2JwH4JNnU9zxa967TSlCAz,Medical,0,M,0,0
25,f3F1j8SbZZZIR/7Y9r8XUS2JwH4JNnU9zxa967TSlCAz,Medical,0,F,0,0
100,f3F1j8SbZZZIR/7Y9r8XUS2JwH4JNnU9zxa967TSlCAz,Medical,0,NA,0,0
100,f3F1j8SbZZZIR/7Y9r8XUS2JwH4JNnU9zxa967TSlCAz,Medical,1,NA,0,0
200,f3F1j8SbZZZIR/7Y9r8XUS2JwH4JNnU9zxa967TSlCAz,Medical,0,NA,0,0
250,f3F1j8SbZZZIR/7Y9r8XUS2JwH4JNnU9zxa967TSlCAz,Medical,0,NA,0,1
100,f3F1j8SbZZZIR/7Y9r8XUS2JwH4JNnU9zxa967TSlCAz,Medical,0,F,0,0
500,f3F1j8SbZZZIR/7Y9r8XUS2JwH4JNnU9zxa967TSlCAz,Medical,0,NA,0,0
50,f3F1j8SbZZZIR/7Y9r8XUS2JwH4JNnU9zxa967TSlCAz,Medical,0,NA,0,0
100,f3F1j8SbZZZIR/7Y9r8XUS2JwH4JNnU9zxa967TSlCAz,Medical,0,NA,0,0
100,f3F1j8SbZZZIR/7Y9r8XUS2JwH4JNnU9zxa967TSlCAz,Medical,0,NA,0,1
100,f3F1j8SbZZZIR/7Y9r8XUS2JwH4JNnU9zxa967TSlCAz,Medical,0,M,0,0
100,f3F1j8SbZZZIR/7Y9r8XUS2JwH4JNnU9zxa967TSlCAz,Medical,0,F,0,0
100,f3F1j8SbZZZIR/7Y9r8XUS2JwH4JNnU9zxa967TSlCAz,Medical,0,NA,0,0
100,f3F1j8SbZZZIR/7Y9r8XUS2JwH4JNnU9zxa967TSlCAz,Medical,0,F,0,0
500,f3F1j8SbZZZIR/7Y9r8XUS2JwH4JNnU9zxa967TSlCAz,Medical,0,F,0,1
100,f3F1j8SbZZZIR/7Y9r8XUS2JwH4JNnU9zxa967TSlCAz,Medical,0,NA,0,0
100,f3F1j8SbZZZIR/7Y9r8XUS2JwH4JNnU9zxa967TSlCAz,Medical,0,M,0,0
100,f3F1j8SbZZZIR/7Y9r8XUS2JwH4JNnU9zxa967TSlCAz,Medical,0,F,0,0
25,f3F1j8SbZZZIR/7Y9r8XUS2JwH4JNnU9zxa967TSlCAz,Medical,0,F,0,0
100,f3F1j8SbZZZIR/7Y9r8XUS2JwH4JNnU9zxa967TSlCAz,Medical,0,M,0,0
100,f3F1j8SbZZZIR/7Y9r8XUS2JwH4JNnU9zxa967TSlCAz,Medical,0,F,0,0
100,f3F1j8SbZZZIR/7Y9r8XUS2JwH4JNnU9zxa967TSlCAz,Medical,0,F,0,0
50,f3F1j8SbZZZIR/7Y9r8XUS2JwH4JNnU9zxa967TSlCAz,Medical,0,F,0,0
100,f3F1j8SbZZZIR/7Y9r8XUS2JwH4JNnU9zxa967TSlCAz,Medical,0,M,0,0
50,f3F1j8SbZZZIR/7Y9r8XUS2JwH4JNnU9zxa967TSlCAz,Medical,1,NA,0,0
10,f3F1j8SbZZZIR/7Y9r8XUS2JwH4JNnU9zxa967TSlCAz,Medical,0,F,0,0
150,f3F1j8SbZZZIR/7Y9r8XUS2JwH4JNnU9zxa967TSlCAz,Medical,0,M,0,0
100,f3F1j8SbZZZIR/7Y9r8XUS2JwH4JNnU9zxa967TSlCAz,Medical,0,M,0,0
100,f3F1j8SbZZZIR/7Y9r8XUS2JwH4JNnU9zxa967TSlCAz,Medical,0,F,0,0
100,f3F1j8SbZZZIR/7Y9r8XUS2JwH4JNnU9zxa967TSlCAz,Medical,0,F,0,0
100,f3F1j8SbZZZIR/7Y9r8XUS2JwH4JNnU9zxa967TSlCAz,Medical,0,NA,0,0
50,f3F1j8SbZZZIR/7Y9r8XUS2JwH4JNnU9zxa967TSlCAz,Medical,0,F,0,0
100,f3F1j8SbZZZIR/7Y9r8XUS2JwH4JNnU9zxa967TSlCAz,Medical,0,F,0,0
50,f3F1j8SbZZZIR/7Y9r8XUS2JwH4JNnU9zxa967TSlCAz,Medical,0,F,0,0
200,f3F1j8SbZZZIR/7Y9r8XUS2JwH4JNnU9zxa967TSlCAz,Medical,0,F,0,0
100,f3F1j8SbZZZIR/7Y9r8XUS2JwH4JNnU9zxa967TSlCAz,Medical,0,M,0,0
100,f3F1j8SbZZZIR/7Y9r8XUS2JwH4JNnU9zxa967TSlCAz,Medical,0,F,0,1
100,f3F1j8SbZZZIR/7Y9r8XUS2JwH4JNnU9zxa967TSlCAz,Medical,0,F,0,0
50,f3F1j8SbZZZIR/7Y9r8XUS2JwH4JNnU9zxa967TSlCAz,Medical,0,NA,0,0
150,f3F1j8SbZZZIR/7Y9r8XUS2JwH4JNnU9zxa967TSlCAz,Medical,0,F,0,0
50,f3F1j8SbZZZIR/7Y9r8XUS2JwH4JNnU9zxa967TSlCAz,Medical,0,F,0,0
100,f3F1j8SbZZZIR/7Y9r8XUS2JwH4JNnU9zxa967TSlCAz,Medical,0,F,0,0
30,f3F1j8SbZZZIR/7Y9r8XUS2JwH4JNnU9zxa967TSlCAz,Medical,0,NA,0,0
100,f3F1j8SbZZZIR/7Y9r8XUS2JwH4JNnU9zxa967TSlCAz,Medical,0,NA,0,0
100,f3F1j8SbZZZIR/7Y9r8XUS2JwH4JNnU9zxa967TSlCAz,Medical,0,M,0,0
100,f3F1j8SbZZZIR/7Y9r8XUS2JwH4JNnU9zxa967TSlCAz,Medical,1,NA,0,0
100,f3F1j8SbZZZIR/7Y9r8XUS2JwH4JNnU9zxa967TSlCAz,Medical,1,NA,0,0
50,f3F1j8SbZZZIR/7Y9r8XUS2JwH4JNnU9zxa967TSlCAz,Medical,0,F,0,0
300,f3F1j8SbZZZIR/7Y9r8XUS2JwH4JNnU9zxa967TSlCAz,Medical,0,F,0,0
100,f3F1j8SbZZZIR/7Y9r8XUS2JwH4JNnU9zxa967TSlCAz,Medical,1,NA,0,0
100,f3F1j8SbZZZIR/7Y9r8XUS2JwH4JNnU9zxa967TSlCAz,Medical,0,F,0,0
25,f3F1j8SbZZZIR/7Y9r8XUS2JwH4JNnU9zxa967TSlCAz,Medical,1,NA,0,0
500,f3F1j8SbZZZIR/7Y9r8XUS2JwH4JNnU9zxa967TSlCAz,Medical,0,F,0,0
50,f3F1j8SbZZZIR/7Y9r8XUS2JwH4JNnU9zxa967TSlCAz,Medical,1,NA,0,0
100,f3F1j8SbZZZIR/7Y9r8XUS2JwH4JNnU9zxa967TSlCAz,Medical,0,F,0,0
260,f3F1j8SbZZZIR/7Y9r8XUS2JwH4JNnU9zxa967TSlCAz,Medical,1,NA,0,0
25,f3F1j8SbZZZIR/7Y9r8XUS2JwH4JNnU9zxa967TSlCAz,Medical,0,F,0,0
100,f3F1j8SbZZZIR/7Y9r8XUS2JwH4JNnU9zxa967TSlCAz,Medical,0,F,0,0
50,f3F1j8SbZZZIR/7Y9r8XUS2JwH4JNnU9zxa967TSlCAz,Medical,0,F,0,0
100,f3F1j8SbZZZIR/7Y9r8XUS2JwH4JNnU9zxa967TSlCAz,Medical,0,NA,0,0
100,f3F1j8SbZZZIR/7Y9r8XUS2JwH4JNnU9zxa967TSlCAz,Medical,0,F,0,0
100,f3F1j8SbZZZIR/7Y9r8XUS2JwH4JNnU9zxa967TSlCAz,Medical,0,F,0,0
50,f3F1j8SbZZZIR/7Y9r8XUS2JwH4JNnU9zxa967TSlCAz,Medical,0,F,0,0
50,f3F1j8SbZZZIR/7Y9r8XUS2JwH4JNnU9zxa967TSlCAz,Medical,0,F,0,0
100,f3F1j8SbZZZIR/7Y9r8XUS2JwH4JNnU9zxa967TSlCAz,Medical,0,NA,0,0
100,f3F1j8SbZZZIR/7Y9r8XUS2JwH4JNnU9zxa967TSlCAz,Medical,0,F,0,0
200,f3F1j8SbZZZIR/7Y9r8XUS2JwH4JNnU9zxa967TSlCAz,Medical,0,NA,0,0
200,f3F1j8SbZZZIR/7Y9r8XUS2JwH4JNnU9zxa967TSlCAz,Medical,1,NA,0,0
100,f3F1j8SbZZZIR/7Y9r8XUS2JwH4JNnU9zxa967TSlCAz,Medical,0,F,0,0
100,f3F1j8SbZZZIR/7Y9r8XUS2JwH4JNnU9zxa967TSlCAz,Medical,0,F,0,0
50,f3F1j8SbZZZIR/7Y9r8XUS2JwH4JNnU9zxa967TSlCAz,Medical,0,F,0,0
200,f3F1j8SbZZZIR/7Y9r8XUS2JwH4JNnU9zxa967TSlCAz,Medical,0,NA,0,0
250,f3F1j8SbZZZIR/7Y9r8XUS2JwH4JNnU9zxa967TSlCAz,Medical,0,NA,0,0
200,f3F1j8SbZZZIR/7Y9r8XUS2JwH4JNnU9zxa967TSlCAz,Medical,0,M,0,0
50,f3F1j8SbZZZIR/7Y9r8XUS2JwH4JNnU9zxa967TSlCAz,Medical,0,F,0,0
50,f3F1j8SbZZZIR/7Y9r8XUS2JwH4JNnU9zxa967TSlCAz,Medical,0,F,0,0
100,f3F1j8SbZZZIR/7Y9r8XUS2JwH4JNnU9zxa967TSlCAz,Medical,0,M,0,0
100,f3F1j8SbZZZIR/7Y9r8XUS2JwH4JNnU9zxa967TSlCAz,Medical,0,M,0,0
100,f3F1j8SbZZZIR/7Y9r8XUS2JwH4JNnU9zxa967TSlCAz,Medical,0,F,0,0
100,f3F1j8SbZZZIR/7Y9r8XUS2JwH4JNnU9zxa967TSlCAz,Medical,0,F,0,0
25,f3F1j8SbZZZIR/7Y9r8XUS2JwH4JNnU9zxa967TSlCAz,Medical,0,F,0,0
50,f3F1j8SbZZZIR/7Y9r8XUS2JwH4JNnU9zxa967TSlCAz,Medical,0,NA,0,0
100,f3F1j8SbZZZIR/7Y9r8XUS2JwH4JNnU9zxa967TSlCAz,Medical,0,F,0,0
100,f3F1j8SbZZZIR/7Y9r8XUS2JwH4JNnU9zxa967TSlCAz,Medical,0,F,0,0
100,f3F1j8SbZZZIR/7Y9r8XUS2JwH4JNnU9zxa967TSlCAz,Medical,0,F,0,0
50,f3F1j8SbZZZIR/7Y9r8XUS2JwH4JNnU9zxa967TSlCAz,Medical,0,F,0,0
150,f3F1j8SbZZZIR/7Y9r8XUS2JwH4JNnU9zxa967TSlCAz,Medical,0,NA,0,0
200,f3F1j8SbZZZIR/7Y9r8XUS2JwH4JNnU9zxa967TSlCAz,Medical,0,F,0,0
100,f3F1j8SbZZZIR/7Y9r8XUS2JwH4JNnU9zxa967TSlCAz,Medical,0,F,0,0
100,f3F1j8SbZZZIR/7Y9r8XUS2JwH4JNnU9zxa967TSlCAz,Medical,0,F,0,0
100,f3F1j8SbZZZIR/7Y9r8XUS2JwH4JNnU9zxa967TSlCAz,Medical,0,F,0,0
100,f3F1j8SbZZZIR/7Y9r8XUS2JwH4JNnU9zxa967TSlCAz,Medical,0,F,0,1
100,f3F1j8SbZZZIR/7Y9r8XUS2JwH4JNnU9zxa967TSlCAz,Medical,0,M,0,0
25,f3F1j8SbZZZIR/7Y9r8XUS2JwH4JNnU9zxa967TSlCAz,Medical,0,F,0,0
100,f3F1j8SbZZZIR/7Y9r8XUS2JwH4JNnU9zxa967TSlCAz,Medical,0,NA,0,1
100,f3F1j8SbZZZIR/7Y9r8XUS2JwH4JNnU9zxa967TSlCAz,Medical,0,NA,0,0
100,f3F1j8SbZZZIR/7Y9r8XUS2JwH4JNnU9zxa967TSlCAz,Medical,0,M,0,0
50,f3F1j8SbZZZIR/7Y9r8XUS2JwH4JNnU9zxa967TSlCAz,Medical,1,NA,0,0
100,f3F1j8SbZZZIR/7Y9r8XUS2JwH4JNnU9zxa967TSlCAz,Medical,0,M,0,0
50,f3F1j8SbZZZIR/7Y9r8XUS2JwH4JNnU9zxa967TSlCAz,Medical,0,F,0,0
18,f3F1j8SbZZZIR/7Y9r8XUS2JwH4JNnU9zxa967TSlCAz,Medical,0,F,0,0
100,f3F1j8SbZZZIR/7Y9r8XUS2JwH4JNnU9zxa967TSlCAz,Medical,0,M,0,0
100,f3F1j8SbZZZIR/7Y9r8XUS2JwH4JNnU9zxa967TSlCAz,Medical,0,F,0,0
100,f3F1j8SbZZZIR/7Y9r8XUS2JwH4JNnU9zxa967TSlCAz,Medical,0,NA,0,0
100,f3F1j8SbZZZIR/7Y9r8XUS2JwH4JNnU9zxa967TSlCAz,Medical,0,NA,0,0
100,f3F1j8SbZZZIR/7Y9r8XUS2JwH4JNnU9zxa967TSlCAz,Medical,0,F,0,0
36,f3F1j8SbZZZIR/7Y9r8XUS2JwH4JNnU9zxa967TSlCAz,Medical,0,NA,0,0
100,f3F1j8SbZZZIR/7Y9r8XUS2JwH4JNnU9zxa967TSlCAz,Medical,0,F,0,0
150,f3F1j8SbZZZIR/7Y9r8XUS2JwH4JNnU9zxa967TSlCAz,Medical,0,NA,0,0
100,f3F1j8SbZZZIR/7Y9r8XUS2JwH4JNnU9zxa967TSlCAz,Medical,0,NA,0,1
100,f3F1j8SbZZZIR/7Y9r8XUS2JwH4JNnU9zxa967TSlCAz,Medical,0,NA,0,0
100,f3F1j8SbZZZIR/7Y9r8XUS2JwH4JNnU9zxa967TSlCAz,Medical,0,M,0,0
150,f3F1j8SbZZZIR/7Y9r8XUS2JwH4JNnU9zxa967TSlCAz,Medical,0,NA,0,0
1000,f3F1j8SbZZZIR/7Y9r8XUS2JwH4JNnU9zxa967TSlCAz,Medical,1,NA,0,0
300,f3F1j8SbZZZIR/7Y9r8XUS2JwH4JNnU9zxa967TSlCAz,Medical,0,M,0,0
50,f3F1j8SbZZZIR/7Y9r8XUS2JwH4JNnU9zxa967TSlCAz,Medical,0,NA,0,0
300,f3F1j8SbZZZIR/7Y9r8XUS2JwH4JNnU9zxa967TSlCAz,Medical,0,F,0,0
100,f3F1j8SbZZZIR/7Y9r8XUS2JwH4JNnU9zxa967TSlCAz,Medical,0,F,0,0
100,f3F1j8SbZZZIR/7Y9r8XUS2JwH4JNnU9zxa967TSlCAz,Medical,0,F,0,0
100,f3F1j8SbZZZIR/7Y9r8XUS2JwH4JNnU9zxa967TSlCAz,Medical,0,M,0,0
500,f3F1j8SbZZZIR/7Y9r8XUS2JwH4JNnU9zxa967TSlCAz,Medical,0,F,0,0
50,f3F1j8SbZZZIR/7Y9r8XUS2JwH4JNnU9zxa967TSlCAz,Medical,0,M,0,0
25,f3F1j8SbZZZIR/7Y9r8XUS2JwH4JNnU9zxa967TSlCAz,Medical,0,NA,0,0
100,f3F1j8SbZZZIR/7Y9r8XUS2JwH4JNnU9zxa967TSlCAz,Medical,0,NA,0,0
25,f3F1j8SbZZZIR/7Y9r8XUS2JwH4JNnU9zxa967TSlCAz,Medical,0,F,0,0
25,f3F1j8SbZZZIR/7Y9r8XUS2JwH4JNnU9zxa967TSlCAz,Medical,0,F,0,0
50,f3F1j8SbZZZIR/7Y9r8XUS2JwH4JNnU9zxa967TSlCAz,Medical,0,F,0,0
100,f3F1j8SbZZZIR/7Y9r8XUS2JwH4JNnU9zxa967TSlCAz,Medical,0,M,0,0
50,f3F1j8SbZZZIR/7Y9r8XUS2JwH4JNnU9zxa967TSlCAz,Medical,0,F,0,0
50,f3F1j8SbZZZIR/7Y9r8XUS2JwH4JNnU9zxa967TSlCAz,Medical,0,F,0,0
25,f3F1j8SbZZZIR/7Y9r8XUS2JwH4JNnU9zxa967TSlCAz,Medical,0,F,0,0
50,f3F1j8SbZZZIR/7Y9r8XUS2JwH4JNnU9zxa967TSlCAz,Medical,0,F,0,0
50,f3F1j8SbZZZIR/7Y9r8XUS2JwH4JNnU9zxa967TSlCAz,Medical,0,F,0,0
100,f3F1j8SbZZZIR/7Y9r8XUS2JwH4JNnU9zxa967TSlCAz,Medical,0,F,0,0
100,f3F1j8SbZZZIR/7Y9r8XUS2JwH4JNnU9zxa967TSlCAz,Medical,0,F,0,0
50,f3F1j8SbZZZIR/7Y9r8XUS2JwH4JNnU9zxa967TSlCAz,Medical,0,F,0,0
50,f3F1j8SbZZZIR/7Y9r8XUS2JwH4JNnU9zxa967TSlCAz,Medical,0,F,0,0
50,f3F1j8SbZZZIR/7Y9r8XUS2JwH4JNnU9zxa967TSlCAz,Medical,0,NA,0,0
100,f3F1j8SbZZZIR/7Y9r8XUS2JwH4JNnU9zxa967TSlCAz,Medical,0,F,0,0
50,f3F1j8SbZZZIR/7Y9r8XUS2JwH4JNnU9zxa967TSlCAz,Medical,0,F,0,0
100,f3F1j8SbZZZIR/7Y9r8XUS2JwH4JNnU9zxa967TSlCAz,Medical,0,M,0,0
250,f3F1j8SbZZZIR/7Y9r8XUS2JwH4JNnU9zxa967TSlCAz,Medical,0,M,0,0
25,f3F1j8SbZZZIR/7Y9r8XUS2JwH4JNnU9zxa967TSlCAz,Medical,0,F,0,0
100,f3F1j8SbZZZIR/7Y9r8XUS2JwH4JNnU9zxa967TSlCAz,Medical,0,M,0,0
50,f3F1j8SbZZZIR/7Y9r8XUS2JwH4JNnU9zxa967TSlCAz,Medical,0,NA,0,0
100,f3F1j8SbZZZIR/7Y9r8XUS2JwH4JNnU9zxa967TSlCAz,Medical,0,F,0,0
200,f3F1j8SbZZZIR/7Y9r8XUS2JwH4JNnU9zxa967TSlCAz,Medical,1,NA,0,0
100,f3F1j8SbZZZIR/7Y9r8XUS2JwH4JNnU9zxa967TSlCAz,Medical,0,F,0,0
100,f3F1j8SbZZZIR/7Y9r8XUS2JwH4JNnU9zxa967TSlCAz,Medical,0,F,0,0
100,f3F1j8SbZZZIR/7Y9r8XUS2JwH4JNnU9zxa967TSlCAz,Medical,0,NA,0,0
50,f3F1j8SbZZZIR/7Y9r8XUS2JwH4JNnU9zxa967TSlCAz,Medical,0,F,0,0
50,f3F1j8SbZZZIR/7Y9r8XUS2JwH4JNnU9zxa967TSlCAz,Medical,0,M,0,0
100,f3F1j8SbZZZIR/7Y9r8XUS2JwH4JNnU9zxa967TSlCAz,Medical,0,F,0,0
200,f3F1j8SbZZZIR/7Y9r8XUS2JwH4JNnU9zxa967TSlCAz,Medical,0,M,0,0
100,f3F1j8SbZZZIR/7Y9r8XUS2JwH4JNnU9zxa967TSlCAz,Medical,0,F,0,0
100,f3F1j8SbZZZIR/7Y9r8XUS2JwH4JNnU9zxa967TSlCAz,Medical,0,NA,0,0
50,f3F1j8SbZZZIR/7Y9r8XUS2JwH4JNnU9zxa967TSlCAz,Medical,0,F,0,0
100,f3F1j8SbZZZIR/7Y9r8XUS2JwH4JNnU9zxa967TSlCAz,Medical,0,F,0,0
100,f3F1j8SbZZZIR/7Y9r8XUS2JwH4JNnU9zxa967TSlCAz,Medical,0,NA,0,0
100,f3F1j8SbZZZIR/7Y9r8XUS2JwH4JNnU9zxa967TSlCAz,Medical,0,M,0,0
50,f3F1j8SbZZZIR/7Y9r8XUS2JwH4JNnU9zxa967TSlCAz,Medical,0,NA,0,0
20,f3F1j8SbZZZIR/7Y9r8XUS2JwH4JNnU9zxa967TSlCAz,Medical,0,F,0,0
50,f3F1j8SbZZZIR/7Y9r8XUS2JwH4JNnU9zxa967TSlCAz,Medical,0,F,0,0
100,f3F1j8SbZZZIR/7Y9r8XUS2JwH4JNnU9zxa967TSlCAz,Medical,0,NA,0,0
100,f3F1j8SbZZZIR/7Y9r8XUS2JwH4JNnU9zxa967TSlCAz,Medical,0,F,0,0
50,f3F1j8SbZZZIR/7Y9r8XUS2JwH4JNnU9zxa967TSlCAz,Medical,0,F,0,0
25,f3F1j8SbZZZIR/7Y9r8XUS2JwH4JNnU9zxa967TSlCAz,Medical,0,F,0,0
50,f3F1j8SbZZZIR/7Y9r8XUS2JwH4JNnU9zxa967TSlCAz,Medical,0,M,0,0
25,f3F1j8SbZZZIR/7Y9r8XUS2JwH4JNnU9zxa967TSlCAz,Medical,0,F,0,0
50,f3F1j8SbZZZIR/7Y9r8XUS2JwH4JNnU9zxa967TSlCAz,Medical,0,F,0,0
25,f3F1j8SbZZZIR/7Y9r8XUS2JwH4JNnU9zxa967TSlCAz,Medical,0,F,0,0
25,f3F1j8SbZZZIR/7Y9r8XUS2JwH4JNnU9zxa967TSlCAz,Medical,1,NA,0,0
200,f3F1j8SbZZZIR/7Y9r8XUS2JwH4JNnU9zxa967TSlCAz,Medical,0,NA,0,0
100,f3F1j8SbZZZIR/7Y9r8XUS2JwH4JNnU9zxa967TSlCAz,Medical,0,F,0,0
100,f3F1j8SbZZZIR/7Y9r8XUS2JwH4JNnU9zxa967TSlCAz,Medical,0,F,0,0
25,f3F1j8SbZZZIR/7Y9r8XUS2JwH4JNnU9zxa967TSlCAz,Medical,0,F,0,0
200,f3F1j8SbZZZIR/7Y9r8XUS2JwH4JNnU9zxa967TSlCAz,Medical,0,F,0,0
100,f3F1j8SbZZZIR/7Y9r8XUS2JwH4JNnU9zxa967TSlCAz,Medical,0,F,0,0
25,f3F1j8SbZZZIR/7Y9r8XUS2JwH4JNnU9zxa967TSlCAz,Medical,0,F,0,0
50,f3F1j8SbZZZIR/7Y9r8XUS2JwH4JNnU9zxa967TSlCAz,Medical,0,F,0,0
25,f3F1j8SbZZZIR/7Y9r8XUS2JwH4JNnU9zxa967TSlCAz,Medical,0,F,0,0
100,f3F1j8SbZZZIR/7Y9r8XUS2JwH4JNnU9zxa967TSlCAz,Medical,0,NA,0,0
50,f3F1j8SbZZZIR/7Y9r8XUS2JwH4JNnU9zxa967TSlCAz,Medical,0,F,0,0
50,f3F1j8SbZZZIR/7Y9r8XUS2JwH4JNnU9zxa967TSlCAz,Medical,0,F,0,0
200,f3F1j8SbZZZIR/7Y9r8XUS2JwH4JNnU9zxa967TSlCAz,Medical,0,NA,0,0
100,f3F1j8SbZZZIR/7Y9r8XUS2JwH4JNnU9zxa967TSlCAz,Medical,0,NA,0,0
100,f3F1j8SbZZZIR/7Y9r8XUS2JwH4JNnU9zxa967TSlCAz,Medical,0,F,0,0
50,f3F1j8SbZZZIR/7Y9r8XUS2JwH4JNnU9zxa967TSlCAz,Medical,0,F,0,0
100,f3F1j8SbZZZIR/7Y9r8XUS2JwH4JNnU9zxa967TSlCAz,Medical,0,F,0,0
100,f3F1j8SbZZZIR/7Y9r8XUS2JwH4JNnU9zxa967TSlCAz,Medical,0,F,0,0
100,f3F1j8SbZZZIR/7Y9r8XUS2JwH4JNnU9zxa967TSlCAz,Medical,0,M,0,0
100,f3F1j8SbZZZIR/7Y9r8XUS2JwH4JNnU9zxa967TSlCAz,Medical,0,F,0,0
100,f3F1j8SbZZZIR/7Y9r8XUS2JwH4JNnU9zxa967TSlCAz,Medical,0,F,0,0
1000,f3F1j8SbZZZIR/7Y9r8XUS2JwH4JNnU9zxa967TSlCAz,Medical,0,F,0,0
100,f3F1j8SbZZZIR/7Y9r8XUS2JwH4JNnU9zxa967TSlCAz,Medical,0,F,0,0
100,f3F1j8SbZZZIR/7Y9r8XUS2JwH4JNnU9zxa967TSlCAz,Medical,0,F,0,0
100,f3F1j8SbZZZIR/7Y9r8XUS2JwH4JNnU9zxa967TSlCAz,Medical,0,F,0,0
200,f3F1j8SbZZZIR/7Y9r8XUS2JwH4JNnU9zxa967TSlCAz,Medical,0,F,0,0
500,f3F1j8SbZZZIR/7Y9r8XUS2JwH4JNnU9zxa967TSlCAz,Medical,1,NA,0,0
20,LZgk5t0A1Q8uDu2Z+pdu0C2Uk28UDG0w4h6l/abPiQMafw==,Charity,0,NA,0,0
20,LZgk5t0A1Q8uDu2Z+pdu0C2Uk28UDG0w4h6l/abPiQMafw==,Charity,1,NA,0,0
20,LZgk5t0A1Q8uDu2Z+pdu0C2Uk28UDG0w4h6l/abPiQMafw==,Charity,0,F,0,0
70,LZgk5t0A1Q8uDu2Z+pdu0C2Uk28UDG0w4h6l/abPiQMafw==,Charity,0,NA,0,0
20,LZgk5t0A1Q8uDu2Z+pdu0C2Uk28UDG0w4h6l/abPiQMafw==,Charity,0,NA,0,0
30,LZgk5t0A1Q8uDu2Z+pdu0C2Uk28UDG0w4h6l/abPiQMafw==,Charity,0,F,0,0
20,LZgk5t0A1Q8uDu2Z+pdu0C2Uk28UDG0w4h6l/abPiQMafw==,Charity,0,F,0,0
20,LZgk5t0A1Q8uDu2Z+pdu0C2Uk28UDG0w4h6l/abPiQMafw==,Charity,0,F,0,0
30,LZgk5t0A1Q8uDu2Z+pdu0C2Uk28UDG0w4h6l/abPiQMafw==,Charity,0,F,0,0
50,LZgk5t0A1Q8uDu2Z+pdu0C2Uk28UDG0w4h6l/abPiQMafw==,Charity,0,F,0,0
50,LZgk5t0A1Q8uDu2Z+pdu0C2Uk28UDG0w4h6l/abPiQMafw==,Charity,0,M,0,0
10,LZgk5t0A1Q8uDu2Z+pdu0C2Uk28UDG0w4h6l/abPiQMafw==,Charity,0,F,0,0
20,LZgk5t0A1Q8uDu2Z+pdu0C2Uk28UDG0w4h6l/abPiQMafw==,Charity,0,F,0,0
10,LZgk5t0A1Q8uDu2Z+pdu0C2Uk28UDG0w4h6l/abPiQMafw==,Charity,0,F,0,0
20,LZgk5t0A1Q8uDu2Z+pdu0C2Uk28UDG0w4h6l/abPiQMafw==,Charity,0,F,0,0
10,LZgk5t0A1Q8uDu2Z+pdu0C2Uk28UDG0w4h6l/abPiQMafw==,Charity,0,F,0,0
20,LZgk5t0A1Q8uDu2Z+pdu0C2Uk28UDG0w4h6l/abPiQMafw==,Charity,0,NA,0,0
20,LZgk5t0A1Q8uDu2Z+pdu0C2Uk28UDG0w4h6l/abPiQMafw==,Charity,0,F,0,0
20,LZgk5t0A1Q8uDu2Z+pdu0C2Uk28UDG0w4h6l/abPiQMafw==,Charity,1,NA,0,0
20,LZgk5t0A1Q8uDu2Z+pdu0C2Uk28UDG0w4h6l/abPiQMafw==,Charity,0,NA,0,0
20,LZgk5t0A1Q8uDu2Z+pdu0C2Uk28UDG0w4h6l/abPiQMafw==,Charity,0,F,0,0
20,LZgk5t0A1Q8uDu2Z+pdu0C2Uk28UDG0w4h6l/abPiQMafw==,Charity,0,F,0,0
20,LZgk5t0A1Q8uDu2Z+pdu0C2Uk28UDG0w4h6l/abPiQMafw==,Charity,0,F,0,0
50,LZgk5t0A1Q8uDu2Z+pdu0C2Uk28UDG0w4h6l/abPiQMafw==,Charity,0,F,0,0
50,LZgk5t0A1Q8uDu2Z+pdu0C2Uk28UDG0w4h6l/abPiQMafw==,Charity,0,F,0,0
15,LZgk5t0A1Q8uDu2Z+pdu0C2Uk28UDG0w4h6l/abPiQMafw==,Charity,0,NA,0,0
20,LZgk5t0A1Q8uDu2Z+pdu0C2Uk28UDG0w4h6l/abPiQMafw==,Charity,0,F,0,0
30,LZgk5t0A1Q8uDu2Z+pdu0C2Uk28UDG0w4h6l/abPiQMafw==,Charity,0,F,0,0
20,LZgk5t0A1Q8uDu2Z+pdu0C2Uk28UDG0w4h6l/abPiQMafw==,Charity,0,F,0,0
50,LZgk5t0A1Q8uDu2Z+pdu0C2Uk28UDG0w4h6l/abPiQMafw==,Charity,0,F,0,0
20,LZgk5t0A1Q8uDu2Z+pdu0C2Uk28UDG0w4h6l/abPiQMafw==,Charity,0,F,0,0
100,LZgk5t0A1Q8uDu2Z+pdu0C2Uk28UDG0w4h6l/abPiQMafw==,Charity,0,F,0,0
50,LZgk5t0A1Q8uDu2Z+pdu0C2Uk28UDG0w4h6l/abPiQMafw==,Charity,0,F,0,0
30,LZgk5t0A1Q8uDu2Z+pdu0C2Uk28UDG0w4h6l/abPiQMafw==,Charity,0,F,0,0
20,LZgk5t0A1Q8uDu2Z+pdu0C2Uk28UDG0w4h6l/abPiQMafw==,Charity,0,F,0,0
500,LZgk5t0A1Q8uDu2Z+pdu0C2Uk28UDG0w4h6l/abPiQMafw==,Charity,0,NA,0,0
50,LZgk5t0A1Q8uDu2Z+pdu0C2Uk28UDG0w4h6l/abPiQMafw==,Charity,0,M,0,0
100,LZgk5t0A1Q8uDu2Z+pdu0C2Uk28UDG0w4h6l/abPiQMafw==,Charity,0,M,0,0
20,LZgk5t0A1Q8uDu2Z+pdu0C2Uk28UDG0w4h6l/abPiQMafw==,Charity,0,F,0,0
20,LZgk5t0A1Q8uDu2Z+pdu0C2Uk28UDG0w4h6l/abPiQMafw==,Charity,0,F,0,0
50,LZgk5t0A1Q8uDu2Z+pdu0C2Uk28UDG0w4h6l/abPiQMafw==,Charity,0,F,0,0
50,LZgk5t0A1Q8uDu2Z+pdu0C2Uk28UDG0w4h6l/abPiQMafw==,Charity,0,F,0,0
100,AeAukGLF5zDZgCcEzt5Hbi2UkiYdMHQNwxWx8aU=,Charity,0,M,0,0
50,AeAukGLF5zDZgCcEzt5Hbi2UkiYdMHQNwxWx8aU=,Charity,0,F,0,0
100,OFlUnOcQnvBHP/dMdTJoLi2U0HkOK3QsxxS7/aPVmio7SQ==,Emergencies,0,M,NA,0
100,OFlUnOcQnvBHP/dMdTJoLi2U0HkOK3QsxxS7/aPVmio7SQ==,Emergencies,0,NA,NA,0
100,OFlUnOcQnvBHP/dMdTJoLi2U0HkOK3QsxxS7/aPVmio7SQ==,Emergencies,0,M,NA,0
50,OFlUnOcQnvBHP/dMdTJoLi2U0HkOK3QsxxS7/aPVmio7SQ==,Emergencies,0,NA,NA,0
50,OFlUnOcQnvBHP/dMdTJoLi2U0HkOK3QsxxS7/aPVmio7SQ==,Emergencies,0,F,NA,0
100,OFlUnOcQnvBHP/dMdTJoLi2U0HkOK3QsxxS7/aPVmio7SQ==,Emergencies,1,NA,NA,0
30,1u3eGzYN1wTo07kzC8v6GS2U9l4eMmM99Ri17KLBlyI=,Sports,0,F,0,0
10,1u3eGzYN1wTo07kzC8v6GS2U9l4eMmM99Ri17KLBlyI=,Sports,0,F,0,0
25,1u3eGzYN1wTo07kzC8v6GS2U9l4eMmM99Ri17KLBlyI=,Sports,0,F,0,0
20,1u3eGzYN1wTo07kzC8v6GS2U9l4eMmM99Ri17KLBlyI=,Sports,0,M,0,0
30,1u3eGzYN1wTo07kzC8v6GS2U9l4eMmM99Ri17KLBlyI=,Sports,0,F,0,0
20,1u3eGzYN1wTo07kzC8v6GS2U9l4eMmM99Ri17KLBlyI=,Sports,0,F,0,0
10,1u3eGzYN1wTo07kzC8v6GS2U9l4eMmM99Ri17KLBlyI=,Sports,0,F,0,0
30,1u3eGzYN1wTo07kzC8v6GS2U9l4eMmM99Ri17KLBlyI=,Sports,0,F,0,0
20,1u3eGzYN1wTo07kzC8v6GS2U9l4eMmM99Ri17KLBlyI=,Sports,0,M,0,0
50,1u3eGzYN1wTo07kzC8v6GS2U9l4eMmM99Ri17KLBlyI=,Sports,0,F,0,0
20,1u3eGzYN1wTo07kzC8v6GS2U9l4eMmM99Ri17KLBlyI=,Sports,0,F,0,0
30,1u3eGzYN1wTo07kzC8v6GS2U9l4eMmM99Ri17KLBlyI=,Sports,0,F,0,0
10,1u3eGzYN1wTo07kzC8v6GS2U9l4eMmM99Ri17KLBlyI=,Sports,1,NA,0,0
20,g30Mcd7ggpygLWdYo5xHnC2V2WQUNA==,Business,0,F,0,0
50,g30Mcd7ggpygLWdYo5xHnC2V2WQUNA==,Business,0,NA,0,0
20,g30Mcd7ggpygLWdYo5xHnC2V2WQUNA==,Business,0,NA,0,0
50,g30Mcd7ggpygLWdYo5xHnC2V2WQUNA==,Business,0,F,0,0
15,g30Mcd7ggpygLWdYo5xHnC2V2WQUNA==,Business,0,NA,0,0
50,#NAME?,Family,0,F,0,0
50,#NAME?,Family,0,M,0,0
50,#NAME?,Family,0,F,0,0
75,#NAME?,Family,0,F,0,0
30,#NAME?,Family,0,F,0,0
25,#NAME?,Family,0,M,1,0
50,#NAME?,Family,0,NA,0,0
25,#NAME?,Family,0,F,0,0
50,#NAME?,Family,0,M,0,0
50,#NAME?,Family,0,M,0,0
50,#NAME?,Family,1,NA,0,0
50,#NAME?,Family,0,M,0,0
150,#NAME?,Family,0,F,0,0
50,#NAME?,Family,0,F,0,0
10,#NAME?,Family,0,NA,0,0
100,#NAME?,Family,1,NA,0,0
50,#NAME?,Family,0,F,0,0
100,BWMx1cofZa8o9dX8Td8GCS2Wy3kOLUcF9QWm9g==,Charity,0,M,0,0
100,BWMx1cofZa8o9dX8Td8GCS2Wy3kOLUcF9QWm9g==,Charity,0,M,0,0
50,BWMx1cofZa8o9dX8Td8GCS2Wy3kOLUcF9QWm9g==,Charity,0,M,0,0
100,BWMx1cofZa8o9dX8Td8GCS2Wy3kOLUcF9QWm9g==,Charity,0,F,0,0
50,BWMx1cofZa8o9dX8Td8GCS2Wy3kOLUcF9QWm9g==,Charity,0,M,0,0
50,BWMx1cofZa8o9dX8Td8GCS2Wy3kOLUcF9QWm9g==,Charity,0,M,0,0
100,BWMx1cofZa8o9dX8Td8GCS2Wy3kOLUcF9QWm9g==,Charity,0,M,0,0
100,BWMx1cofZa8o9dX8Td8GCS2Wy3kOLUcF9QWm9g==,Charity,0,F,0,0
50,BWMx1cofZa8o9dX8Td8GCS2Wy3kOLUcF9QWm9g==,Charity,0,F,0,0
20,BWMx1cofZa8o9dX8Td8GCS2Wy3kOLUcF9QWm9g==,Charity,0,F,0,0
100,BWMx1cofZa8o9dX8Td8GCS2Wy3kOLUcF9QWm9g==,Charity,0,F,0,0
40,BWMx1cofZa8o9dX8Td8GCS2Wy3kOLUcF9QWm9g==,Charity,0,F,0,0
50,BWMx1cofZa8o9dX8Td8GCS2Wy3kOLUcF9QWm9g==,Charity,0,F,0,0
25,BWMx1cofZa8o9dX8Td8GCS2Wy3kOLUcF9QWm9g==,Charity,0,F,0,0
50,BWMx1cofZa8o9dX8Td8GCS2Wy3kOLUcF9QWm9g==,Charity,0,NA,0,0
50,BWMx1cofZa8o9dX8Td8GCS2Wy3kOLUcF9QWm9g==,Charity,0,F,0,0
100,jFCSDjg+U/5kAMGwQ7opBy2W1kYaK3QgyQOg,Sports,0,NA,0,0
20,jFCSDjg+U/5kAMGwQ7opBy2W1kYaK3QgyQOg,Sports,0,M,0,0
50,jFCSDjg+U/5kAMGwQ7opBy2W1kYaK3QgyQOg,Sports,0,F,0,0
200,jFCSDjg+U/5kAMGwQ7opBy2W1kYaK3QgyQOg,Sports,0,F,0,0
50,jFCSDjg+U/5kAMGwQ7opBy2W1kYaK3QgyQOg,Sports,0,F,0,0
50,jFCSDjg+U/5kAMGwQ7opBy2W1kYaK3QgyQOg,Sports,0,F,0,0
50,jFCSDjg+U/5kAMGwQ7opBy2W1kYaK3QgyQOg,Sports,0,F,0,0
20,jFCSDjg+U/5kAMGwQ7opBy2W1kYaK3QgyQOg,Sports,0,F,0,0
50,jFCSDjg+U/5kAMGwQ7opBy2W1kYaK3QgyQOg,Sports,0,F,0,0
50,jFCSDjg+U/5kAMGwQ7opBy2W1kYaK3QgyQOg,Sports,0,F,0,0
25,jFCSDjg+U/5kAMGwQ7opBy2W1kYaK3QgyQOg,Sports,1,NA,0,0
100,jFCSDjg+U/5kAMGwQ7opBy2W1kYaK3QgyQOg,Sports,0,M,0,0
10,jFCSDjg+U/5kAMGwQ7opBy2W1kYaK3QgyQOg,Sports,0,F,0,0
50,jFCSDjg+U/5kAMGwQ7opBy2W1kYaK3QgyQOg,Sports,0,NA,0,0
100,jFCSDjg+U/5kAMGwQ7opBy2W1kYaK3QgyQOg,Sports,0,NA,0,0
25,jFCSDjg+U/5kAMGwQ7opBy2W1kYaK3QgyQOg,Sports,0,NA,0,0
25,jFCSDjg+U/5kAMGwQ7opBy2W1kYaK3QgyQOg,Sports,0,F,0,0
25,jFCSDjg+U/5kAMGwQ7opBy2W1kYaK3QgyQOg,Sports,0,F,0,0
20,jFCSDjg+U/5kAMGwQ7opBy2W1kYaK3QgyQOg,Sports,0,F,0,0
20,jFCSDjg+U/5kAMGwQ7opBy2W1kYaK3QgyQOg,Sports,0,M,0,0
25,jFCSDjg+U/5kAMGwQ7opBy2W1kYaK3QgyQOg,Sports,0,F,0,0
50,jFCSDjg+U/5kAMGwQ7opBy2W1kYaK3QgyQOg,Sports,0,NA,0,0
50,jFCSDjg+U/5kAMGwQ7opBy2W1kYaK3QgyQOg,Sports,0,F,0,0
50,jFCSDjg+U/5kAMGwQ7opBy2W1kYaK3QgyQOg,Sports,0,M,0,0
15,jFCSDjg+U/5kAMGwQ7opBy2W1kYaK3QgyQOg,Sports,0,F,0,0
50,jFCSDjg+U/5kAMGwQ7opBy2W1kYaK3QgyQOg,Sports,0,M,0,0
100,jFCSDjg+U/5kAMGwQ7opBy2W1kYaK3QgyQOg,Sports,0,M,0,0
25,jFCSDjg+U/5kAMGwQ7opBy2W1kYaK3QgyQOg,Sports,0,M,0,0
20,jFCSDjg+U/5kAMGwQ7opBy2W1kYaK3QgyQOg,Sports,0,M,1,0
25,jFCSDjg+U/5kAMGwQ7opBy2W1kYaK3QgyQOg,Sports,1,NA,0,0
20,jFCSDjg+U/5kAMGwQ7opBy2W1kYaK3QgyQOg,Sports,0,M,0,0
50,LRw8ddNpgB5ADHnyqIwluy2XllUXPnU6zxThqPGW,Charity,0,F,0,0
20,LRw8ddNpgB5ADHnyqIwluy2XllUXPnU6zxThqPGW,Charity,0,F,0,0
40,LRw8ddNpgB5ADHnyqIwluy2XllUXPnU6zxThqPGW,Charity,0,M,0,0
50,LRw8ddNpgB5ADHnyqIwluy2XllUXPnU6zxThqPGW,Charity,1,NA,0,0
20,LRw8ddNpgB5ADHnyqIwluy2XllUXPnU6zxThqPGW,Charity,0,F,0,0
50,LRw8ddNpgB5ADHnyqIwluy2XllUXPnU6zxThqPGW,Charity,0,F,0,0
40,LRw8ddNpgB5ADHnyqIwluy2XllUXPnU6zxThqPGW,Charity,0,F,0,0
50,LRw8ddNpgB5ADHnyqIwluy2XllUXPnU6zxThqPGW,Charity,0,M,0,0
50,LRw8ddNpgB5ADHnyqIwluy2XllUXPnU6zxThqPGW,Charity,0,F,0,0
50,LRw8ddNpgB5ADHnyqIwluy2XllUXPnU6zxThqPGW,Charity,0,NA,0,0
50,LRw8ddNpgB5ADHnyqIwluy2XllUXPnU6zxThqPGW,Charity,0,NA,1,0
25,LRw8ddNpgB5ADHnyqIwluy2XllUXPnU6zxThqPGW,Charity,0,F,1,0
50,LRw8ddNpgB5ADHnyqIwluy2XllUXPnU6zxThqPGW,Charity,0,F,0,0
50,LRw8ddNpgB5ADHnyqIwluy2XllUXPnU6zxThqPGW,Charity,0,NA,0,0
50,sWkmHM5jrSlfsN5RCa5t8i2Q1nIaMW8oxBKy6rM=,Sports,0,NA,0,0
10,sWkmHM5jrSlfsN5RCa5t8i2Q1nIaMW8oxBKy6rM=,Sports,0,F,0,0
235,C5T68mOP5koFQcEAbfrz4S3FkiMVZw==,Volunteer,0,M,0,0
5,C5T68mOP5koFQcEAbfrz4S3FkiMVZw==,Volunteer,0,F,0,0
199,C5T68mOP5koFQcEAbfrz4S3FkiMVZw==,Volunteer,0,NA,0,0
200,C5T68mOP5koFQcEAbfrz4S3FkiMVZw==,Volunteer,0,F,0,0
235,C5T68mOP5koFQcEAbfrz4S3FkiMVZw==,Volunteer,0,F,0,0
350,C5T68mOP5koFQcEAbfrz4S3FkiMVZw==,Volunteer,0,NA,0,0
200,C5T68mOP5koFQcEAbfrz4S3FkiMVZw==,Volunteer,0,F,0,0
235,C5T68mOP5koFQcEAbfrz4S3FkiMVZw==,Volunteer,0,M,0,0
200,C5T68mOP5koFQcEAbfrz4S3FkiMVZw==,Volunteer,0,F,0,0
320,C5T68mOP5koFQcEAbfrz4S3FkiMVZw==,Volunteer,0,NA,0,0
125,C5T68mOP5koFQcEAbfrz4S3FkiMVZw==,Volunteer,1,NA,0,0
335,C5T68mOP5koFQcEAbfrz4S3FkiMVZw==,Volunteer,0,M,0,0
400,C5T68mOP5koFQcEAbfrz4S3FkiMVZw==,Volunteer,0,NA,0,0
250,C5T68mOP5koFQcEAbfrz4S3FkiMVZw==,Volunteer,0,F,0,0
335,C5T68mOP5koFQcEAbfrz4S3FkiMVZw==,Volunteer,0,F,0,0
335,C5T68mOP5koFQcEAbfrz4S3FkiMVZw==,Volunteer,0,F,0,0
235,C5T68mOP5koFQcEAbfrz4S3FkiMVZw==,Volunteer,0,F,0,0
235,C5T68mOP5koFQcEAbfrz4S3FkiMVZw==,Volunteer,0,NA,0,0
235,C5T68mOP5koFQcEAbfrz4S3FkiMVZw==,Volunteer,0,F,0,0
20,C5T68mOP5koFQcEAbfrz4S3FkiMVZw==,Volunteer,0,M,0,0
10,C5T68mOP5koFQcEAbfrz4S3FkiMVZw==,Volunteer,0,F,0,0
10,C5T68mOP5koFQcEAbfrz4S3FkiMVZw==,Volunteer,0,NA,0,0
15,C5T68mOP5koFQcEAbfrz4S3FkiMVZw==,Volunteer,0,F,0,0
10,C5T68mOP5koFQcEAbfrz4S3FkiMVZw==,Volunteer,0,M,0,0
10,C5T68mOP5koFQcEAbfrz4S3FkiMVZw==,Volunteer,0,NA,0,0
10,C5T68mOP5koFQcEAbfrz4S3FkiMVZw==,Volunteer,0,NA,0,0
50,C5T68mOP5koFQcEAbfrz4S3FkiMVZw==,Volunteer,0,F,0,0
75,C5T68mOP5koFQcEAbfrz4S3FkiMVZw==,Volunteer,0,F,0,0
100,C5T68mOP5koFQcEAbfrz4S3FkiMVZw==,Volunteer,0,F,0,0
100,C5T68mOP5koFQcEAbfrz4S3FkiMVZw==,Volunteer,0,F,0,0
255,C5T68mOP5koFQcEAbfrz4S3FkiMVZw==,Volunteer,0,F,0,0
100,C5T68mOP5koFQcEAbfrz4S3FkiMVZw==,Volunteer,0,M,0,0
150,C5T68mOP5koFQcEAbfrz4S3FkiMVZw==,Volunteer,0,F,0,0
10,C5T68mOP5koFQcEAbfrz4S3FkiMVZw==,Volunteer,0,F,0,0
30,C5T68mOP5koFQcEAbfrz4S3FkiMVZw==,Volunteer,0,M,0,0
15,C5T68mOP5koFQcEAbfrz4S3FkiMVZw==,Volunteer,0,NA,0,0
15,C5T68mOP5koFQcEAbfrz4S3FkiMVZw==,Volunteer,0,F,0,0
5,C5T68mOP5koFQcEAbfrz4S3FkiMVZw==,Volunteer,0,NA,0,0
15,C5T68mOP5koFQcEAbfrz4S3FkiMVZw==,Volunteer,0,NA,0,0
40,C5T68mOP5koFQcEAbfrz4S3FkiMVZw==,Volunteer,0,M,0,0
5,C5T68mOP5koFQcEAbfrz4S3FkiMVZw==,Volunteer,0,F,0,0
25,C5T68mOP5koFQcEAbfrz4S3FkiMVZw==,Volunteer,0,M,0,0
50,C5T68mOP5koFQcEAbfrz4S3FkiMVZw==,Volunteer,0,F,0,0
100,C5T68mOP5koFQcEAbfrz4S3FkiMVZw==,Volunteer,0,F,0,0
35,C5T68mOP5koFQcEAbfrz4S3FkiMVZw==,Volunteer,0,F,0,0
10,C5T68mOP5koFQcEAbfrz4S3FkiMVZw==,Volunteer,0,F,0,0
100,C5T68mOP5koFQcEAbfrz4S3FkiMVZw==,Volunteer,0,NA,0,0
5,C5T68mOP5koFQcEAbfrz4S3FkiMVZw==,Volunteer,0,NA,0,0
20,C5T68mOP5koFQcEAbfrz4S3FkiMVZw==,Volunteer,0,F,0,0
10,C5T68mOP5koFQcEAbfrz4S3FkiMVZw==,Volunteer,0,F,0,0
35,C5T68mOP5koFQcEAbfrz4S3FkiMVZw==,Volunteer,0,NA,0,0
150,C5T68mOP5koFQcEAbfrz4S3FkiMVZw==,Volunteer,0,F,0,0
100,C5T68mOP5koFQcEAbfrz4S3FkiMVZw==,Volunteer,1,NA,0,0
100,C5T68mOP5koFQcEAbfrz4S3FkiMVZw==,Volunteer,0,M,0,0
100,adrFStm0rzs3Nz5Nccxhcy3FyHwXLA==,Business,0,NA,0,0
100,adrFStm0rzs3Nz5Nccxhcy3FyHwXLA==,Business,0,NA,0,0
200,adrFStm0rzs3Nz5Nccxhcy3FyHwXLA==,Business,0,NA,0,0
100,adrFStm0rzs3Nz5Nccxhcy3FyHwXLA==,Business,0,NA,0,0
100,adrFStm0rzs3Nz5Nccxhcy3FyHwXLA==,Business,0,NA,0,0
200,adrFStm0rzs3Nz5Nccxhcy3FyHwXLA==,Business,0,NA,0,0
50,adrFStm0rzs3Nz5Nccxhcy3FyHwXLA==,Business,0,NA,0,0
100,adrFStm0rzs3Nz5Nccxhcy3FyHwXLA==,Business,0,NA,0,0
100,adrFStm0rzs3Nz5Nccxhcy3FyHwXLA==,Business,0,M,0,0
100,adrFStm0rzs3Nz5Nccxhcy3FyHwXLA==,Business,0,NA,0,0
75,adrFStm0rzs3Nz5Nccxhcy3FyHwXLA==,Business,0,F,0,0
100,adrFStm0rzs3Nz5Nccxhcy3FyHwXLA==,Business,0,NA,0,0
15,adrFStm0rzs3Nz5Nccxhcy3FyHwXLA==,Business,0,F,0,0
25,adrFStm0rzs3Nz5Nccxhcy3FyHwXLA==,Business,0,NA,0,0
200,ZKJ7VfhGkFkjt7ILGmBLgy3GxX8JLHIgwwQ=,Events,0,M,0,0
25,ZKJ7VfhGkFkjt7ILGmBLgy3GxX8JLHIgwwQ=,Events,0,F,0,0
20,ZKJ7VfhGkFkjt7ILGmBLgy3GxX8JLHIgwwQ=,Events,0,F,0,0
20,ZKJ7VfhGkFkjt7ILGmBLgy3GxX8JLHIgwwQ=,Events,0,F,0,0
75,ZKJ7VfhGkFkjt7ILGmBLgy3GxX8JLHIgwwQ=,Events,0,M,0,0
50,ZKJ7VfhGkFkjt7ILGmBLgy3GxX8JLHIgwwQ=,Events,1,NA,0,0
40,ZKJ7VfhGkFkjt7ILGmBLgy3GxX8JLHIgwwQ=,Events,1,NA,0,0
50,STcN7ftS7aJTqoqx01rciS3HlGQPLA==,Sandy,0,M,0,0
50,STcN7ftS7aJTqoqx01rciS3HlGQPLA==,Sandy,0,M,0,0
10,STcN7ftS7aJTqoqx01rciS3HlGQPLA==,Sandy,0,NA,0,0
100,STcN7ftS7aJTqoqx01rciS3HlGQPLA==,Sandy,0,F,0,0
25,STcN7ftS7aJTqoqx01rciS3HlGQPLA==,Sandy,0,M,0,0
100,STcN7ftS7aJTqoqx01rciS3HlGQPLA==,Sandy,1,NA,0,0
20,BwtIjtZEya+ShPCe/ftEQy3Hy38XO2Qo1QSy9KLVlg==,Creative,0,NA,0,0
20,BwtIjtZEya+ShPCe/ftEQy3Hy38XO2Qo1QSy9KLVlg==,Creative,0,F,0,0
150,BwtIjtZEya+ShPCe/ftEQy3Hy38XO2Qo1QSy9KLVlg==,Creative,0,F,0,0
25,BwtIjtZEya+ShPCe/ftEQy3Hy38XO2Qo1QSy9KLVlg==,Creative,0,NA,0,0
10,BwtIjtZEya+ShPCe/ftEQy3Hy38XO2Qo1QSy9KLVlg==,Creative,1,NA,0,0
20,BwtIjtZEya+ShPCe/ftEQy3Hy38XO2Qo1QSy9KLVlg==,Creative,0,NA,1,0
5,BwtIjtZEya+ShPCe/ftEQy3Hy38XO2Qo1QSy9KLVlg==,Creative,1,NA,0,0
20,BwtIjtZEya+ShPCe/ftEQy3Hy38XO2Qo1QSy9KLVlg==,Creative,1,NA,0,0
20,BwtIjtZEya+ShPCe/ftEQy3Hy38XO2Qo1QSy9KLVlg==,Creative,0,F,0,0
20,BwtIjtZEya+ShPCe/ftEQy3Hy38XO2Qo1QSy9KLVlg==,Creative,0,NA,0,0
50,BwtIjtZEya+ShPCe/ftEQy3Hy38XO2Qo1QSy9KLVlg==,Creative,0,M,0,0
20,BwtIjtZEya+ShPCe/ftEQy3Hy38XO2Qo1QSy9KLVlg==,Creative,0,M,0,0
20,BwtIjtZEya+ShPCe/ftEQy3Hy38XO2Qo1QSy9KLVlg==,Creative,0,M,0,0
30,BwtIjtZEya+ShPCe/ftEQy3Hy38XO2Qo1QSy9KLVlg==,Creative,0,M,0,0
30,BwtIjtZEya+ShPCe/ftEQy3Hy38XO2Qo1QSy9KLVlg==,Creative,1,NA,0,0
30,BwtIjtZEya+ShPCe/ftEQy3Hy38XO2Qo1QSy9KLVlg==,Creative,0,NA,0,0
20,BwtIjtZEya+ShPCe/ftEQy3Hy38XO2Qo1QSy9KLVlg==,Creative,0,M,0,0
2500,IhzvRH9Mmm+g8ThRzEg3ky3ClXECbw==,Sandy,0,NA,0,0
25,IhzvRH9Mmm+g8ThRzEg3ky3ClXECbw==,Sandy,0,F,0,0
20,IhzvRH9Mmm+g8ThRzEg3ky3ClXECbw==,Sandy,1,NA,0,0
100,IhzvRH9Mmm+g8ThRzEg3ky3ClXECbw==,Sandy,0,M,0,0
25,IhzvRH9Mmm+g8ThRzEg3ky3ClXECbw==,Sandy,0,F,0,0
10,IhzvRH9Mmm+g8ThRzEg3ky3ClXECbw==,Sandy,1,NA,0,0
20,IhzvRH9Mmm+g8ThRzEg3ky3ClXECbw==,Sandy,0,NA,0,0
25,IR9sZA/Jnp3diFAihZToJC3CwHBIMA==,Sandy,0,F,0,0
20,IR9sZA/Jnp3diFAihZToJC3CwHBIMA==,Sandy,0,F,0,0
20,IR9sZA/Jnp3diFAihZToJC3CwHBIMA==,Sandy,0,NA,0,0
100,IR9sZA/Jnp3diFAihZToJC3CwHBIMA==,Sandy,0,M,0,1
50,IR9sZA/Jnp3diFAihZToJC3CwHBIMA==,Sandy,1,NA,0,0
100,IR9sZA/Jnp3diFAihZToJC3CwHBIMA==,Sandy,1,NA,0,0
500,IR9sZA/Jnp3diFAihZToJC3CwHBIMA==,Sandy,0,NA,0,0
200,IR9sZA/Jnp3diFAihZToJC3CwHBIMA==,Sandy,0,F,0,1
5,IR9sZA/Jnp3diFAihZToJC3CwHBIMA==,Sandy,1,NA,0,0
25,IR9sZA/Jnp3diFAihZToJC3CwHBIMA==,Sandy,0,NA,0,0
20,IR9sZA/Jnp3diFAihZToJC3CwHBIMA==,Sandy,0,NA,0,0
20,IR9sZA/Jnp3diFAihZToJC3CwHBIMA==,Sandy,0,F,0,0
50,IR9sZA/Jnp3diFAihZToJC3CwHBIMA==,Sandy,0,F,0,1
10,IR9sZA/Jnp3diFAihZToJC3CwHBIMA==,Sandy,1,NA,0,0
30,IR9sZA/Jnp3diFAihZToJC3CwHBIMA==,Sandy,1,NA,0,0
20,IR9sZA/Jnp3diFAihZToJC3CwHBIMA==,Sandy,0,NA,0,0
20,IR9sZA/Jnp3diFAihZToJC3CwHBIMA==,Sandy,0,F,0,0
20,IR9sZA/Jnp3diFAihZToJC3CwHBIMA==,Sandy,0,NA,0,0
10,IR9sZA/Jnp3diFAihZToJC3CwHBIMA==,Sandy,0,NA,0,0
20,IR9sZA/Jnp3diFAihZToJC3CwHBIMA==,Sandy,0,F,0,0
40,IR9sZA/Jnp3diFAihZToJC3CwHBIMA==,Sandy,0,F,0,0
100,IR9sZA/Jnp3diFAihZToJC3CwHBIMA==,Sandy,1,NA,0,0
10,IR9sZA/Jnp3diFAihZToJC3CwHBIMA==,Sandy,0,F,0,0
20,IR9sZA/Jnp3diFAihZToJC3CwHBIMA==,Sandy,1,NA,0,0
20,IR9sZA/Jnp3diFAihZToJC3CwHBIMA==,Sandy,1,NA,0,0
25,IR9sZA/Jnp3diFAihZToJC3CwHBIMA==,Sandy,0,F,0,0
50,IR9sZA/Jnp3diFAihZToJC3CwHBIMA==,Sandy,0,F,0,0
25,IR9sZA/Jnp3diFAihZToJC3CwHBIMA==,Sandy,1,NA,0,0
50,IR9sZA/Jnp3diFAihZToJC3CwHBIMA==,Sandy,1,NA,0,0
10,IR9sZA/Jnp3diFAihZToJC3CwHBIMA==,Sandy,1,NA,0,0
100,IR9sZA/Jnp3diFAihZToJC3CwHBIMA==,Sandy,0,M,0,0
20,IR9sZA/Jnp3diFAihZToJC3CwHBIMA==,Sandy,1,NA,0,0
20,ShsFfZFYaH9dCAu+0/muBi3Cx28XZw==,Sandy,1,NA,0,0
20,ShsFfZFYaH9dCAu+0/muBi3Cx28XZw==,Sandy,0,NA,0,0
100,ShsFfZFYaH9dCAu+0/muBi3Cx28XZw==,Sandy,0,NA,0,0
20,ShsFfZFYaH9dCAu+0/muBi3Cx28XZw==,Sandy,0,M,0,0
50,ShsFfZFYaH9dCAu+0/muBi3Cx28XZw==,Sandy,0,NA,0,0
250,ShsFfZFYaH9dCAu+0/muBi3Cx28XZw==,Sandy,0,F,0,0
150,ShsFfZFYaH9dCAu+0/muBi3Cx28XZw==,Sandy,0,F,0,0
100,ShsFfZFYaH9dCAu+0/muBi3Cx28XZw==,Sandy,0,F,0,0
25,ShsFfZFYaH9dCAu+0/muBi3Cx28XZw==,Sandy,0,NA,0,0
80,ShsFfZFYaH9dCAu+0/muBi3Cx28XZw==,Sandy,0,NA,0,1
25,ShsFfZFYaH9dCAu+0/muBi3Cx28XZw==,Sandy,0,F,0,0
100,ShsFfZFYaH9dCAu+0/muBi3Cx28XZw==,Sandy,0,NA,0,0
200,ShsFfZFYaH9dCAu+0/muBi3Cx28XZw==,Sandy,0,M,0,0
100,ShsFfZFYaH9dCAu+0/muBi3Cx28XZw==,Sandy,0,F,0,0
25,ShsFfZFYaH9dCAu+0/muBi3Cx28XZw==,Sandy,0,M,0,0
5,ShsFfZFYaH9dCAu+0/muBi3Cx28XZw==,Sandy,1,NA,0,0
50,ShsFfZFYaH9dCAu+0/muBi3Cx28XZw==,Sandy,0,F,0,0
50,ShsFfZFYaH9dCAu+0/muBi3Cx28XZw==,Sandy,0,F,0,0
50,ShsFfZFYaH9dCAu+0/muBi3Cx28XZw==,Sandy,0,F,0,0
50,ShsFfZFYaH9dCAu+0/muBi3Cx28XZw==,Sandy,0,NA,0,1
200,ShsFfZFYaH9dCAu+0/muBi3Cx28XZw==,Sandy,0,F,0,1
50,ShsFfZFYaH9dCAu+0/muBi3Cx28XZw==,Sandy,0,F,0,0
200,ShsFfZFYaH9dCAu+0/muBi3Cx28XZw==,Sandy,0,F,0,0
40,ShsFfZFYaH9dCAu+0/muBi3Cx28XZw==,Sandy,0,F,0,0
100,ShsFfZFYaH9dCAu+0/muBi3Cx28XZw==,Sandy,0,F,0,0
25,ShsFfZFYaH9dCAu+0/muBi3Cx28XZw==,Sandy,0,NA,0,0
400,ShsFfZFYaH9dCAu+0/muBi3Cx28XZw==,Sandy,1,NA,0,0
100,ShsFfZFYaH9dCAu+0/muBi3Cx28XZw==,Sandy,0,F,0,0
100,ShsFfZFYaH9dCAu+0/muBi3Cx28XZw==,Sandy,0,M,0,0
25,ShsFfZFYaH9dCAu+0/muBi3Cx28XZw==,Sandy,0,F,0,0
25,ShsFfZFYaH9dCAu+0/muBi3Cx28XZw==,Sandy,0,M,0,0
50,a+/aYVtwXeSb+iXx0HmbOC3Cx2wOaw==,Sandy,1,NA,0,0
100,a+/aYVtwXeSb+iXx0HmbOC3Cx2wOaw==,Sandy,0,M,0,0
50,a+/aYVtwXeSb+iXx0HmbOC3Cx2wOaw==,Sandy,0,NA,0,0
50,a+/aYVtwXeSb+iXx0HmbOC3Cx2wOaw==,Sandy,0,F,0,0
200,a+/aYVtwXeSb+iXx0HmbOC3Cx2wOaw==,Sandy,0,F,0,0
100,a+/aYVtwXeSb+iXx0HmbOC3Cx2wOaw==,Sandy,0,M,0,0
25,a+/aYVtwXeSb+iXx0HmbOC3Cx2wOaw==,Sandy,0,M,0,0
25,a+/aYVtwXeSb+iXx0HmbOC3Cx2wOaw==,Sandy,0,F,0,0
100,a+/aYVtwXeSb+iXx0HmbOC3Cx2wOaw==,Sandy,0,F,0,0
500,a+/aYVtwXeSb+iXx0HmbOC3Cx2wOaw==,Sandy,0,NA,0,0
25,a+/aYVtwXeSb+iXx0HmbOC3Cx2wOaw==,Sandy,0,F,0,0
25,a+/aYVtwXeSb+iXx0HmbOC3Cx2wOaw==,Sandy,0,NA,0,0
50,a+/aYVtwXeSb+iXx0HmbOC3Cx2wOaw==,Sandy,0,F,0,1
200,a+/aYVtwXeSb+iXx0HmbOC3Cx2wOaw==,Sandy,0,NA,0,0
50,a+/aYVtwXeSb+iXx0HmbOC3Cx2wOaw==,Sandy,0,F,0,0
250,a+/aYVtwXeSb+iXx0HmbOC3Cx2wOaw==,Sandy,0,F,0,0
100,a+/aYVtwXeSb+iXx0HmbOC3Cx2wOaw==,Sandy,0,NA,0,0
100,a+/aYVtwXeSb+iXx0HmbOC3Cx2wOaw==,Sandy,1,NA,0,0
200,a+/aYVtwXeSb+iXx0HmbOC3Cx2wOaw==,Sandy,0,NA,0,0
500,a+/aYVtwXeSb+iXx0HmbOC3Cx2wOaw==,Sandy,0,NA,0,0
25,a+/aYVtwXeSb+iXx0HmbOC3Cx2wOaw==,Sandy,0,NA,0,0
50,a+/aYVtwXeSb+iXx0HmbOC3Cx2wOaw==,Sandy,0,NA,0,1
200,a+/aYVtwXeSb+iXx0HmbOC3Cx2wOaw==,Sandy,0,M,0,0
50,a+/aYVtwXeSb+iXx0HmbOC3Cx2wOaw==,Sandy,0,F,0,0
25,a+/aYVtwXeSb+iXx0HmbOC3Cx2wOaw==,Sandy,0,F,0,0
50,a+/aYVtwXeSb+iXx0HmbOC3Cx2wOaw==,Sandy,0,NA,0,0
25,a+/aYVtwXeSb+iXx0HmbOC3Cx2wOaw==,Sandy,0,NA,0,0
75,a+/aYVtwXeSb+iXx0HmbOC3Cx2wOaw==,Sandy,0,NA,0,0
25,a+/aYVtwXeSb+iXx0HmbOC3Cx2wOaw==,Sandy,0,M,0,0
50,a+/aYVtwXeSb+iXx0HmbOC3Cx2wOaw==,Sandy,0,NA,0,0
50,a+/aYVtwXeSb+iXx0HmbOC3Cx2wOaw==,Sandy,0,NA,0,0
50,a+/aYVtwXeSb+iXx0HmbOC3Cx2wOaw==,Sandy,0,NA,0,0
25,a+/aYVtwXeSb+iXx0HmbOC3Cx2wOaw==,Sandy,0,F,0,0
100,a+/aYVtwXeSb+iXx0HmbOC3Cx2wOaw==,Sandy,0,F,0,0
25,a+/aYVtwXeSb+iXx0HmbOC3Cx2wOaw==,Sandy,0,F,0,0
50,a+/aYVtwXeSb+iXx0HmbOC3Cx2wOaw==,Sandy,0,F,0,0
150,a+/aYVtwXeSb+iXx0HmbOC3Cx2wOaw==,Sandy,0,NA,0,0
25,a+/aYVtwXeSb+iXx0HmbOC3Cx2wOaw==,Sandy,0,F,0,0
50,a+/aYVtwXeSb+iXx0HmbOC3Cx2wOaw==,Sandy,0,NA,0,0
50,a+/aYVtwXeSb+iXx0HmbOC3Cx2wOaw==,Sandy,0,F,0,0
25,a+/aYVtwXeSb+iXx0HmbOC3Cx2wOaw==,Sandy,0,F,0,1
20,a+/aYVtwXeSb+iXx0HmbOC3Cx2wOaw==,Sandy,1,NA,0,0
100,a+/aYVtwXeSb+iXx0HmbOC3Cx2wOaw==,Sandy,0,M,0,0
25,a+/aYVtwXeSb+iXx0HmbOC3Cx2wOaw==,Sandy,0,F,0,0
100,a+/aYVtwXeSb+iXx0HmbOC3Cx2wOaw==,Sandy,0,NA,0,0
100,a+/aYVtwXeSb+iXx0HmbOC3Cx2wOaw==,Sandy,0,NA,0,0
50,a+/aYVtwXeSb+iXx0HmbOC3Cx2wOaw==,Sandy,0,F,0,1
25,a+/aYVtwXeSb+iXx0HmbOC3Cx2wOaw==,Sandy,0,F,0,0
20,a+/aYVtwXeSb+iXx0HmbOC3Cx2wOaw==,Sandy,1,NA,0,0
100,a+/aYVtwXeSb+iXx0HmbOC3Cx2wOaw==,Sandy,0,NA,0,0
100,a+/aYVtwXeSb+iXx0HmbOC3Cx2wOaw==,Sandy,0,M,0,0
100,a+/aYVtwXeSb+iXx0HmbOC3Cx2wOaw==,Sandy,1,NA,0,0
25,a+/aYVtwXeSb+iXx0HmbOC3Cx2wOaw==,Sandy,0,F,0,0
50,a+/aYVtwXeSb+iXx0HmbOC3Cx2wOaw==,Sandy,0,F,0,0
25,a+/aYVtwXeSb+iXx0HmbOC3Cx2wOaw==,Sandy,0,F,0,0
50,a+/aYVtwXeSb+iXx0HmbOC3Cx2wOaw==,Sandy,1,NA,0,0
100,a+/aYVtwXeSb+iXx0HmbOC3Cx2wOaw==,Sandy,0,F,0,1
150,a+/aYVtwXeSb+iXx0HmbOC3Cx2wOaw==,Sandy,0,M,0,0
5,a+/aYVtwXeSb+iXx0HmbOC3Cx2wOaw==,Sandy,0,M,0,0
100,a+/aYVtwXeSb+iXx0HmbOC3Cx2wOaw==,Sandy,1,NA,0,0
20,a+/aYVtwXeSb+iXx0HmbOC3Cx2wOaw==,Sandy,0,M,0,0
50,a+/aYVtwXeSb+iXx0HmbOC3Cx2wOaw==,Sandy,0,NA,0,0
50,a+/aYVtwXeSb+iXx0HmbOC3Cx2wOaw==,Sandy,0,F,0,0
50,a+/aYVtwXeSb+iXx0HmbOC3Cx2wOaw==,Sandy,0,F,0,0
50,a+/aYVtwXeSb+iXx0HmbOC3Cx2wOaw==,Sandy,0,F,0,0
50,MW8piZ6CHW/oEovWxCSmBy3CxmACbw==,Sandy,0,NA,0,0
100,MW8piZ6CHW/oEovWxCSmBy3CxmACbw==,Sandy,1,NA,0,0
63,MW8piZ6CHW/oEovWxCSmBy3CxmACbw==,Sandy,0,F,0,0
100,MW8piZ6CHW/oEovWxCSmBy3CxmACbw==,Sandy,1,NA,0,0
50,MW8piZ6CHW/oEovWxCSmBy3CxmACbw==,Sandy,0,F,0,0
500,MW8piZ6CHW/oEovWxCSmBy3CxmACbw==,Sandy,1,NA,0,0
25,MW8piZ6CHW/oEovWxCSmBy3CxmACbw==,Sandy,1,NA,0,0
100,MW8piZ6CHW/oEovWxCSmBy3CxmACbw==,Sandy,0,NA,0,0
100,MW8piZ6CHW/oEovWxCSmBy3CxmACbw==,Sandy,0,F,0,0
25,MW8piZ6CHW/oEovWxCSmBy3CxmACbw==,Sandy,0,M,0,1
75,MW8piZ6CHW/oEovWxCSmBy3CxmACbw==,Sandy,0,M,0,0
100,MW8piZ6CHW/oEovWxCSmBy3CxmACbw==,Sandy,0,M,0,0
50,MW8piZ6CHW/oEovWxCSmBy3CxmACbw==,Sandy,1,NA,0,0
20,MW8piZ6CHW/oEovWxCSmBy3CxmACbw==,Sandy,0,M,0,0
25,MW8piZ6CHW/oEovWxCSmBy3CxmACbw==,Sandy,0,F,0,1
25,MW8piZ6CHW/oEovWxCSmBy3CxmACbw==,Sandy,0,M,0,1
50,MW8piZ6CHW/oEovWxCSmBy3CxmACbw==,Sandy,1,NA,0,0
50,MW8piZ6CHW/oEovWxCSmBy3CxmACbw==,Sandy,0,NA,0,0
75,MW8piZ6CHW/oEovWxCSmBy3CxmACbw==,Sandy,0,F,0,0
15,MW8piZ6CHW/oEovWxCSmBy3CxmACbw==,Sandy,1,NA,0,0
20,MW8piZ6CHW/oEovWxCSmBy3CxmACbw==,Sandy,0,NA,0,0
100,MW8piZ6CHW/oEovWxCSmBy3CxmACbw==,Sandy,0,F,0,0
15,MW8piZ6CHW/oEovWxCSmBy3CxmACbw==,Sandy,0,F,0,0
50,MW8piZ6CHW/oEovWxCSmBy3CxmACbw==,Sandy,0,NA,0,0
50,MW8piZ6CHW/oEovWxCSmBy3CxmACbw==,Sandy,0,NA,0,0
50,MW8piZ6CHW/oEovWxCSmBy3CxmACbw==,Sandy,0,F,0,0
50,MW8piZ6CHW/oEovWxCSmBy3CxmACbw==,Sandy,0,F,0,0
100,MW8piZ6CHW/oEovWxCSmBy3CxmACbw==,Sandy,0,NA,0,0
100,MW8piZ6CHW/oEovWxCSmBy3CxmACbw==,Sandy,0,NA,0,0
50,MW8piZ6CHW/oEovWxCSmBy3CxmACbw==,Sandy,1,NA,0,0
50,MW8piZ6CHW/oEovWxCSmBy3CxmACbw==,Sandy,1,NA,0,0
100,MW8piZ6CHW/oEovWxCSmBy3CxmACbw==,Sandy,1,NA,0,0
135,MW8piZ6CHW/oEovWxCSmBy3CxmACbw==,Sandy,1,NA,0,0
50,MW8piZ6CHW/oEovWxCSmBy3CxmACbw==,Sandy,0,F,0,0
100,MW8piZ6CHW/oEovWxCSmBy3CxmACbw==,Sandy,0,NA,0,0
20,MW8piZ6CHW/oEovWxCSmBy3CxmACbw==,Sandy,0,M,0,0
50,MW8piZ6CHW/oEovWxCSmBy3CxmACbw==,Sandy,0,F,0,0
100,MW8piZ6CHW/oEovWxCSmBy3CxmACbw==,Sandy,0,NA,0,0
100,MW8piZ6CHW/oEovWxCSmBy3CxmACbw==,Sandy,0,NA,0,0
50,MW8piZ6CHW/oEovWxCSmBy3CxmACbw==,Sandy,0,F,0,0
50,MW8piZ6CHW/oEovWxCSmBy3CxmACbw==,Sandy,0,M,0,0
100,MW8piZ6CHW/oEovWxCSmBy3CxmACbw==,Sandy,0,F,0,0
150,MW8piZ6CHW/oEovWxCSmBy3CxmACbw==,Sandy,0,NA,0,0
200,MW8piZ6CHW/oEovWxCSmBy3CxmACbw==,Sandy,0,NA,0,1
100,MW8piZ6CHW/oEovWxCSmBy3CxmACbw==,Sandy,0,F,0,0
50,MW8piZ6CHW/oEovWxCSmBy3CxmACbw==,Sandy,0,F,0,0
100,MW8piZ6CHW/oEovWxCSmBy3CxmACbw==,Sandy,1,NA,0,0
100,MW8piZ6CHW/oEovWxCSmBy3CxmACbw==,Sandy,0,NA,0,1
50,MW8piZ6CHW/oEovWxCSmBy3CxmACbw==,Sandy,0,NA,0,0
25,MW8piZ6CHW/oEovWxCSmBy3CxmACbw==,Sandy,1,NA,0,0
50,MW8piZ6CHW/oEovWxCSmBy3CxmACbw==,Sandy,1,NA,0,0
25,MW8piZ6CHW/oEovWxCSmBy3CxmACbw==,Sandy,0,F,0,0
100,MW8piZ6CHW/oEovWxCSmBy3CxmACbw==,Sandy,0,NA,0,1
200,MW8piZ6CHW/oEovWxCSmBy3CxmACbw==,Sandy,0,F,0,0
100,MW8piZ6CHW/oEovWxCSmBy3CxmACbw==,Sandy,0,M,0,0
100,MW8piZ6CHW/oEovWxCSmBy3CxmACbw==,Sandy,1,NA,0,0
50,MW8piZ6CHW/oEovWxCSmBy3CxmACbw==,Sandy,0,NA,0,0
25,MW8piZ6CHW/oEovWxCSmBy3CxmACbw==,Sandy,0,F,0,0
100,MW8piZ6CHW/oEovWxCSmBy3CxmACbw==,Sandy,1,NA,0,0
100,MW8piZ6CHW/oEovWxCSmBy3CxmACbw==,Sandy,0,M,0,1
20,MW8piZ6CHW/oEovWxCSmBy3CxmACbw==,Sandy,0,M,0,0
100,MW8piZ6CHW/oEovWxCSmBy3CxmACbw==,Sandy,0,NA,0,0
100,MW8piZ6CHW/oEovWxCSmBy3CxmACbw==,Sandy,1,NA,0,0
40,MW8piZ6CHW/oEovWxCSmBy3CxmACbw==,Sandy,0,NA,0,0
100,MW8piZ6CHW/oEovWxCSmBy3CxmACbw==,Sandy,0,M,0,0
100,MW8piZ6CHW/oEovWxCSmBy3CxmACbw==,Sandy,0,M,0,1
25,MW8piZ6CHW/oEovWxCSmBy3CxmACbw==,Sandy,1,NA,0,0
100,MW8piZ6CHW/oEovWxCSmBy3CxmACbw==,Sandy,0,NA,0,0
75,MW8piZ6CHW/oEovWxCSmBy3CxmACbw==,Sandy,1,NA,0,0
25,MW8piZ6CHW/oEovWxCSmBy3CxmACbw==,Sandy,1,NA,0,0
10,MW8piZ6CHW/oEovWxCSmBy3CxmACbw==,Sandy,1,NA,0,0
50,MW8piZ6CHW/oEovWxCSmBy3CxmACbw==,Sandy,0,F,0,0
25,MW8piZ6CHW/oEovWxCSmBy3CxmACbw==,Sandy,1,NA,0,0
50,MW8piZ6CHW/oEovWxCSmBy3CxmACbw==,Sandy,1,NA,0,0
50,MW8piZ6CHW/oEovWxCSmBy3CxmACbw==,Sandy,1,NA,0,0
50,MW8piZ6CHW/oEovWxCSmBy3CxmACbw==,Sandy,1,NA,0,0
150,MW8piZ6CHW/oEovWxCSmBy3CxmACbw==,Sandy,0,NA,0,0
55,MW8piZ6CHW/oEovWxCSmBy3CxmACbw==,Sandy,1,NA,0,0
100,MW8piZ6CHW/oEovWxCSmBy3CxmACbw==,Sandy,1,NA,0,0
25,MW8piZ6CHW/oEovWxCSmBy3CxmACbw==,Sandy,1,NA,0,0
50,MW8piZ6CHW/oEovWxCSmBy3CxmACbw==,Sandy,0,F,0,0
50,MW8piZ6CHW/oEovWxCSmBy3CxmACbw==,Sandy,0,F,0,0
50,MW8piZ6CHW/oEovWxCSmBy3CxmACbw==,Sandy,1,NA,0,0
50,MW8piZ6CHW/oEovWxCSmBy3CxmACbw==,Sandy,1,NA,0,0
100,MW8piZ6CHW/oEovWxCSmBy3CxmACbw==,Sandy,0,NA,0,1
50,MW8piZ6CHW/oEovWxCSmBy3CxmACbw==,Sandy,1,NA,0,0
50,MW8piZ6CHW/oEovWxCSmBy3CxmACbw==,Sandy,1,NA,0,0
20,MW8piZ6CHW/oEovWxCSmBy3CxmACbw==,Sandy,1,NA,0,0
25,MW8piZ6CHW/oEovWxCSmBy3CxmACbw==,Sandy,1,NA,0,0
100,MW8piZ6CHW/oEovWxCSmBy3CxmACbw==,Sandy,1,NA,0,0
400,MW8piZ6CHW/oEovWxCSmBy3CxmACbw==,Sandy,0,NA,0,0
50,MW8piZ6CHW/oEovWxCSmBy3CxmACbw==,Sandy,0,F,0,0
100,MW8piZ6CHW/oEovWxCSmBy3CxmACbw==,Sandy,1,NA,0,0
25,MW8piZ6CHW/oEovWxCSmBy3CxmACbw==,Sandy,1,NA,0,0
50,MW8piZ6CHW/oEovWxCSmBy3CxmACbw==,Sandy,1,NA,0,0
250,MW8piZ6CHW/oEovWxCSmBy3CxmACbw==,Sandy,1,NA,0,0
100,MW8piZ6CHW/oEovWxCSmBy3CxmACbw==,Sandy,1,NA,0,0
50,MW8piZ6CHW/oEovWxCSmBy3CxmACbw==,Sandy,1,NA,0,0
50,MW8piZ6CHW/oEovWxCSmBy3CxmACbw==,Sandy,1,NA,0,0
100,MW8piZ6CHW/oEovWxCSmBy3CxmACbw==,Sandy,1,NA,0,0
50,MW8piZ6CHW/oEovWxCSmBy3CxmACbw==,Sandy,1,NA,0,0
100,MW8piZ6CHW/oEovWxCSmBy3CxmACbw==,Sandy,1,NA,0,0
50,T/UTvrpQzd+hH9abu30YQi3CxWxDbw==,Sandy,0,NA,0,0
200,T/UTvrpQzd+hH9abu30YQi3CxWxDbw==,Sandy,1,NA,0,0
40,T/UTvrpQzd+hH9abu30YQi3CxWxDbw==,Sandy,1,NA,0,0
20,T/UTvrpQzd+hH9abu30YQi3CxWxDbw==,Sandy,1,NA,0,0
20,T/UTvrpQzd+hH9abu30YQi3CxWxDbw==,Sandy,0,F,0,0
200,T/UTvrpQzd+hH9abu30YQi3CxWxDbw==,Sandy,0,M,0,0
10,T/UTvrpQzd+hH9abu30YQi3CxWxDbw==,Sandy,0,M,0,0
50,T/UTvrpQzd+hH9abu30YQi3CxWxDbw==,Sandy,0,NA,0,0
30,T/UTvrpQzd+hH9abu30YQi3CxWxDbw==,Sandy,0,F,0,0
25,T/UTvrpQzd+hH9abu30YQi3CxWxDbw==,Sandy,0,F,0,0
50,T/UTvrpQzd+hH9abu30YQi3CxWxDbw==,Sandy,0,F,0,1
25,T/UTvrpQzd+hH9abu30YQi3CxWxDbw==,Sandy,0,F,0,0
50,T/UTvrpQzd+hH9abu30YQi3CxWxDbw==,Sandy,0,F,0,0
100,T/UTvrpQzd+hH9abu30YQi3CxWxDbw==,Sandy,0,NA,0,0
20,T/UTvrpQzd+hH9abu30YQi3CxWxDbw==,Sandy,1,NA,0,0
50,T/UTvrpQzd+hH9abu30YQi3CxWxDbw==,Sandy,0,M,0,0
50,T/UTvrpQzd+hH9abu30YQi3CxWxDbw==,Sandy,0,F,0,0
100,T/UTvrpQzd+hH9abu30YQi3CxWxDbw==,Sandy,0,NA,0,0
25,T/UTvrpQzd+hH9abu30YQi3CxWxDbw==,Sandy,0,F,0,0
25,T/UTvrpQzd+hH9abu30YQi3CxWxDbw==,Sandy,1,NA,0,0
25,T/UTvrpQzd+hH9abu30YQi3CxWxDbw==,Sandy,0,NA,0,1
200,T/UTvrpQzd+hH9abu30YQi3CxWxDbw==,Sandy,0,F,0,0
200,T/UTvrpQzd+hH9abu30YQi3CxWxDbw==,Sandy,0,NA,0,1
50,T/UTvrpQzd+hH9abu30YQi3CxWxDbw==,Sandy,0,NA,0,0
200,T/UTvrpQzd+hH9abu30YQi3CxWxDbw==,Sandy,1,NA,0,0
100,T/UTvrpQzd+hH9abu30YQi3CxWxDbw==,Sandy,0,F,0,0
15,T/UTvrpQzd+hH9abu30YQi3CxWxDbw==,Sandy,0,M,0,0
50,T/UTvrpQzd+hH9abu30YQi3CxWxDbw==,Sandy,0,M,0,0
25,T/UTvrpQzd+hH9abu30YQi3CxWxDbw==,Sandy,1,NA,0,0
200,T/UTvrpQzd+hH9abu30YQi3CxWxDbw==,Sandy,0,F,0,0
100,T/UTvrpQzd+hH9abu30YQi3CxWxDbw==,Sandy,0,NA,0,0
20,T/UTvrpQzd+hH9abu30YQi3CxWxDbw==,Sandy,0,NA,0,0
50,T/UTvrpQzd+hH9abu30YQi3CxWxDbw==,Sandy,0,NA,0,0
50,T/UTvrpQzd+hH9abu30YQi3CxWxDbw==,Sandy,0,M,0,0
20,T/UTvrpQzd+hH9abu30YQi3CxWxDbw==,Sandy,0,NA,0,0
20,T/UTvrpQzd+hH9abu30YQi3CxWxDbw==,Sandy,0,F,0,0
200,T/UTvrpQzd+hH9abu30YQi3CxWxDbw==,Sandy,0,F,0,0
20,T/UTvrpQzd+hH9abu30YQi3CxWxDbw==,Sandy,0,F,0,0
20,T/UTvrpQzd+hH9abu30YQi3CxWxDbw==,Sandy,0,M,0,0
30,T/UTvrpQzd+hH9abu30YQi3CxWxDbw==,Sandy,0,NA,0,0
100,T/UTvrpQzd+hH9abu30YQi3CxWxDbw==,Sandy,0,F,0,0
100,T/UTvrpQzd+hH9abu30YQi3CxWxDbw==,Sandy,0,M,1,0
100,T/UTvrpQzd+hH9abu30YQi3CxWxDbw==,Sandy,0,M,1,0
20,T/UTvrpQzd+hH9abu30YQi3CxWxDbw==,Sandy,0,M,0,0
50,T/UTvrpQzd+hH9abu30YQi3CxWxDbw==,Sandy,0,NA,0,0
25,T/UTvrpQzd+hH9abu30YQi3CxWxDbw==,Sandy,0,F,0,0
100,T/UTvrpQzd+hH9abu30YQi3CxWxDbw==,Sandy,0,NA,0,0
20,T/UTvrpQzd+hH9abu30YQi3CxWxDbw==,Sandy,0,NA,0,1
20,T/UTvrpQzd+hH9abu30YQi3CxWxDbw==,Sandy,0,M,0,0
20,T/UTvrpQzd+hH9abu30YQi3CxWxDbw==,Sandy,1,NA,0,0
100,KmAVgBCgzUs6C44MONQ62i3CyG9ONA==,Sandy,0,M,0,0
50,KmAVgBCgzUs6C44MONQ62i3CyG9ONA==,Sandy,0,NA,0,0
150,KmAVgBCgzUs6C44MONQ62i3CyG9ONA==,Sandy,0,F,0,0
50,KmAVgBCgzUs6C44MONQ62i3CyG9ONA==,Sandy,0,NA,0,0
40,KmAVgBCgzUs6C44MONQ62i3CyG9ONA==,Sandy,0,F,0,0
100,KmAVgBCgzUs6C44MONQ62i3CyG9ONA==,Sandy,0,F,0,0
200,KmAVgBCgzUs6C44MONQ62i3CyG9ONA==,Sandy,1,NA,0,0
25,KmAVgBCgzUs6C44MONQ62i3CyG9ONA==,Sandy,1,NA,0,0
30,KmAVgBCgzUs6C44MONQ62i3CyG9ONA==,Sandy,0,F,0,0
250,KmAVgBCgzUs6C44MONQ62i3CyG9ONA==,Sandy,1,NA,0,0
25,KmAVgBCgzUs6C44MONQ62i3CyG9ONA==,Sandy,0,F,0,0
100,KmAVgBCgzUs6C44MONQ62i3CyG9ONA==,Sandy,0,M,0,0
20,KmAVgBCgzUs6C44MONQ62i3CyG9ONA==,Sandy,0,M,0,0
100,KmAVgBCgzUs6C44MONQ62i3CyG9ONA==,Sandy,0,NA,0,0
100,KmAVgBCgzUs6C44MONQ62i3CyG9ONA==,Sandy,0,NA,0,1
100,KmAVgBCgzUs6C44MONQ62i3CyG9ONA==,Sandy,0,F,0,1
250,KmAVgBCgzUs6C44MONQ62i3CyG9ONA==,Sandy,0,NA,0,0
100,KmAVgBCgzUs6C44MONQ62i3CyG9ONA==,Sandy,1,NA,0,0
100,KmAVgBCgzUs6C44MONQ62i3CyG9ONA==,Sandy,0,F,0,0
100,KmAVgBCgzUs6C44MONQ62i3CyG9ONA==,Sandy,0,M,0,0
100,KmAVgBCgzUs6C44MONQ62i3CyG9ONA==,Sandy,0,NA,0,0
100,KmAVgBCgzUs6C44MONQ62i3CyG9ONA==,Sandy,0,F,0,0
25,KmAVgBCgzUs6C44MONQ62i3CyG9ONA==,Sandy,0,NA,0,0
50,KmAVgBCgzUs6C44MONQ62i3CyG9ONA==,Sandy,0,NA,0,0
100,KmAVgBCgzUs6C44MONQ62i3CyG9ONA==,Sandy,1,NA,0,0
100,KmAVgBCgzUs6C44MONQ62i3CyG9ONA==,Sandy,0,F,0,0
100,KmAVgBCgzUs6C44MONQ62i3CyG9ONA==,Sandy,1,NA,0,0
20,KmAVgBCgzUs6C44MONQ62i3CyG9ONA==,Sandy,0,F,0,0
100,KmAVgBCgzUs6C44MONQ62i3CyG9ONA==,Sandy,0,NA,0,0
35,KmAVgBCgzUs6C44MONQ62i3CyG9ONA==,Sandy,0,NA,0,0
100,KmAVgBCgzUs6C44MONQ62i3CyG9ONA==,Sandy,0,NA,0,0
15,KmAVgBCgzUs6C44MONQ62i3CyG9ONA==,Sandy,0,F,0,0
50,KmAVgBCgzUs6C44MONQ62i3CyG9ONA==,Sandy,1,NA,0,0
30,KmAVgBCgzUs6C44MONQ62i3CyG9ONA==,Sandy,0,F,0,0
75,KmAVgBCgzUs6C44MONQ62i3CyG9ONA==,Sandy,0,F,0,0
100,KmAVgBCgzUs6C44MONQ62i3CyG9ONA==,Sandy,0,F,0,0
100,KmAVgBCgzUs6C44MONQ62i3CyG9ONA==,Sandy,0,F,0,0
100,KmAVgBCgzUs6C44MONQ62i3CyG9ONA==,Sandy,0,NA,0,0
15,KmAVgBCgzUs6C44MONQ62i3CyG9ONA==,Sandy,0,F,0,0
65,KmAVgBCgzUs6C44MONQ62i3CyG9ONA==,Sandy,0,NA,0,0
200,KmAVgBCgzUs6C44MONQ62i3CyG9ONA==,Sandy,0,M,0,0
25,KmAVgBCgzUs6C44MONQ62i3CyG9ONA==,Sandy,0,F,0,0
100,KmAVgBCgzUs6C44MONQ62i3CyG9ONA==,Sandy,0,F,0,0
5,KmAVgBCgzUs6C44MONQ62i3CyG9ONA==,Sandy,1,NA,0,0
100,KmAVgBCgzUs6C44MONQ62i3CyG9ONA==,Sandy,0,M,0,0
100,KmAVgBCgzUs6C44MONQ62i3CyG9ONA==,Sandy,0,NA,0,0
50,KmAVgBCgzUs6C44MONQ62i3CyG9ONA==,Sandy,0,M,0,0
25,KmAVgBCgzUs6C44MONQ62i3CyG9ONA==,Sandy,0,NA,0,0
25,KmAVgBCgzUs6C44MONQ62i3CyG9ONA==,Sandy,1,NA,0,0
250,KmAVgBCgzUs6C44MONQ62i3CyG9ONA==,Sandy,0,M,0,0
100,KmAVgBCgzUs6C44MONQ62i3CyG9ONA==,Sandy,0,F,0,0
50,KmAVgBCgzUs6C44MONQ62i3CyG9ONA==,Sandy,0,NA,0,1
100,KmAVgBCgzUs6C44MONQ62i3CyG9ONA==,Sandy,0,M,0,0
25,KmAVgBCgzUs6C44MONQ62i3CyG9ONA==,Sandy,1,NA,0,0
100,KmAVgBCgzUs6C44MONQ62i3CyG9ONA==,Sandy,0,M,0,0
20,KmAVgBCgzUs6C44MONQ62i3CyG9ONA==,Sandy,1,NA,0,0
150,KmAVgBCgzUs6C44MONQ62i3CyG9ONA==,Sandy,0,F,0,0
500,KmAVgBCgzUs6C44MONQ62i3CyG9ONA==,Sandy,0,NA,0,0
20,KmAVgBCgzUs6C44MONQ62i3CyG9ONA==,Sandy,0,NA,0,0
25,KmAVgBCgzUs6C44MONQ62i3CyG9ONA==,Sandy,0,NA,0,0
25,KmAVgBCgzUs6C44MONQ62i3CyG9ONA==,Sandy,1,NA,0,0
100,KmAVgBCgzUs6C44MONQ62i3CyG9ONA==,Sandy,0,F,0,1
50,KmAVgBCgzUs6C44MONQ62i3CyG9ONA==,Sandy,0,M,0,0
100,KmAVgBCgzUs6C44MONQ62i3CyG9ONA==,Sandy,0,M,0,0
100,KmAVgBCgzUs6C44MONQ62i3CyG9ONA==,Sandy,0,F,0,0
100,KmAVgBCgzUs6C44MONQ62i3CyG9ONA==,Sandy,0,M,0,1
100,KmAVgBCgzUs6C44MONQ62i3CyG9ONA==,Sandy,0,NA,0,1
25,KmAVgBCgzUs6C44MONQ62i3CyG9ONA==,Sandy,0,NA,0,1
25,KmAVgBCgzUs6C44MONQ62i3CyG9ONA==,Sandy,0,F,0,0
50,KmAVgBCgzUs6C44MONQ62i3CyG9ONA==,Sandy,0,NA,0,0
200,KmAVgBCgzUs6C44MONQ62i3CyG9ONA==,Sandy,0,NA,0,0
100,KmAVgBCgzUs6C44MONQ62i3CyG9ONA==,Sandy,0,F,0,0
75,KmAVgBCgzUs6C44MONQ62i3CyG9ONA==,Sandy,0,NA,0,0
100,KmAVgBCgzUs6C44MONQ62i3CyG9ONA==,Sandy,0,NA,0,0
25,KmAVgBCgzUs6C44MONQ62i3CyG9ONA==,Sandy,0,F,0,0
250,KmAVgBCgzUs6C44MONQ62i3CyG9ONA==,Sandy,0,F,0,0
40,KmAVgBCgzUs6C44MONQ62i3CyG9ONA==,Sandy,0,M,0,0
100,KmAVgBCgzUs6C44MONQ62i3CyG9ONA==,Sandy,0,F,0,0
50,KmAVgBCgzUs6C44MONQ62i3CyG9ONA==,Sandy,0,M,0,0
500,KmAVgBCgzUs6C44MONQ62i3CyG9ONA==,Sandy,0,F,0,0
100,KmAVgBCgzUs6C44MONQ62i3CyG9ONA==,Sandy,0,NA,0,0
50,KmAVgBCgzUs6C44MONQ62i3CyG9ONA==,Sandy,0,M,0,0
100,KmAVgBCgzUs6C44MONQ62i3CyG9ONA==,Sandy,0,F,0,0
100,KmAVgBCgzUs6C44MONQ62i3CyG9ONA==,Sandy,0,F,0,0
50,KmAVgBCgzUs6C44MONQ62i3CyG9ONA==,Sandy,1,NA,0,0
25,KmAVgBCgzUs6C44MONQ62i3CyG9ONA==,Sandy,0,NA,0,0
10,KmAVgBCgzUs6C44MONQ62i3CyG9ONA==,Sandy,1,NA,0,0
100,KmAVgBCgzUs6C44MONQ62i3CyG9ONA==,Sandy,0,NA,0,1
50,KmAVgBCgzUs6C44MONQ62i3CyG9ONA==,Sandy,0,NA,0,0
40,KmAVgBCgzUs6C44MONQ62i3CyG9ONA==,Sandy,1,NA,0,0
50,KmAVgBCgzUs6C44MONQ62i3CyG9ONA==,Sandy,0,NA,0,0
25,KmAVgBCgzUs6C44MONQ62i3CyG9ONA==,Sandy,0,M,0,0
100,KmAVgBCgzUs6C44MONQ62i3CyG9ONA==,Sandy,0,F,0,0
25,KmAVgBCgzUs6C44MONQ62i3CyG9ONA==,Sandy,1,NA,0,0
20,KmAVgBCgzUs6C44MONQ62i3CyG9ONA==,Sandy,0,F,0,0
100,KmAVgBCgzUs6C44MONQ62i3CyG9ONA==,Sandy,1,NA,0,0
20,KmAVgBCgzUs6C44MONQ62i3CyG9ONA==,Sandy,0,F,0,0
25,KmAVgBCgzUs6C44MONQ62i3CyG9ONA==,Sandy,0,M,0,0
25,KmAVgBCgzUs6C44MONQ62i3CyG9ONA==,Sandy,0,M,0,0
25,KmAVgBCgzUs6C44MONQ62i3CyG9ONA==,Sandy,0,M,0,1
25,KmAVgBCgzUs6C44MONQ62i3CyG9ONA==,Sandy,0,NA,0,0
25,KmAVgBCgzUs6C44MONQ62i3CyG9ONA==,Sandy,0,F,0,0
20,KmAVgBCgzUs6C44MONQ62i3CyG9ONA==,Sandy,0,F,0,1
50,KmAVgBCgzUs6C44MONQ62i3CyG9ONA==,Sandy,0,M,0,0
50,KmAVgBCgzUs6C44MONQ62i3CyG9ONA==,Sandy,1,NA,0,0
100,KmAVgBCgzUs6C44MONQ62i3CyG9ONA==,Sandy,0,M,0,0
25,KmAVgBCgzUs6C44MONQ62i3CyG9ONA==,Sandy,0,F,0,0
25,KmAVgBCgzUs6C44MONQ62i3CyG9ONA==,Sandy,0,F,0,1
10,KmAVgBCgzUs6C44MONQ62i3CyG9ONA==,Sandy,0,F,0,0
100,KmAVgBCgzUs6C44MONQ62i3CyG9ONA==,Sandy,0,M,0,1
50,KmAVgBCgzUs6C44MONQ62i3CyG9ONA==,Sandy,0,M,0,1
100,KmAVgBCgzUs6C44MONQ62i3CyG9ONA==,Sandy,0,M,0,1
20,KmAVgBCgzUs6C44MONQ62i3CyG9ONA==,Sandy,0,F,0,0
25,KmAVgBCgzUs6C44MONQ62i3CyG9ONA==,Sandy,0,M,0,0
25,KmAVgBCgzUs6C44MONQ62i3CyG9ONA==,Sandy,0,F,0,0
50,KmAVgBCgzUs6C44MONQ62i3CyG9ONA==,Sandy,0,F,0,0
50,KmAVgBCgzUs6C44MONQ62i3CyG9ONA==,Sandy,0,F,0,1
50,KmAVgBCgzUs6C44MONQ62i3CyG9ONA==,Sandy,0,M,0,0
75,KmAVgBCgzUs6C44MONQ62i3CyG9ONA==,Sandy,0,NA,0,0
50,KmAVgBCgzUs6C44MONQ62i3CyG9ONA==,Sandy,0,M,0,0
25,KmAVgBCgzUs6C44MONQ62i3CyG9ONA==,Sandy,0,M,0,0
50,KmAVgBCgzUs6C44MONQ62i3CyG9ONA==,Sandy,1,NA,0,0
40,KmAVgBCgzUs6C44MONQ62i3CyG9ONA==,Sandy,0,NA,0,0
20,KmAVgBCgzUs6C44MONQ62i3CyG9ONA==,Sandy,0,M,0,0
10,KmAVgBCgzUs6C44MONQ62i3CyG9ONA==,Sandy,1,NA,0,0
20,KmAVgBCgzUs6C44MONQ62i3CyG9ONA==,Sandy,0,F,0,0
50,KmAVgBCgzUs6C44MONQ62i3CyG9ONA==,Sandy,0,M,0,0
100,KmAVgBCgzUs6C44MONQ62i3CyG9ONA==,Sandy,0,F,0,0
100,KmAVgBCgzUs6C44MONQ62i3CyG9ONA==,Sandy,0,M,0,0
100,KmAVgBCgzUs6C44MONQ62i3CyG9ONA==,Sandy,0,M,0,0
70,KmAVgBCgzUs6C44MONQ62i3CyG9ONA==,Sandy,0,M,0,0
50,KmAVgBCgzUs6C44MONQ62i3CyG9ONA==,Sandy,0,NA,0,0
25,KmAVgBCgzUs6C44MONQ62i3CyG9ONA==,Sandy,0,M,0,0
20,KmAVgBCgzUs6C44MONQ62i3CyG9ONA==,Sandy,0,F,0,0
100,KmAVgBCgzUs6C44MONQ62i3CyG9ONA==,Sandy,0,M,0,0
500,KmAVgBCgzUs6C44MONQ62i3CyG9ONA==,Sandy,0,NA,0,0
50,KmAVgBCgzUs6C44MONQ62i3CyG9ONA==,Sandy,0,M,0,0
50,KmAVgBCgzUs6C44MONQ62i3CyG9ONA==,Sandy,0,F,0,0
25,KmAVgBCgzUs6C44MONQ62i3CyG9ONA==,Sandy,1,NA,0,0
25,KmAVgBCgzUs6C44MONQ62i3CyG9ONA==,Sandy,1,NA,0,0
50,KmAVgBCgzUs6C44MONQ62i3CyG9ONA==,Sandy,1,NA,0,0
25,KmAVgBCgzUs6C44MONQ62i3CyG9ONA==,Sandy,1,NA,0,0
25,KmAVgBCgzUs6C44MONQ62i3CyG9ONA==,Sandy,0,F,0,1
30,KmAVgBCgzUs6C44MONQ62i3CyG9ONA==,Sandy,0,F,0,0
250,KmAVgBCgzUs6C44MONQ62i3CyG9ONA==,Sandy,1,NA,0,0
40,KmAVgBCgzUs6C44MONQ62i3CyG9ONA==,Sandy,1,NA,0,0
50,KmAVgBCgzUs6C44MONQ62i3CyG9ONA==,Sandy,1,NA,0,0
50,KmAVgBCgzUs6C44MONQ62i3CyG9ONA==,Sandy,0,NA,0,0
25,KmAVgBCgzUs6C44MONQ62i3CyG9ONA==,Sandy,0,F,0,0
20,KmAVgBCgzUs6C44MONQ62i3CyG9ONA==,Sandy,0,M,0,0
25,KmAVgBCgzUs6C44MONQ62i3CyG9ONA==,Sandy,0,F,0,0
100,KmAVgBCgzUs6C44MONQ62i3CyG9ONA==,Sandy,0,NA,0,0
25,KmAVgBCgzUs6C44MONQ62i3CyG9ONA==,Sandy,0,F,0,0
25,KmAVgBCgzUs6C44MONQ62i3CyG9ONA==,Sandy,1,NA,0,0
100,KmAVgBCgzUs6C44MONQ62i3CyG9ONA==,Sandy,1,NA,0,0
50,KmAVgBCgzUs6C44MONQ62i3CyG9ONA==,Sandy,0,F,0,0
25,KmAVgBCgzUs6C44MONQ62i3CyG9ONA==,Sandy,0,F,0,0
100,KmAVgBCgzUs6C44MONQ62i3CyG9ONA==,Sandy,1,NA,0,0
25,KmAVgBCgzUs6C44MONQ62i3CyG9ONA==,Sandy,0,M,0,0
75,KmAVgBCgzUs6C44MONQ62i3CyG9ONA==,Sandy,0,F,0,0
50,KmAVgBCgzUs6C44MONQ62i3CyG9ONA==,Sandy,1,NA,0,0
50,KmAVgBCgzUs6C44MONQ62i3CyG9ONA==,Sandy,1,NA,0,0
100,KmAVgBCgzUs6C44MONQ62i3CyG9ONA==,Sandy,1,NA,0,0
100,KmAVgBCgzUs6C44MONQ62i3CyG9ONA==,Sandy,0,M,0,0
50,KmAVgBCgzUs6C44MONQ62i3CyG9ONA==,Sandy,0,F,0,0
25,KmAVgBCgzUs6C44MONQ62i3CyG9ONA==,Sandy,1,NA,0,0
250,KmAVgBCgzUs6C44MONQ62i3CyG9ONA==,Sandy,1,NA,0,0
20,KmAVgBCgzUs6C44MONQ62i3CyG9ONA==,Sandy,0,F,0,1
50,KmAVgBCgzUs6C44MONQ62i3CyG9ONA==,Sandy,1,NA,0,0
15,KmAVgBCgzUs6C44MONQ62i3CyG9ONA==,Sandy,0,F,0,0
25,KmAVgBCgzUs6C44MONQ62i3CyG9ONA==,Sandy,0,NA,0,0
50,KmAVgBCgzUs6C44MONQ62i3CyG9ONA==,Sandy,1,NA,0,0
50,KmAVgBCgzUs6C44MONQ62i3CyG9ONA==,Sandy,0,F,0,0
25,KmAVgBCgzUs6C44MONQ62i3CyG9ONA==,Sandy,0,F,0,0
50,KmAVgBCgzUs6C44MONQ62i3CyG9ONA==,Sandy,0,F,0,0
75,KmAVgBCgzUs6C44MONQ62i3CyG9ONA==,Sandy,1,NA,0,0
25,KmAVgBCgzUs6C44MONQ62i3CyG9ONA==,Sandy,0,M,0,0
50,KmAVgBCgzUs6C44MONQ62i3CyG9ONA==,Sandy,1,NA,0,0
25,KmAVgBCgzUs6C44MONQ62i3CyG9ONA==,Sandy,0,F,0,0
25,KmAVgBCgzUs6C44MONQ62i3CyG9ONA==,Sandy,0,NA,0,0
30,KmAVgBCgzUs6C44MONQ62i3CyG9ONA==,Sandy,0,NA,0,0
20,KmAVgBCgzUs6C44MONQ62i3CyG9ONA==,Sandy,0,NA,0,0
50,KmAVgBCgzUs6C44MONQ62i3CyG9ONA==,Sandy,1,NA,0,0
25,KmAVgBCgzUs6C44MONQ62i3CyG9ONA==,Sandy,0,F,0,0
150,KmAVgBCgzUs6C44MONQ62i3CyG9ONA==,Sandy,1,NA,0,0
100,KmAVgBCgzUs6C44MONQ62i3CyG9ONA==,Sandy,1,NA,0,0
20,KmAVgBCgzUs6C44MONQ62i3CyG9ONA==,Sandy,0,F,0,0
50,KmAVgBCgzUs6C44MONQ62i3CyG9ONA==,Sandy,1,NA,0,0
50,KmAVgBCgzUs6C44MONQ62i3CyG9ONA==,Sandy,0,M,0,0
25,KmAVgBCgzUs6C44MONQ62i3CyG9ONA==,Sandy,1,NA,0,0
100,KmAVgBCgzUs6C44MONQ62i3CyG9ONA==,Sandy,0,M,0,0
25,KmAVgBCgzUs6C44MONQ62i3CyG9ONA==,Sandy,0,M,0,0
50,KmAVgBCgzUs6C44MONQ62i3CyG9ONA==,Sandy,1,NA,0,0
50,KmAVgBCgzUs6C44MONQ62i3CyG9ONA==,Sandy,0,F,0,0
25,KmAVgBCgzUs6C44MONQ62i3CyG9ONA==,Sandy,0,NA,0,0
50,KmAVgBCgzUs6C44MONQ62i3CyG9ONA==,Sandy,0,M,0,0
100,KmAVgBCgzUs6C44MONQ62i3CyG9ONA==,Sandy,0,NA,0,0
20,KmAVgBCgzUs6C44MONQ62i3CyG9ONA==,Sandy,0,NA,0,0
100,KmAVgBCgzUs6C44MONQ62i3CyG9ONA==,Sandy,1,NA,0,0
25,KmAVgBCgzUs6C44MONQ62i3CyG9ONA==,Sandy,1,NA,0,0
100,KmAVgBCgzUs6C44MONQ62i3CyG9ONA==,Sandy,0,F,0,0
100,KmAVgBCgzUs6C44MONQ62i3CyG9ONA==,Sandy,0,F,0,0
25,KmAVgBCgzUs6C44MONQ62i3CyG9ONA==,Sandy,1,NA,0,0
25,KmAVgBCgzUs6C44MONQ62i3CyG9ONA==,Sandy,0,F,0,0
25,KmAVgBCgzUs6C44MONQ62i3CyG9ONA==,Sandy,1,NA,0,0
100,KmAVgBCgzUs6C44MONQ62i3CyG9ONA==,Sandy,1,NA,0,0
50,KmAVgBCgzUs6C44MONQ62i3CyG9ONA==,Sandy,1,NA,0,0
100,KmAVgBCgzUs6C44MONQ62i3CyG9ONA==,Sandy,0,M,0,0
100,KmAVgBCgzUs6C44MONQ62i3CyG9ONA==,Sandy,0,NA,0,0
50,KmAVgBCgzUs6C44MONQ62i3CyG9ONA==,Sandy,0,F,0,0
100,KmAVgBCgzUs6C44MONQ62i3CyG9ONA==,Sandy,1,NA,0,0
20,KmAVgBCgzUs6C44MONQ62i3CyG9ONA==,Sandy,0,M,0,0
10,OCB34DJ2iW7umhWPfjiIai3Cz3FDOA==,Sandy,0,F,1,0
100,OCB34DJ2iW7umhWPfjiIai3Cz3FDOA==,Sandy,0,F,0,0
25,OCB34DJ2iW7umhWPfjiIai3Cz3FDOA==,Sandy,1,NA,0,0
100,OCB34DJ2iW7umhWPfjiIai3Cz3FDOA==,Sandy,0,NA,0,0
100,OCB34DJ2iW7umhWPfjiIai3Cz3FDOA==,Sandy,0,NA,0,0
20,OCB34DJ2iW7umhWPfjiIai3Cz3FDOA==,Sandy,0,F,0,0
25,OCB34DJ2iW7umhWPfjiIai3Cz3FDOA==,Sandy,0,F,0,0
5,OCB34DJ2iW7umhWPfjiIai3Cz3FDOA==,Sandy,1,NA,0,0
100,OCB34DJ2iW7umhWPfjiIai3Cz3FDOA==,Sandy,0,F,0,0
200,OCB34DJ2iW7umhWPfjiIai3Cz3FDOA==,Sandy,0,F,0,0
30,OCB34DJ2iW7umhWPfjiIai3Cz3FDOA==,Sandy,1,NA,0,0
5,OCB34DJ2iW7umhWPfjiIai3Cz3FDOA==,Sandy,1,NA,0,0
15,OCB34DJ2iW7umhWPfjiIai3Cz3FDOA==,Sandy,1,NA,0,0
30,OCB34DJ2iW7umhWPfjiIai3Cz3FDOA==,Sandy,0,F,0,0
50,VOvWHZrdTXsr37aCbULBJi3CzS4JOA==,Sandy,0,F,0,1
25,VOvWHZrdTXsr37aCbULBJi3CzS4JOA==,Sandy,0,F,0,0
40,VOvWHZrdTXsr37aCbULBJi3CzS4JOA==,Sandy,0,F,0,0
10,VOvWHZrdTXsr37aCbULBJi3CzS4JOA==,Sandy,1,NA,0,0
25,VOvWHZrdTXsr37aCbULBJi3CzS4JOA==,Sandy,1,NA,0,0
25,VOvWHZrdTXsr37aCbULBJi3CzS4JOA==,Sandy,0,NA,0,0
25,VOvWHZrdTXsr37aCbULBJi3CzS4JOA==,Sandy,1,NA,0,0
100,VOvWHZrdTXsr37aCbULBJi3CzS4JOA==,Sandy,0,F,0,0
25,VOvWHZrdTXsr37aCbULBJi3CzS4JOA==,Sandy,0,F,0,0
50,VOvWHZrdTXsr37aCbULBJi3CzS4JOA==,Sandy,0,M,0,0
10,VOvWHZrdTXsr37aCbULBJi3CzS4JOA==,Sandy,0,F,0,0
25,VOvWHZrdTXsr37aCbULBJi3CzS4JOA==,Sandy,0,F,0,0
20,VOvWHZrdTXsr37aCbULBJi3CzS4JOA==,Sandy,0,NA,0,0
5,VOvWHZrdTXsr37aCbULBJi3CzS4JOA==,Sandy,0,F,0,0
5,VOvWHZrdTXsr37aCbULBJi3CzS4JOA==,Sandy,1,NA,0,0
10,VOvWHZrdTXsr37aCbULBJi3CzS4JOA==,Sandy,0,M,0,0
50,VOvWHZrdTXsr37aCbULBJi3CzS4JOA==,Sandy,0,F,0,0
10,VOvWHZrdTXsr37aCbULBJi3CzS4JOA==,Sandy,0,F,1,0
20,VOvWHZrdTXsr37aCbULBJi3CzS4JOA==,Sandy,0,F,0,0
20,VOvWHZrdTXsr37aCbULBJi3CzS4JOA==,Sandy,1,NA,0,0
20,VOvWHZrdTXsr37aCbULBJi3CzS4JOA==,Sandy,1,NA,0,0
50,VOvWHZrdTXsr37aCbULBJi3CzS4JOA==,Sandy,1,NA,0,0
35,VOvWHZrdTXsr37aCbULBJi3CzS4JOA==,Sandy,1,NA,0,0
20,VOvWHZrdTXsr37aCbULBJi3CzS4JOA==,Sandy,0,F,0,0
20,VOvWHZrdTXsr37aCbULBJi3CzS4JOA==,Sandy,0,M,0,0
50,VOvWHZrdTXsr37aCbULBJi3CzS4JOA==,Sandy,1,NA,0,0
10,VOvWHZrdTXsr37aCbULBJi3CzS4JOA==,Sandy,1,NA,0,0
10,VOvWHZrdTXsr37aCbULBJi3CzS4JOA==,Sandy,0,F,0,0
10,VOvWHZrdTXsr37aCbULBJi3CzS4JOA==,Sandy,1,NA,0,0
25,i7bDR9JDPebA/5aDPINVKi3CzXIJbw==,Sandy,0,M,0,0
20,i7bDR9JDPebA/5aDPINVKi3CzXIJbw==,Sandy,0,M,0,0
20,i7bDR9JDPebA/5aDPINVKi3CzXIJbw==,Sandy,0,F,0,0
50,i7bDR9JDPebA/5aDPINVKi3CzXIJbw==,Sandy,0,F,0,0
20,i7bDR9JDPebA/5aDPINVKi3CzXIJbw==,Sandy,0,F,0,0
30,i7bDR9JDPebA/5aDPINVKi3CzXIJbw==,Sandy,0,F,0,0
72,i7bDR9JDPebA/5aDPINVKi3CzXIJbw==,Sandy,0,NA,0,0
25,i7bDR9JDPebA/5aDPINVKi3CzXIJbw==,Sandy,0,F,0,0
20,i7bDR9JDPebA/5aDPINVKi3CzXIJbw==,Sandy,0,NA,0,0
50,i7bDR9JDPebA/5aDPINVKi3CzXIJbw==,Sandy,0,F,0,0
10,i7bDR9JDPebA/5aDPINVKi3CzXIJbw==,Sandy,0,F,0,0
10,i7bDR9JDPebA/5aDPINVKi3CzXIJbw==,Sandy,0,F,0,0
20,i7bDR9JDPebA/5aDPINVKi3CzXIJbw==,Sandy,0,F,0,1
36,i7bDR9JDPebA/5aDPINVKi3CzXIJbw==,Sandy,1,NA,0,0
25,d5S5GWEgc7LFil/b7+v8Hy3C0ycMKA==,Sandy,0,M,0,0
20,d5S5GWEgc7LFil/b7+v8Hy3C0ycMKA==,Sandy,0,F,0,0
100,d5S5GWEgc7LFil/b7+v8Hy3C0ycMKA==,Sandy,0,F,0,0
100,d5S5GWEgc7LFil/b7+v8Hy3C0ycMKA==,Sandy,0,F,0,0
50,d5S5GWEgc7LFil/b7+v8Hy3C0ycMKA==,Sandy,0,F,0,0
50,d5S5GWEgc7LFil/b7+v8Hy3C0ycMKA==,Sandy,0,F,0,0
50,d5S5GWEgc7LFil/b7+v8Hy3C0ycMKA==,Sandy,0,M,0,0
50,d5S5GWEgc7LFil/b7+v8Hy3C0ycMKA==,Sandy,0,F,0,0
20,d5S5GWEgc7LFil/b7+v8Hy3C0ycMKA==,Sandy,0,NA,0,0
25,d5S5GWEgc7LFil/b7+v8Hy3C0ycMKA==,Sandy,0,M,0,0
25,d5S5GWEgc7LFil/b7+v8Hy3C0ycMKA==,Sandy,0,M,0,0
50,d5S5GWEgc7LFil/b7+v8Hy3C0ycMKA==,Sandy,0,F,0,0
25,d5S5GWEgc7LFil/b7+v8Hy3C0ycMKA==,Sandy,0,F,0,0
25,d5S5GWEgc7LFil/b7+v8Hy3C0ycMKA==,Sandy,0,F,0,0
25,d5S5GWEgc7LFil/b7+v8Hy3C0ycMKA==,Sandy,0,M,0,0
25,d5S5GWEgc7LFil/b7+v8Hy3C0ycMKA==,Sandy,0,M,0,0
10,d5S5GWEgc7LFil/b7+v8Hy3C0ycMKA==,Sandy,0,F,0,0
25,d5S5GWEgc7LFil/b7+v8Hy3C0ycMKA==,Sandy,0,M,0,0
50,d5S5GWEgc7LFil/b7+v8Hy3C0ycMKA==,Sandy,0,M,0,1
100,d5S5GWEgc7LFil/b7+v8Hy3C0ycMKA==,Sandy,0,M,0,0
25,d5S5GWEgc7LFil/b7+v8Hy3C0ycMKA==,Sandy,0,F,0,0
25,d5S5GWEgc7LFil/b7+v8Hy3C0ycMKA==,Sandy,0,F,0,0
50,d5S5GWEgc7LFil/b7+v8Hy3C0ycMKA==,Sandy,0,M,0,0
25,d5S5GWEgc7LFil/b7+v8Hy3C0ycMKA==,Sandy,0,M,0,0
25,d5S5GWEgc7LFil/b7+v8Hy3C0ycMKA==,Sandy,0,NA,0,0
50,d5S5GWEgc7LFil/b7+v8Hy3C0ycMKA==,Sandy,0,M,0,0
100,1dQqvUHpPnBRFK3E/gT3EC3C0ScDZw==,Sandy,0,F,0,0
50,1dQqvUHpPnBRFK3E/gT3EC3C0ScDZw==,Sandy,0,F,0,0
200,1dQqvUHpPnBRFK3E/gT3EC3C0ScDZw==,Sandy,0,F,0,0
100,1dQqvUHpPnBRFK3E/gT3EC3C0ScDZw==,Sandy,0,F,0,0
100,1dQqvUHpPnBRFK3E/gT3EC3C0ScDZw==,Sandy,0,F,0,0
25,1dQqvUHpPnBRFK3E/gT3EC3C0ScDZw==,Sandy,0,F,0,0
100,1dQqvUHpPnBRFK3E/gT3EC3C0ScDZw==,Sandy,0,F,0,0
10,1dQqvUHpPnBRFK3E/gT3EC3C0ScDZw==,Sandy,0,NA,0,0
300,1dQqvUHpPnBRFK3E/gT3EC3C0ScDZw==,Sandy,0,F,0,0
25,1dQqvUHpPnBRFK3E/gT3EC3C0ScDZw==,Sandy,0,NA,0,0
25,1dQqvUHpPnBRFK3E/gT3EC3C0ScDZw==,Sandy,0,F,0,0
10,1dQqvUHpPnBRFK3E/gT3EC3C0ScDZw==,Sandy,0,F,0,0
125,1dQqvUHpPnBRFK3E/gT3EC3C0ScDZw==,Sandy,0,M,0,0
25,1dQqvUHpPnBRFK3E/gT3EC3C0ScDZw==,Sandy,0,NA,0,0
25,1dQqvUHpPnBRFK3E/gT3EC3C0ScDZw==,Sandy,0,F,0,0
10,1dQqvUHpPnBRFK3E/gT3EC3C0ScDZw==,Sandy,0,NA,0,0
50,1dQqvUHpPnBRFK3E/gT3EC3C0ScDZw==,Sandy,0,NA,0,0
50,1dQqvUHpPnBRFK3E/gT3EC3C0ScDZw==,Sandy,0,F,0,0
100,1dQqvUHpPnBRFK3E/gT3EC3C0ScDZw==,Sandy,0,F,0,0
50,1dQqvUHpPnBRFK3E/gT3EC3C0ScDZw==,Sandy,0,F,0,0
100,1dQqvUHpPnBRFK3E/gT3EC3C0ScDZw==,Sandy,0,M,0,0
81,iDmvTZMf0NS9QkTVRbenOi3C0CdOPA==,Sandy,0,M,0,0
20,iDmvTZMf0NS9QkTVRbenOi3C0CdOPA==,Sandy,0,F,0,0
50,iDmvTZMf0NS9QkTVRbenOi3C0CdOPA==,Sandy,0,NA,0,0
200,iDmvTZMf0NS9QkTVRbenOi3C0CdOPA==,Sandy,0,NA,0,0
50,iDmvTZMf0NS9QkTVRbenOi3C0CdOPA==,Sandy,0,F,0,0
25,iDmvTZMf0NS9QkTVRbenOi3C0CdOPA==,Sandy,0,F,0,0
20,iDmvTZMf0NS9QkTVRbenOi3C0CdOPA==,Sandy,0,F,0,0
20,iDmvTZMf0NS9QkTVRbenOi3C0CdOPA==,Sandy,1,NA,0,0
30,iDmvTZMf0NS9QkTVRbenOi3C0CdOPA==,Sandy,0,NA,0,0
20,iDmvTZMf0NS9QkTVRbenOi3C0CdOPA==,Sandy,0,M,0,0
15,iDmvTZMf0NS9QkTVRbenOi3C0CdOPA==,Sandy,0,F,0,0
50,iDmvTZMf0NS9QkTVRbenOi3C0CdOPA==,Sandy,0,F,0,0
50,iDmvTZMf0NS9QkTVRbenOi3C0CdOPA==,Sandy,0,NA,0,0
15,iDmvTZMf0NS9QkTVRbenOi3C0CdOPA==,Sandy,0,F,0,0
15,iDmvTZMf0NS9QkTVRbenOi3C0CdOPA==,Sandy,0,F,0,0
5,iDmvTZMf0NS9QkTVRbenOi3C0CdOPA==,Sandy,0,NA,0,0
25,iDmvTZMf0NS9QkTVRbenOi3C0CdOPA==,Sandy,0,NA,0,0
10,iDmvTZMf0NS9QkTVRbenOi3C0CdOPA==,Sandy,0,F,0,0
20,iDmvTZMf0NS9QkTVRbenOi3C0CdOPA==,Sandy,0,NA,0,0
10,iDmvTZMf0NS9QkTVRbenOi3C0CdOPA==,Sandy,0,F,0,0
25,iDmvTZMf0NS9QkTVRbenOi3C0CdOPA==,Sandy,0,F,0,0
10,iDmvTZMf0NS9QkTVRbenOi3C0CdOPA==,Sandy,0,M,0,0
20,5ngP862PVitZsvvl6VLoui3C13webw==,Sandy,1,NA,0,0
10,5ngP862PVitZsvvl6VLoui3C13webw==,Sandy,0,M,0,0
25,5ngP862PVitZsvvl6VLoui3C13webw==,Sandy,0,NA,0,0
25,5ngP862PVitZsvvl6VLoui3C13webw==,Sandy,0,F,0,0
50,5ngP862PVitZsvvl6VLoui3C13webw==,Sandy,0,NA,0,0
10,5ngP862PVitZsvvl6VLoui3C13webw==,Sandy,0,F,0,0
25,5ngP862PVitZsvvl6VLoui3C13webw==,Sandy,0,F,0,0
100,5ngP862PVitZsvvl6VLoui3C13webw==,Sandy,0,NA,0,0
50,5ngP862PVitZsvvl6VLoui3C13webw==,Sandy,0,M,0,0
10,5ngP862PVitZsvvl6VLoui3C13webw==,Sandy,0,M,0,1
10,5ngP862PVitZsvvl6VLoui3C13webw==,Sandy,0,NA,0,0
25,5ngP862PVitZsvvl6VLoui3C13webw==,Sandy,0,M,0,0
50,DEKuYcszAZjnNsFh0QSSuC3C13kfNA==,Sandy,0,M,0,0
40,DEKuYcszAZjnNsFh0QSSuC3C13kfNA==,Sandy,0,NA,0,0
25,DEKuYcszAZjnNsFh0QSSuC3C13kfNA==,Sandy,0,F,0,0
20,DEKuYcszAZjnNsFh0QSSuC3C13kfNA==,Sandy,0,NA,0,0
20,DEKuYcszAZjnNsFh0QSSuC3C13kfNA==,Sandy,0,M,0,0
25,DEKuYcszAZjnNsFh0QSSuC3C13kfNA==,Sandy,1,NA,0,0
50,DEKuYcszAZjnNsFh0QSSuC3C13kfNA==,Sandy,0,M,0,0
100,DEKuYcszAZjnNsFh0QSSuC3C13kfNA==,Sandy,0,F,0,0
100,DEKuYcszAZjnNsFh0QSSuC3C13kfNA==,Sandy,0,M,0,0
25,DEKuYcszAZjnNsFh0QSSuC3C13kfNA==,Sandy,0,F,0,0
15,DEKuYcszAZjnNsFh0QSSuC3C13kfNA==,Sandy,0,F,0,0
50,DEKuYcszAZjnNsFh0QSSuC3C13kfNA==,Sandy,0,NA,0,0
200,DEKuYcszAZjnNsFh0QSSuC3C13kfNA==,Sandy,0,NA,0,0
50,DEKuYcszAZjnNsFh0QSSuC3C13kfNA==,Sandy,0,F,0,0
40,DEKuYcszAZjnNsFh0QSSuC3C13kfNA==,Sandy,0,F,0,1
100,DEKuYcszAZjnNsFh0QSSuC3C13kfNA==,Sandy,0,F,0,0
50,DEKuYcszAZjnNsFh0QSSuC3C13kfNA==,Sandy,0,M,0,0
50,DEKuYcszAZjnNsFh0QSSuC3C13kfNA==,Sandy,0,M,0,1
25,DEKuYcszAZjnNsFh0QSSuC3C13kfNA==,Sandy,0,NA,0,0
50,DEKuYcszAZjnNsFh0QSSuC3C13kfNA==,Sandy,0,M,0,0
25,DEKuYcszAZjnNsFh0QSSuC3C13kfNA==,Sandy,0,F,0,0
50,DEKuYcszAZjnNsFh0QSSuC3C13kfNA==,Sandy,0,NA,0,0
50,DEKuYcszAZjnNsFh0QSSuC3C13kfNA==,Sandy,0,F,0,0
20,DEKuYcszAZjnNsFh0QSSuC3C13kfNA==,Sandy,1,NA,0,0
50,DEKuYcszAZjnNsFh0QSSuC3C13kfNA==,Sandy,0,F,0,0
50,DEKuYcszAZjnNsFh0QSSuC3C13kfNA==,Sandy,0,F,0,0
50,DEKuYcszAZjnNsFh0QSSuC3C13kfNA==,Sandy,0,NA,0,0
250,DEKuYcszAZjnNsFh0QSSuC3C13kfNA==,Sandy,0,M,0,0
200,DEKuYcszAZjnNsFh0QSSuC3C13kfNA==,Sandy,0,M,0,0
25,DEKuYcszAZjnNsFh0QSSuC3C13kfNA==,Sandy,0,NA,0,0
100,DEKuYcszAZjnNsFh0QSSuC3C13kfNA==,Sandy,0,NA,0,1
20,DEKuYcszAZjnNsFh0QSSuC3C13kfNA==,Sandy,0,F,0,0
300,DEKuYcszAZjnNsFh0QSSuC3C13kfNA==,Sandy,0,NA,0,0
50,DEKuYcszAZjnNsFh0QSSuC3C13kfNA==,Sandy,0,NA,0,0
200,DEKuYcszAZjnNsFh0QSSuC3C13kfNA==,Sandy,0,M,0,0
25,DEKuYcszAZjnNsFh0QSSuC3C13kfNA==,Sandy,0,F,0,0
50,DEKuYcszAZjnNsFh0QSSuC3C13kfNA==,Sandy,0,F,0,0
25,DEKuYcszAZjnNsFh0QSSuC3C13kfNA==,Sandy,0,NA,0,0
125,DEKuYcszAZjnNsFh0QSSuC3C13kfNA==,Sandy,0,NA,0,0
50,DEKuYcszAZjnNsFh0QSSuC3C13kfNA==,Sandy,1,NA,0,0
25,DEKuYcszAZjnNsFh0QSSuC3C13kfNA==,Sandy,0,F,0,0
25,DEKuYcszAZjnNsFh0QSSuC3C13kfNA==,Sandy,0,F,0,0
25,DEKuYcszAZjnNsFh0QSSuC3C13kfNA==,Sandy,0,F,0,0
100,DEKuYcszAZjnNsFh0QSSuC3C13kfNA==,Sandy,0,NA,0,0
25,DEKuYcszAZjnNsFh0QSSuC3C13kfNA==,Sandy,0,M,0,0
50,DEKuYcszAZjnNsFh0QSSuC3C13kfNA==,Sandy,0,F,0,0
25,Hfdv/JfZzWTe0fkGFJ21ii3C1nRPLA==,Sandy,0,F,0,0
50,Hfdv/JfZzWTe0fkGFJ21ii3C1nRPLA==,Sandy,1,NA,0,0
50,Hfdv/JfZzWTe0fkGFJ21ii3C1nRPLA==,Sandy,0,F,0,0
30,Hfdv/JfZzWTe0fkGFJ21ii3C1nRPLA==,Sandy,0,F,0,0
10,Hfdv/JfZzWTe0fkGFJ21ii3C1nRPLA==,Sandy,1,NA,0,0
20,Hfdv/JfZzWTe0fkGFJ21ii3C1nRPLA==,Sandy,0,NA,0,0
20,Hfdv/JfZzWTe0fkGFJ21ii3C1nRPLA==,Sandy,0,F,0,0
20,Hfdv/JfZzWTe0fkGFJ21ii3C1nRPLA==,Sandy,0,F,0,0
50,Hfdv/JfZzWTe0fkGFJ21ii3C1nRPLA==,Sandy,0,F,0,0
100,Hfdv/JfZzWTe0fkGFJ21ii3C1nRPLA==,Sandy,0,F,0,0
50,Hfdv/JfZzWTe0fkGFJ21ii3C1nRPLA==,Sandy,0,F,0,1
50,Hfdv/JfZzWTe0fkGFJ21ii3C1nRPLA==,Sandy,0,F,0,0
40,Hfdv/JfZzWTe0fkGFJ21ii3C1nRPLA==,Sandy,0,F,0,0
50,Hfdv/JfZzWTe0fkGFJ21ii3C1nRPLA==,Sandy,0,NA,0,1
25,Hfdv/JfZzWTe0fkGFJ21ii3C1nRPLA==,Sandy,0,NA,0,0
25,Hfdv/JfZzWTe0fkGFJ21ii3C1nRPLA==,Sandy,1,NA,0,0
20,Hfdv/JfZzWTe0fkGFJ21ii3C1nRPLA==,Sandy,1,NA,0,0
10,Hfdv/JfZzWTe0fkGFJ21ii3C1nRPLA==,Sandy,1,NA,0,0
100,Hfdv/JfZzWTe0fkGFJ21ii3C1nRPLA==,Sandy,0,F,0,0
150,84IoIUA1lBQdfIkTTIo1EC3C1mcLKA==,Sandy,0,NA,0,0
25,84IoIUA1lBQdfIkTTIo1EC3C1mcLKA==,Sandy,0,F,0,0
50,84IoIUA1lBQdfIkTTIo1EC3C1mcLKA==,Sandy,1,NA,0,0
50,84IoIUA1lBQdfIkTTIo1EC3C1mcLKA==,Sandy,0,NA,0,0
100,84IoIUA1lBQdfIkTTIo1EC3C1mcLKA==,Sandy,0,NA,0,0
50,84IoIUA1lBQdfIkTTIo1EC3C1mcLKA==,Sandy,0,F,0,0
50,84IoIUA1lBQdfIkTTIo1EC3C1mcLKA==,Sandy,0,F,0,0
100,84IoIUA1lBQdfIkTTIo1EC3C1mcLKA==,Sandy,0,F,0,0
50,/5CQ/0xPibffWlGuVUu/xi3C1WYZNA==,Sandy,0,NA,0,1
100,/5CQ/0xPibffWlGuVUu/xi3C1WYZNA==,Sandy,0,NA,0,0
50,/5CQ/0xPibffWlGuVUu/xi3C1WYZNA==,Sandy,0,M,0,0
40,/5CQ/0xPibffWlGuVUu/xi3C1WYZNA==,Sandy,0,F,0,0
50,/5CQ/0xPibffWlGuVUu/xi3C1WYZNA==,Sandy,0,F,0,0
50,/5CQ/0xPibffWlGuVUu/xi3C1WYZNA==,Sandy,0,NA,0,0
40,/5CQ/0xPibffWlGuVUu/xi3C1WYZNA==,Sandy,0,F,0,0
20,/5CQ/0xPibffWlGuVUu/xi3C1WYZNA==,Sandy,0,M,0,0
30,/5CQ/0xPibffWlGuVUu/xi3C1WYZNA==,Sandy,0,F,0,0
25,/5CQ/0xPibffWlGuVUu/xi3C1WYZNA==,Sandy,0,F,0,0
200,/5CQ/0xPibffWlGuVUu/xi3C1WYZNA==,Sandy,0,F,0,0
25,/5CQ/0xPibffWlGuVUu/xi3C1WYZNA==,Sandy,0,F,0,0
50,/5CQ/0xPibffWlGuVUu/xi3C1WYZNA==,Sandy,1,NA,0,0
50,/5CQ/0xPibffWlGuVUu/xi3C1WYZNA==,Sandy,0,F,0,0
10,/5CQ/0xPibffWlGuVUu/xi3C1WYZNA==,Sandy,0,F,0,0
20,/5CQ/0xPibffWlGuVUu/xi3C1WYZNA==,Sandy,0,F,0,0
100,/5CQ/0xPibffWlGuVUu/xi3C1WYZNA==,Sandy,0,F,0,0
50,/5CQ/0xPibffWlGuVUu/xi3C1WYZNA==,Sandy,0,F,0,1
20,/5CQ/0xPibffWlGuVUu/xi3C1WYZNA==,Sandy,0,F,0,0
25,/5CQ/0xPibffWlGuVUu/xi3C1WYZNA==,Sandy,0,NA,0,0
25,/5CQ/0xPibffWlGuVUu/xi3C1WYZNA==,Sandy,0,NA,0,0
10,/5CQ/0xPibffWlGuVUu/xi3C1WYZNA==,Sandy,0,F,0,0
100,/5CQ/0xPibffWlGuVUu/xi3C1WYZNA==,Sandy,0,NA,0,1
50,/5CQ/0xPibffWlGuVUu/xi3C1WYZNA==,Sandy,0,NA,0,1
25,/5CQ/0xPibffWlGuVUu/xi3C1WYZNA==,Sandy,1,NA,0,0
50,/5CQ/0xPibffWlGuVUu/xi3C1WYZNA==,Sandy,1,NA,0,0
30,/5CQ/0xPibffWlGuVUu/xi3C1WYZNA==,Sandy,0,F,0,0
50,/5CQ/0xPibffWlGuVUu/xi3C1WYZNA==,Sandy,0,F,0,0
100,/5CQ/0xPibffWlGuVUu/xi3C1WYZNA==,Sandy,0,F,0,1
50,/5CQ/0xPibffWlGuVUu/xi3C1WYZNA==,Sandy,0,F,0,0
50,/5CQ/0xPibffWlGuVUu/xi3C1WYZNA==,Sandy,0,F,0,0
400,/5CQ/0xPibffWlGuVUu/xi3C1WYZNA==,Sandy,0,F,0,0
50,/5CQ/0xPibffWlGuVUu/xi3C1WYZNA==,Sandy,0,F,0,1
150,/5CQ/0xPibffWlGuVUu/xi3C1WYZNA==,Sandy,0,F,0,0
100,/5CQ/0xPibffWlGuVUu/xi3C1WYZNA==,Sandy,0,F,0,0
30,/5CQ/0xPibffWlGuVUu/xi3C1WYZNA==,Sandy,0,F,0,1
100,/5CQ/0xPibffWlGuVUu/xi3C1WYZNA==,Sandy,0,NA,0,0
100,/5CQ/0xPibffWlGuVUu/xi3C1WYZNA==,Sandy,0,F,0,0
100,/5CQ/0xPibffWlGuVUu/xi3C1WYZNA==,Sandy,0,F,0,1
50,/5CQ/0xPibffWlGuVUu/xi3C1WYZNA==,Sandy,0,NA,0,0
25,/5CQ/0xPibffWlGuVUu/xi3C1WYZNA==,Sandy,0,F,0,0
30,/5CQ/0xPibffWlGuVUu/xi3C1WYZNA==,Sandy,0,F,0,1
100,/5CQ/0xPibffWlGuVUu/xi3C1WYZNA==,Sandy,0,NA,0,0
50,/5CQ/0xPibffWlGuVUu/xi3C1WYZNA==,Sandy,0,NA,0,0
200,/5CQ/0xPibffWlGuVUu/xi3C1WYZNA==,Sandy,0,NA,0,1
25,/5CQ/0xPibffWlGuVUu/xi3C1WYZNA==,Sandy,0,F,0,1
50,/5CQ/0xPibffWlGuVUu/xi3C1WYZNA==,Sandy,0,NA,0,0
50,/5CQ/0xPibffWlGuVUu/xi3C1WYZNA==,Sandy,0,F,0,1
50,/5CQ/0xPibffWlGuVUu/xi3C1WYZNA==,Sandy,0,F,0,0
30,/5CQ/0xPibffWlGuVUu/xi3C1WYZNA==,Sandy,0,F,0,1
100,/5CQ/0xPibffWlGuVUu/xi3C1WYZNA==,Sandy,0,NA,0,0
50,/5CQ/0xPibffWlGuVUu/xi3C1WYZNA==,Sandy,0,NA,0,0
50,/5CQ/0xPibffWlGuVUu/xi3C1WYZNA==,Sandy,0,M,0,0
25,/5CQ/0xPibffWlGuVUu/xi3C1WYZNA==,Sandy,0,F,0,0
100,/5CQ/0xPibffWlGuVUu/xi3C1WYZNA==,Sandy,0,NA,1,1
100,/5CQ/0xPibffWlGuVUu/xi3C1WYZNA==,Sandy,0,F,0,0
20,/5CQ/0xPibffWlGuVUu/xi3C1WYZNA==,Sandy,0,F,0,0
50,/5CQ/0xPibffWlGuVUu/xi3C1WYZNA==,Sandy,0,F,0,1
20,/5CQ/0xPibffWlGuVUu/xi3C1WYZNA==,Sandy,1,NA,0,0
25,/5CQ/0xPibffWlGuVUu/xi3C1WYZNA==,Sandy,0,F,0,0
20,/5CQ/0xPibffWlGuVUu/xi3C1WYZNA==,Sandy,1,NA,0,0
50,/5CQ/0xPibffWlGuVUu/xi3C1WYZNA==,Sandy,0,F,0,0
50,/5CQ/0xPibffWlGuVUu/xi3C1WYZNA==,Sandy,0,F,0,1
50,/5CQ/0xPibffWlGuVUu/xi3C1WYZNA==,Sandy,0,F,0,1
100,/5CQ/0xPibffWlGuVUu/xi3C1WYZNA==,Sandy,0,F,1,0
8,pIINkQFrBZYbQgyPImOV+S3C1WYCbw==,Sandy,1,NA,0,0
50,pIINkQFrBZYbQgyPImOV+S3C1WYCbw==,Sandy,0,F,0,0
25,pIINkQFrBZYbQgyPImOV+S3C1WYCbw==,Sandy,0,M,0,0
150,pIINkQFrBZYbQgyPImOV+S3C1WYCbw==,Sandy,0,NA,0,0
100,pIINkQFrBZYbQgyPImOV+S3C1WYCbw==,Sandy,0,M,0,0
25,pIINkQFrBZYbQgyPImOV+S3C1WYCbw==,Sandy,0,NA,0,0
50,pIINkQFrBZYbQgyPImOV+S3C1WYCbw==,Sandy,0,NA,0,0
50,pIINkQFrBZYbQgyPImOV+S3C1WYCbw==,Sandy,0,NA,0,0
40,pIINkQFrBZYbQgyPImOV+S3C1WYCbw==,Sandy,0,NA,0,0
40,pIINkQFrBZYbQgyPImOV+S3C1WYCbw==,Sandy,0,F,0,0
150,pIINkQFrBZYbQgyPImOV+S3C1WYCbw==,Sandy,0,M,0,0
50,pIINkQFrBZYbQgyPImOV+S3C1WYCbw==,Sandy,0,NA,0,0
75,pIINkQFrBZYbQgyPImOV+S3C1WYCbw==,Sandy,0,NA,0,0
100,pIINkQFrBZYbQgyPImOV+S3C1WYCbw==,Sandy,0,NA,0,1
40,pIINkQFrBZYbQgyPImOV+S3C1WYCbw==,Sandy,0,F,0,0
50,pIINkQFrBZYbQgyPImOV+S3C1WYCbw==,Sandy,0,F,0,1
10,pIINkQFrBZYbQgyPImOV+S3C1WYCbw==,Sandy,0,F,0,0
50,pIINkQFrBZYbQgyPImOV+S3C1WYCbw==,Sandy,0,F,0,0
25,pIINkQFrBZYbQgyPImOV+S3C1WYCbw==,Sandy,0,F,0,1
150,pIINkQFrBZYbQgyPImOV+S3C1WYCbw==,Sandy,0,NA,0,0
50,pIINkQFrBZYbQgyPImOV+S3C1WYCbw==,Sandy,0,F,0,1
50,pIINkQFrBZYbQgyPImOV+S3C1WYCbw==,Sandy,0,NA,0,1
50,pIINkQFrBZYbQgyPImOV+S3C1WYCbw==,Sandy,0,M,0,0
50,pIINkQFrBZYbQgyPImOV+S3C1WYCbw==,Sandy,0,F,0,0
50,pIINkQFrBZYbQgyPImOV+S3C1WYCbw==,Sandy,0,F,0,1
50,pIINkQFrBZYbQgyPImOV+S3C1WYCbw==,Sandy,0,F,0,1
100,pIINkQFrBZYbQgyPImOV+S3C1WYCbw==,Sandy,0,M,0,0
100,pIINkQFrBZYbQgyPImOV+S3C1WYCbw==,Sandy,0,F,0,0
100,pIINkQFrBZYbQgyPImOV+S3C1WYCbw==,Sandy,1,NA,0,0
50,pIINkQFrBZYbQgyPImOV+S3C1WYCbw==,Sandy,0,NA,0,1
100,pIINkQFrBZYbQgyPImOV+S3C1WYCbw==,Sandy,0,M,0,0
100,pIINkQFrBZYbQgyPImOV+S3C1WYCbw==,Sandy,0,NA,0,0
30,pIINkQFrBZYbQgyPImOV+S3C1WYCbw==,Sandy,0,M,0,0
50,pIINkQFrBZYbQgyPImOV+S3C1WYCbw==,Sandy,0,NA,0,0
250,pIINkQFrBZYbQgyPImOV+S3C1WYCbw==,Sandy,0,NA,0,0
25,pIINkQFrBZYbQgyPImOV+S3C1WYCbw==,Sandy,1,NA,0,0
50,pIINkQFrBZYbQgyPImOV+S3C1WYCbw==,Sandy,0,F,0,0
50,pIINkQFrBZYbQgyPImOV+S3C1WYCbw==,Sandy,0,F,0,0
150,pIINkQFrBZYbQgyPImOV+S3C1WYCbw==,Sandy,0,F,0,0
50,pIINkQFrBZYbQgyPImOV+S3C1WYCbw==,Sandy,0,F,0,0
50,pIINkQFrBZYbQgyPImOV+S3C1WYCbw==,Sandy,0,NA,0,0
100,pIINkQFrBZYbQgyPImOV+S3C1WYCbw==,Sandy,0,F,0,0
100,pIINkQFrBZYbQgyPImOV+S3C1WYCbw==,Sandy,1,NA,0,0
50,pIINkQFrBZYbQgyPImOV+S3C1WYCbw==,Sandy,0,F,0,1
100,pIINkQFrBZYbQgyPImOV+S3C1WYCbw==,Sandy,0,NA,0,0
150,pIINkQFrBZYbQgyPImOV+S3C1WYCbw==,Sandy,0,NA,0,0
50,pIINkQFrBZYbQgyPImOV+S3C1WYCbw==,Sandy,0,F,0,0
500,pIINkQFrBZYbQgyPImOV+S3C1WYCbw==,Sandy,0,F,0,0
500,pIINkQFrBZYbQgyPImOV+S3C1WYCbw==,Sandy,1,NA,0,0
270,pIINkQFrBZYbQgyPImOV+S3C1WYCbw==,Sandy,1,NA,0,0
50,pIINkQFrBZYbQgyPImOV+S3C1WYCbw==,Sandy,0,F,0,0
100,pIINkQFrBZYbQgyPImOV+S3C1WYCbw==,Sandy,0,NA,0,0
40,pIINkQFrBZYbQgyPImOV+S3C1WYCbw==,Sandy,0,NA,0,0
35,pIINkQFrBZYbQgyPImOV+S3C1WYCbw==,Sandy,1,NA,0,0
100,pIINkQFrBZYbQgyPImOV+S3C1WYCbw==,Sandy,0,NA,0,0
50,pIINkQFrBZYbQgyPImOV+S3C1WYCbw==,Sandy,0,F,0,0
55,pIINkQFrBZYbQgyPImOV+S3C1WYCbw==,Sandy,0,NA,0,0
100,pIINkQFrBZYbQgyPImOV+S3C1WYCbw==,Sandy,0,NA,0,0
50,pIINkQFrBZYbQgyPImOV+S3C1WYCbw==,Sandy,0,F,0,0
150,pIINkQFrBZYbQgyPImOV+S3C1WYCbw==,Sandy,0,NA,0,0
50,pIINkQFrBZYbQgyPImOV+S3C1WYCbw==,Sandy,0,NA,0,0
50,pIINkQFrBZYbQgyPImOV+S3C1WYCbw==,Sandy,0,M,0,0
100,pIINkQFrBZYbQgyPImOV+S3C1WYCbw==,Sandy,0,NA,0,0
100,pIINkQFrBZYbQgyPImOV+S3C1WYCbw==,Sandy,0,F,0,1
100,pIINkQFrBZYbQgyPImOV+S3C1WYCbw==,Sandy,0,M,0,0
100,pIINkQFrBZYbQgyPImOV+S3C1WYCbw==,Sandy,0,F,0,0
100,pIINkQFrBZYbQgyPImOV+S3C1WYCbw==,Sandy,1,NA,0,0
100,pIINkQFrBZYbQgyPImOV+S3C1WYCbw==,Sandy,0,NA,0,0
50,pIINkQFrBZYbQgyPImOV+S3C1WYCbw==,Sandy,1,NA,0,0
50,pIINkQFrBZYbQgyPImOV+S3C1WYCbw==,Sandy,0,NA,0,0
50,pIINkQFrBZYbQgyPImOV+S3C1WYCbw==,Sandy,0,F,0,0
100,pIINkQFrBZYbQgyPImOV+S3C1WYCbw==,Sandy,0,NA,0,0
100,pIINkQFrBZYbQgyPImOV+S3C1WYCbw==,Sandy,0,F,0,1
30,pIINkQFrBZYbQgyPImOV+S3C1WYCbw==,Sandy,0,F,0,0
50,pIINkQFrBZYbQgyPImOV+S3C1WYCbw==,Sandy,0,M,0,0
50,pIINkQFrBZYbQgyPImOV+S3C1WYCbw==,Sandy,0,NA,0,0
500,pIINkQFrBZYbQgyPImOV+S3C1WYCbw==,Sandy,1,NA,0,0
150,pIINkQFrBZYbQgyPImOV+S3C1WYCbw==,Sandy,0,M,0,0
100,pIINkQFrBZYbQgyPImOV+S3C1WYCbw==,Sandy,0,M,0,0
40,pIINkQFrBZYbQgyPImOV+S3C1WYCbw==,Sandy,0,F,0,0
75,pIINkQFrBZYbQgyPImOV+S3C1WYCbw==,Sandy,0,F,0,1
100,pIINkQFrBZYbQgyPImOV+S3C1WYCbw==,Sandy,0,NA,0,0
100,pIINkQFrBZYbQgyPImOV+S3C1WYCbw==,Sandy,0,NA,0,0
50,pIINkQFrBZYbQgyPImOV+S3C1WYCbw==,Sandy,1,NA,0,0
100,pIINkQFrBZYbQgyPImOV+S3C1WYCbw==,Sandy,0,F,0,0
50,pIINkQFrBZYbQgyPImOV+S3C1WYCbw==,Sandy,0,F,0,1
20,pIINkQFrBZYbQgyPImOV+S3C1WYCbw==,Sandy,1,NA,0,0
100,pIINkQFrBZYbQgyPImOV+S3C1WYCbw==,Sandy,0,M,0,0
50,pIINkQFrBZYbQgyPImOV+S3C1WYCbw==,Sandy,0,F,0,0
40,pIINkQFrBZYbQgyPImOV+S3C1WYCbw==,Sandy,1,NA,0,0
40,pIINkQFrBZYbQgyPImOV+S3C1WYCbw==,Sandy,1,NA,0,0
500,pIINkQFrBZYbQgyPImOV+S3C1WYCbw==,Sandy,0,NA,0,0
100,pIINkQFrBZYbQgyPImOV+S3C1WYCbw==,Sandy,0,NA,0,0
50,pIINkQFrBZYbQgyPImOV+S3C1WYCbw==,Sandy,0,NA,0,0
40,pIINkQFrBZYbQgyPImOV+S3C1WYCbw==,Sandy,0,F,0,0
150,pIINkQFrBZYbQgyPImOV+S3C1WYCbw==,Sandy,0,F,0,0
50,pIINkQFrBZYbQgyPImOV+S3C1WYCbw==,Sandy,0,M,0,0
100,pIINkQFrBZYbQgyPImOV+S3C1WYCbw==,Sandy,0,F,0,0
40,pIINkQFrBZYbQgyPImOV+S3C1WYCbw==,Sandy,0,M,0,0
50,pIINkQFrBZYbQgyPImOV+S3C1WYCbw==,Sandy,0,NA,0,1
50,pIINkQFrBZYbQgyPImOV+S3C1WYCbw==,Sandy,0,F,0,0
40,pIINkQFrBZYbQgyPImOV+S3C1WYCbw==,Sandy,0,F,0,0
100,pIINkQFrBZYbQgyPImOV+S3C1WYCbw==,Sandy,0,F,0,0
50,pIINkQFrBZYbQgyPImOV+S3C1WYCbw==,Sandy,0,M,0,0
50,pIINkQFrBZYbQgyPImOV+S3C1WYCbw==,Sandy,0,NA,0,0
200,pIINkQFrBZYbQgyPImOV+S3C1WYCbw==,Sandy,1,NA,0,0
200,pIINkQFrBZYbQgyPImOV+S3C1WYCbw==,Sandy,0,F,0,0
30,pIINkQFrBZYbQgyPImOV+S3C1WYCbw==,Sandy,0,M,0,0
100,pIINkQFrBZYbQgyPImOV+S3C1WYCbw==,Sandy,0,F,0,0
50,pIINkQFrBZYbQgyPImOV+S3C1WYCbw==,Sandy,0,NA,0,0
50,hA075Qg5Tx/JVZJ1qkNeLy3C1CQKaw==,Sandy,0,NA,0,0
100,hA075Qg5Tx/JVZJ1qkNeLy3C1CQKaw==,Sandy,0,F,1,0
40,hA075Qg5Tx/JVZJ1qkNeLy3C1CQKaw==,Sandy,0,M,0,0
40,hA075Qg5Tx/JVZJ1qkNeLy3C1CQKaw==,Sandy,0,F,0,0
75,hA075Qg5Tx/JVZJ1qkNeLy3C1CQKaw==,Sandy,0,F,0,0
50,hA075Qg5Tx/JVZJ1qkNeLy3C1CQKaw==,Sandy,0,F,0,0
100,hA075Qg5Tx/JVZJ1qkNeLy3C1CQKaw==,Sandy,0,F,0,0
25,hA075Qg5Tx/JVZJ1qkNeLy3C1CQKaw==,Sandy,1,NA,0,0
25,hA075Qg5Tx/JVZJ1qkNeLy3C1CQKaw==,Sandy,0,F,0,0
25,hA075Qg5Tx/JVZJ1qkNeLy3C1CQKaw==,Sandy,0,F,0,0
50,hA075Qg5Tx/JVZJ1qkNeLy3C1CQKaw==,Sandy,0,F,0,0
25,hA075Qg5Tx/JVZJ1qkNeLy3C1CQKaw==,Sandy,0,F,0,0
50,hA075Qg5Tx/JVZJ1qkNeLy3C1CQKaw==,Sandy,0,F,0,0
30,hA075Qg5Tx/JVZJ1qkNeLy3C1CQKaw==,Sandy,0,NA,0,1
50,bxraCZ0ld4SMXtE0CvlSuS3C1C4VPA==,Sandy,0,F,0,0
100,bxraCZ0ld4SMXtE0CvlSuS3C1C4VPA==,Sandy,0,NA,0,0
25,bxraCZ0ld4SMXtE0CvlSuS3C1C4VPA==,Sandy,0,F,0,0
100,bxraCZ0ld4SMXtE0CvlSuS3C1C4VPA==,Sandy,0,F,0,0
25,bxraCZ0ld4SMXtE0CvlSuS3C1C4VPA==,Sandy,0,F,0,0
5,bxraCZ0ld4SMXtE0CvlSuS3C1C4VPA==,Sandy,0,NA,0,0
10,bxraCZ0ld4SMXtE0CvlSuS3C1C4VPA==,Sandy,0,F,0,0
10,bxraCZ0ld4SMXtE0CvlSuS3C1C4VPA==,Sandy,0,F,0,0
25,bxraCZ0ld4SMXtE0CvlSuS3C1C4VPA==,Sandy,0,M,0,0
200,bxraCZ0ld4SMXtE0CvlSuS3C1C4VPA==,Sandy,0,F,0,0
10,bxraCZ0ld4SMXtE0CvlSuS3C1C4VPA==,Sandy,0,F,0,0
100,bxraCZ0ld4SMXtE0CvlSuS3C1C4VPA==,Sandy,0,M,0,0
25,bxraCZ0ld4SMXtE0CvlSuS3C1C4VPA==,Sandy,0,F,0,0
10,bxraCZ0ld4SMXtE0CvlSuS3C1C4VPA==,Sandy,0,F,0,0
20,bxraCZ0ld4SMXtE0CvlSuS3C1C4VPA==,Sandy,0,NA,0,0
100,NEfN+sBzg13GVzvgR58/9C3C2yQNKA==,Sandy,0,NA,0,0
50,NEfN+sBzg13GVzvgR58/9C3C2yQNKA==,Sandy,0,M,0,0
200,NEfN+sBzg13GVzvgR58/9C3C2yQNKA==,Sandy,0,NA,0,0
100,NEfN+sBzg13GVzvgR58/9C3C2yQNKA==,Sandy,0,NA,0,0
20,NEfN+sBzg13GVzvgR58/9C3C2yQNKA==,Sandy,0,F,0,0
75,NEfN+sBzg13GVzvgR58/9C3C2yQNKA==,Sandy,1,NA,0,0
50,NEfN+sBzg13GVzvgR58/9C3C2yQNKA==,Sandy,1,NA,0,0
100,NEfN+sBzg13GVzvgR58/9C3C2yQNKA==,Sandy,0,M,0,0
20,NEfN+sBzg13GVzvgR58/9C3C2yQNKA==,Sandy,0,NA,0,0
50,NEfN+sBzg13GVzvgR58/9C3C2yQNKA==,Sandy,0,NA,0,0
100,NEfN+sBzg13GVzvgR58/9C3C2yQNKA==,Sandy,0,M,0,0
50,NEfN+sBzg13GVzvgR58/9C3C2yQNKA==,Sandy,0,NA,0,0
50,NEfN+sBzg13GVzvgR58/9C3C2yQNKA==,Sandy,1,NA,0,0
25,NEfN+sBzg13GVzvgR58/9C3C2yQNKA==,Sandy,1,NA,0,0
20,NEfN+sBzg13GVzvgR58/9C3C2yQNKA==,Sandy,1,NA,0,0
100,NEfN+sBzg13GVzvgR58/9C3C2yQNKA==,Sandy,0,M,0,0
100,NEfN+sBzg13GVzvgR58/9C3C2yQNKA==,Sandy,0,M,0,0
10,NEfN+sBzg13GVzvgR58/9C3C2yQNKA==,Sandy,1,NA,0,0
50,NEfN+sBzg13GVzvgR58/9C3C2yQNKA==,Sandy,1,NA,0,0
100,NEfN+sBzg13GVzvgR58/9C3C2yQNKA==,Sandy,0,M,0,0
100,NEfN+sBzg13GVzvgR58/9C3C2yQNKA==,Sandy,0,M,0,0
100,NEfN+sBzg13GVzvgR58/9C3C2yQNKA==,Sandy,0,NA,1,0
100,NEfN+sBzg13GVzvgR58/9C3C2yQNKA==,Sandy,1,NA,0,0
100,hFZsrJVQhSwB4rJJ9cs8yy3C23oabw==,Sandy,0,M,0,0
500,hFZsrJVQhSwB4rJJ9cs8yy3C23oabw==,Sandy,0,M,0,0
150,hFZsrJVQhSwB4rJJ9cs8yy3C23oabw==,Sandy,0,NA,0,0
100,hFZsrJVQhSwB4rJJ9cs8yy3C23oabw==,Sandy,0,F,0,0
200,hFZsrJVQhSwB4rJJ9cs8yy3C23oabw==,Sandy,1,NA,0,0
50,hFZsrJVQhSwB4rJJ9cs8yy3C23oabw==,Sandy,0,NA,0,0
500,hFZsrJVQhSwB4rJJ9cs8yy3C23oabw==,Sandy,1,NA,0,0
100,hFZsrJVQhSwB4rJJ9cs8yy3C23oabw==,Sandy,0,F,0,1
150,hFZsrJVQhSwB4rJJ9cs8yy3C23oabw==,Sandy,1,NA,0,0
100,hFZsrJVQhSwB4rJJ9cs8yy3C23oabw==,Sandy,0,F,0,0
100,hFZsrJVQhSwB4rJJ9cs8yy3C23oabw==,Sandy,0,NA,0,0
100,hFZsrJVQhSwB4rJJ9cs8yy3C23oabw==,Sandy,1,NA,0,0
500,hFZsrJVQhSwB4rJJ9cs8yy3C23oabw==,Sandy,1,NA,0,0
50,hFZsrJVQhSwB4rJJ9cs8yy3C23oabw==,Sandy,0,F,0,0
100,hFZsrJVQhSwB4rJJ9cs8yy3C23oabw==,Sandy,0,NA,0,0
25,hFZsrJVQhSwB4rJJ9cs8yy3C23oabw==,Sandy,0,NA,0,0
100,hFZsrJVQhSwB4rJJ9cs8yy3C23oabw==,Sandy,1,NA,0,0
50,hFZsrJVQhSwB4rJJ9cs8yy3C23oabw==,Sandy,1,NA,0,0
100,hFZsrJVQhSwB4rJJ9cs8yy3C23oabw==,Sandy,1,NA,0,0
200,hFZsrJVQhSwB4rJJ9cs8yy3C23oabw==,Sandy,0,NA,0,0
50,hFZsrJVQhSwB4rJJ9cs8yy3C23oabw==,Sandy,0,F,0,0
100,hFZsrJVQhSwB4rJJ9cs8yy3C23oabw==,Sandy,0,F,0,0
200,hFZsrJVQhSwB4rJJ9cs8yy3C23oabw==,Sandy,0,M,0,0
50,hFZsrJVQhSwB4rJJ9cs8yy3C23oabw==,Sandy,0,M,0,0
1000,hFZsrJVQhSwB4rJJ9cs8yy3C23oabw==,Sandy,1,NA,0,0
50,hFZsrJVQhSwB4rJJ9cs8yy3C23oabw==,Sandy,0,NA,0,0
50,hFZsrJVQhSwB4rJJ9cs8yy3C23oabw==,Sandy,1,NA,0,0
50,hFZsrJVQhSwB4rJJ9cs8yy3C23oabw==,Sandy,0,NA,0,0
25,hFZsrJVQhSwB4rJJ9cs8yy3C23oabw==,Sandy,1,NA,0,0
100,hFZsrJVQhSwB4rJJ9cs8yy3C23oabw==,Sandy,0,NA,0,0
75,hFZsrJVQhSwB4rJJ9cs8yy3C23oabw==,Sandy,0,F,0,0
50,hFZsrJVQhSwB4rJJ9cs8yy3C23oabw==,Sandy,0,NA,0,0
100,hFZsrJVQhSwB4rJJ9cs8yy3C23oabw==,Sandy,0,NA,0,0
100,hFZsrJVQhSwB4rJJ9cs8yy3C23oabw==,Sandy,0,NA,0,0
100,hFZsrJVQhSwB4rJJ9cs8yy3C23oabw==,Sandy,0,NA,0,0
500,hFZsrJVQhSwB4rJJ9cs8yy3C23oabw==,Sandy,1,NA,0,0
100,hFZsrJVQhSwB4rJJ9cs8yy3C23oabw==,Sandy,1,NA,0,0
200,hFZsrJVQhSwB4rJJ9cs8yy3C23oabw==,Sandy,0,NA,0,0
25,hFZsrJVQhSwB4rJJ9cs8yy3C23oabw==,Sandy,0,F,0,0
100,hFZsrJVQhSwB4rJJ9cs8yy3C23oabw==,Sandy,1,NA,0,0
100,hFZsrJVQhSwB4rJJ9cs8yy3C23oabw==,Sandy,0,M,0,0
100,hFZsrJVQhSwB4rJJ9cs8yy3C23oabw==,Sandy,0,NA,0,0
100,hFZsrJVQhSwB4rJJ9cs8yy3C23oabw==,Sandy,0,M,0,0
100,hFZsrJVQhSwB4rJJ9cs8yy3C23oabw==,Sandy,0,M,0,0
25,hFZsrJVQhSwB4rJJ9cs8yy3C23oabw==,Sandy,0,F,0,1
10,hFZsrJVQhSwB4rJJ9cs8yy3C23oabw==,Sandy,1,NA,0,0
200,hFZsrJVQhSwB4rJJ9cs8yy3C23oabw==,Sandy,0,M,0,0
25,hFZsrJVQhSwB4rJJ9cs8yy3C23oabw==,Sandy,0,M,0,0
50,hFZsrJVQhSwB4rJJ9cs8yy3C23oabw==,Sandy,1,NA,0,0
500,hFZsrJVQhSwB4rJJ9cs8yy3C23oabw==,Sandy,0,NA,0,0
150,hFZsrJVQhSwB4rJJ9cs8yy3C23oabw==,Sandy,0,F,0,0
100,hFZsrJVQhSwB4rJJ9cs8yy3C23oabw==,Sandy,0,F,1,1
500,hFZsrJVQhSwB4rJJ9cs8yy3C23oabw==,Sandy,0,NA,0,0
100,hFZsrJVQhSwB4rJJ9cs8yy3C23oabw==,Sandy,1,NA,0,0
25,hFZsrJVQhSwB4rJJ9cs8yy3C23oabw==,Sandy,0,F,0,0
600,hFZsrJVQhSwB4rJJ9cs8yy3C23oabw==,Sandy,0,F,0,0
40,hFZsrJVQhSwB4rJJ9cs8yy3C23oabw==,Sandy,1,NA,0,0
200,hFZsrJVQhSwB4rJJ9cs8yy3C23oabw==,Sandy,0,NA,0,1
200,hFZsrJVQhSwB4rJJ9cs8yy3C23oabw==,Sandy,0,NA,0,0
10,hFZsrJVQhSwB4rJJ9cs8yy3C23oabw==,Sandy,1,NA,0,0
50,hFZsrJVQhSwB4rJJ9cs8yy3C23oabw==,Sandy,0,F,0,0
250,hFZsrJVQhSwB4rJJ9cs8yy3C23oabw==,Sandy,0,F,0,0
100,hFZsrJVQhSwB4rJJ9cs8yy3C23oabw==,Sandy,0,M,0,0
250,hFZsrJVQhSwB4rJJ9cs8yy3C23oabw==,Sandy,0,M,0,0
200,hFZsrJVQhSwB4rJJ9cs8yy3C23oabw==,Sandy,0,NA,0,0
250,hFZsrJVQhSwB4rJJ9cs8yy3C23oabw==,Sandy,0,NA,0,0
200,hFZsrJVQhSwB4rJJ9cs8yy3C23oabw==,Sandy,0,NA,0,0
55,hFZsrJVQhSwB4rJJ9cs8yy3C23oabw==,Sandy,0,F,0,0
200,hFZsrJVQhSwB4rJJ9cs8yy3C23oabw==,Sandy,0,NA,0,0
100,hFZsrJVQhSwB4rJJ9cs8yy3C23oabw==,Sandy,0,M,0,0
250,hFZsrJVQhSwB4rJJ9cs8yy3C23oabw==,Sandy,0,M,0,0
300,hFZsrJVQhSwB4rJJ9cs8yy3C23oabw==,Sandy,1,NA,0,0
100,hFZsrJVQhSwB4rJJ9cs8yy3C23oabw==,Sandy,0,M,0,0
250,hFZsrJVQhSwB4rJJ9cs8yy3C23oabw==,Sandy,0,NA,0,0
100,hFZsrJVQhSwB4rJJ9cs8yy3C23oabw==,Sandy,0,NA,0,0
200,hFZsrJVQhSwB4rJJ9cs8yy3C23oabw==,Sandy,1,NA,0,0
100,hFZsrJVQhSwB4rJJ9cs8yy3C23oabw==,Sandy,0,NA,0,0
250,hFZsrJVQhSwB4rJJ9cs8yy3C23oabw==,Sandy,0,M,0,0
25,hFZsrJVQhSwB4rJJ9cs8yy3C23oabw==,Sandy,0,NA,0,0
200,hFZsrJVQhSwB4rJJ9cs8yy3C23oabw==,Sandy,1,NA,0,0
100,hFZsrJVQhSwB4rJJ9cs8yy3C23oabw==,Sandy,1,NA,0,0
100,hFZsrJVQhSwB4rJJ9cs8yy3C23oabw==,Sandy,0,NA,0,0
100,hFZsrJVQhSwB4rJJ9cs8yy3C23oabw==,Sandy,1,NA,0,0
50,hFZsrJVQhSwB4rJJ9cs8yy3C23oabw==,Sandy,0,NA,0,0
500,hFZsrJVQhSwB4rJJ9cs8yy3C23oabw==,Sandy,1,NA,0,0
20,hFZsrJVQhSwB4rJJ9cs8yy3C23oabw==,Sandy,1,NA,0,0
100,hFZsrJVQhSwB4rJJ9cs8yy3C23oabw==,Sandy,0,NA,0,0
100,hFZsrJVQhSwB4rJJ9cs8yy3C23oabw==,Sandy,0,NA,0,0
50,hFZsrJVQhSwB4rJJ9cs8yy3C23oabw==,Sandy,0,NA,0,0
525,hFZsrJVQhSwB4rJJ9cs8yy3C23oabw==,Sandy,1,NA,0,0
100,hFZsrJVQhSwB4rJJ9cs8yy3C23oabw==,Sandy,1,NA,0,0
25,hFZsrJVQhSwB4rJJ9cs8yy3C23oabw==,Sandy,1,NA,0,0
100,hFZsrJVQhSwB4rJJ9cs8yy3C23oabw==,Sandy,0,NA,0,0
400,hFZsrJVQhSwB4rJJ9cs8yy3C23oabw==,Sandy,0,M,0,0
100,hFZsrJVQhSwB4rJJ9cs8yy3C23oabw==,Sandy,0,M,0,0
25,hFZsrJVQhSwB4rJJ9cs8yy3C23oabw==,Sandy,0,NA,0,0
75,hFZsrJVQhSwB4rJJ9cs8yy3C23oabw==,Sandy,1,NA,0,0
200,hFZsrJVQhSwB4rJJ9cs8yy3C23oabw==,Sandy,1,NA,0,0
20,pHPWScbI0Sn9tatthlo0JS3C2SJOaw==,Sandy,0,NA,0,0
100,pHPWScbI0Sn9tatthlo0JS3C2SJOaw==,Sandy,0,F,0,0
10,pHPWScbI0Sn9tatthlo0JS3C2SJOaw==,Sandy,0,NA,0,0
36,pHPWScbI0Sn9tatthlo0JS3C2SJOaw==,Sandy,0,F,0,0
25,pHPWScbI0Sn9tatthlo0JS3C2SJOaw==,Sandy,1,NA,0,0
50,pHPWScbI0Sn9tatthlo0JS3C2SJOaw==,Sandy,0,NA,0,0
10,pHPWScbI0Sn9tatthlo0JS3C2SJOaw==,Sandy,1,NA,0,0
40,pHPWScbI0Sn9tatthlo0JS3C2SJOaw==,Sandy,0,F,0,0
15,pHPWScbI0Sn9tatthlo0JS3C2SJOaw==,Sandy,0,M,0,0
10,pHPWScbI0Sn9tatthlo0JS3C2SJOaw==,Sandy,0,F,0,0
100,pHPWScbI0Sn9tatthlo0JS3C2SJOaw==,Sandy,0,F,0,0
50,pHPWScbI0Sn9tatthlo0JS3C2SJOaw==,Sandy,0,F,0,0
200,pHPWScbI0Sn9tatthlo0JS3C2SJOaw==,Sandy,0,NA,0,0
20,pHPWScbI0Sn9tatthlo0JS3C2SJOaw==,Sandy,0,F,0,0
10,pHPWScbI0Sn9tatthlo0JS3C2SJOaw==,Sandy,1,NA,0,0
50,pHPWScbI0Sn9tatthlo0JS3C2SJOaw==,Sandy,0,M,0,0
20,pHPWScbI0Sn9tatthlo0JS3C2SJOaw==,Sandy,1,NA,0,0
100,pHPWScbI0Sn9tatthlo0JS3C2SJOaw==,Sandy,0,NA,0,0
25,pHPWScbI0Sn9tatthlo0JS3C2SJOaw==,Sandy,1,NA,0,0
20,pHPWScbI0Sn9tatthlo0JS3C2SJOaw==,Sandy,1,NA,0,0
40,pHPWScbI0Sn9tatthlo0JS3C2SJOaw==,Sandy,1,NA,0,0
20,pHPWScbI0Sn9tatthlo0JS3C2SJOaw==,Sandy,0,NA,0,0
5,pHPWScbI0Sn9tatthlo0JS3C2SJOaw==,Sandy,0,F,0,0
100,pHPWScbI0Sn9tatthlo0JS3C2SJOaw==,Sandy,0,F,0,0
25,pHPWScbI0Sn9tatthlo0JS3C2SJOaw==,Sandy,0,NA,0,0
20,pHPWScbI0Sn9tatthlo0JS3C2SJOaw==,Sandy,0,F,0,0
20,pHPWScbI0Sn9tatthlo0JS3C2SJOaw==,Sandy,0,F,0,0
50,pHPWScbI0Sn9tatthlo0JS3C2SJOaw==,Sandy,0,F,0,0
5,pHPWScbI0Sn9tatthlo0JS3C2SJOaw==,Sandy,0,F,0,0
20,pHPWScbI0Sn9tatthlo0JS3C2SJOaw==,Sandy,1,NA,0,0
150,pHPWScbI0Sn9tatthlo0JS3C2SJOaw==,Sandy,0,F,0,0
50,pHPWScbI0Sn9tatthlo0JS3C2SJOaw==,Sandy,1,NA,0,0
20,pHPWScbI0Sn9tatthlo0JS3C2SJOaw==,Sandy,1,NA,0,0
15,pHPWScbI0Sn9tatthlo0JS3C2SJOaw==,Sandy,0,F,0,0
10,pHPWScbI0Sn9tatthlo0JS3C2SJOaw==,Sandy,0,NA,0,0
25,pHPWScbI0Sn9tatthlo0JS3C2SJOaw==,Sandy,0,NA,0,0
20,pHPWScbI0Sn9tatthlo0JS3C2SJOaw==,Sandy,0,F,0,0
15,pHPWScbI0Sn9tatthlo0JS3C2SJOaw==,Sandy,0,F,0,0
20,pHPWScbI0Sn9tatthlo0JS3C2SJOaw==,Sandy,1,NA,0,0
20,pHPWScbI0Sn9tatthlo0JS3C2SJOaw==,Sandy,0,F,0,0
100,pHPWScbI0Sn9tatthlo0JS3C2SJOaw==,Sandy,0,NA,0,0
20,pHPWScbI0Sn9tatthlo0JS3C2SJOaw==,Sandy,0,F,0,0
10,pHPWScbI0Sn9tatthlo0JS3C2SJOaw==,Sandy,0,F,0,0
50,pHPWScbI0Sn9tatthlo0JS3C2SJOaw==,Sandy,1,NA,0,0
20,pHPWScbI0Sn9tatthlo0JS3C2SJOaw==,Sandy,0,F,0,0
50,pHPWScbI0Sn9tatthlo0JS3C2SJOaw==,Sandy,0,F,0,0
10,pHPWScbI0Sn9tatthlo0JS3C2SJOaw==,Sandy,0,F,0,0
50,pHPWScbI0Sn9tatthlo0JS3C2SJOaw==,Sandy,1,NA,0,0
50,pHPWScbI0Sn9tatthlo0JS3C2SJOaw==,Sandy,0,F,0,0
10,pHPWScbI0Sn9tatthlo0JS3C2SJOaw==,Sandy,1,NA,0,0
50,pHPWScbI0Sn9tatthlo0JS3C2SJOaw==,Sandy,0,NA,0,0
30,pHPWScbI0Sn9tatthlo0JS3C2SJOaw==,Sandy,1,NA,0,0
150,pHPWScbI0Sn9tatthlo0JS3C2SJOaw==,Sandy,0,NA,0,0
10,pHPWScbI0Sn9tatthlo0JS3C2SJOaw==,Sandy,1,NA,0,0
50,pHPWScbI0Sn9tatthlo0JS3C2SJOaw==,Sandy,1,NA,0,0
100,pHPWScbI0Sn9tatthlo0JS3C2SJOaw==,Sandy,1,NA,0,0
20,pHPWScbI0Sn9tatthlo0JS3C2SJOaw==,Sandy,0,M,0,0
5,pHPWScbI0Sn9tatthlo0JS3C2SJOaw==,Sandy,0,F,0,0
50,pHPWScbI0Sn9tatthlo0JS3C2SJOaw==,Sandy,0,F,0,0
10,pHPWScbI0Sn9tatthlo0JS3C2SJOaw==,Sandy,1,NA,0,0
100,pHPWScbI0Sn9tatthlo0JS3C2SJOaw==,Sandy,0,M,0,0
100,pHPWScbI0Sn9tatthlo0JS3C2SJOaw==,Sandy,0,NA,0,0
10,pHPWScbI0Sn9tatthlo0JS3C2SJOaw==,Sandy,1,NA,0,0
20,pHPWScbI0Sn9tatthlo0JS3C2SJOaw==,Sandy,0,F,0,0
20,pHPWScbI0Sn9tatthlo0JS3C2SJOaw==,Sandy,0,F,0,0
50,pHPWScbI0Sn9tatthlo0JS3C2SJOaw==,Sandy,1,NA,0,0
50,pHPWScbI0Sn9tatthlo0JS3C2SJOaw==,Sandy,0,F,0,0
15,pHPWScbI0Sn9tatthlo0JS3C2SJOaw==,Sandy,1,NA,0,0
10,pHPWScbI0Sn9tatthlo0JS3C2SJOaw==,Sandy,0,NA,0,0
100,pHPWScbI0Sn9tatthlo0JS3C2SJOaw==,Sandy,0,F,0,0
100,pHPWScbI0Sn9tatthlo0JS3C2SJOaw==,Sandy,1,NA,0,0
25,pHPWScbI0Sn9tatthlo0JS3C2SJOaw==,Sandy,0,F,0,0
200,pHPWScbI0Sn9tatthlo0JS3C2SJOaw==,Sandy,0,NA,0,0
10,pHPWScbI0Sn9tatthlo0JS3C2SJOaw==,Sandy,1,NA,0,0
10,pHPWScbI0Sn9tatthlo0JS3C2SJOaw==,Sandy,1,NA,0,0
100,pHPWScbI0Sn9tatthlo0JS3C2SJOaw==,Sandy,0,M,0,0
25,pHPWScbI0Sn9tatthlo0JS3C2SJOaw==,Sandy,0,NA,0,0
50,pHPWScbI0Sn9tatthlo0JS3C2SJOaw==,Sandy,0,F,0,0
105,pHPWScbI0Sn9tatthlo0JS3C2SJOaw==,Sandy,0,F,0,0
50,pHPWScbI0Sn9tatthlo0JS3C2SJOaw==,Sandy,0,M,0,0
100,pHPWScbI0Sn9tatthlo0JS3C2SJOaw==,Sandy,0,NA,0,0
20,pHPWScbI0Sn9tatthlo0JS3C2SJOaw==,Sandy,0,F,0,0
25,pHPWScbI0Sn9tatthlo0JS3C2SJOaw==,Sandy,1,NA,0,0
20,pHPWScbI0Sn9tatthlo0JS3C2SJOaw==,Sandy,0,F,0,0
25,pHPWScbI0Sn9tatthlo0JS3C2SJOaw==,Sandy,0,F,0,0
50,pHPWScbI0Sn9tatthlo0JS3C2SJOaw==,Sandy,0,F,0,0
10,pHPWScbI0Sn9tatthlo0JS3C2SJOaw==,Sandy,1,NA,0,0
10,pHPWScbI0Sn9tatthlo0JS3C2SJOaw==,Sandy,1,NA,0,0
50,pHPWScbI0Sn9tatthlo0JS3C2SJOaw==,Sandy,0,F,0,0
25,pHPWScbI0Sn9tatthlo0JS3C2SJOaw==,Sandy,1,NA,0,0
30,pHPWScbI0Sn9tatthlo0JS3C2SJOaw==,Sandy,0,NA,0,0
50,pHPWScbI0Sn9tatthlo0JS3C2SJOaw==,Sandy,0,F,0,0
250,pHPWScbI0Sn9tatthlo0JS3C2SJOaw==,Sandy,0,M,0,0
50,pHPWScbI0Sn9tatthlo0JS3C2SJOaw==,Sandy,1,NA,0,0
50,pHPWScbI0Sn9tatthlo0JS3C2SJOaw==,Sandy,0,M,0,0
100,pHPWScbI0Sn9tatthlo0JS3C2SJOaw==,Sandy,0,NA,0,0
50,pHPWScbI0Sn9tatthlo0JS3C2SJOaw==,Sandy,0,NA,0,0
20,pHPWScbI0Sn9tatthlo0JS3C2SJOaw==,Sandy,0,F,0,0
25,pHPWScbI0Sn9tatthlo0JS3C2SJOaw==,Sandy,0,F,0,0
20,pHPWScbI0Sn9tatthlo0JS3C2SJOaw==,Sandy,0,F,0,0
35,pHPWScbI0Sn9tatthlo0JS3C2SJOaw==,Sandy,0,NA,0,0
50,pHPWScbI0Sn9tatthlo0JS3C2SJOaw==,Sandy,0,M,0,0
50,pHPWScbI0Sn9tatthlo0JS3C2SJOaw==,Sandy,0,NA,0,0
50,pHPWScbI0Sn9tatthlo0JS3C2SJOaw==,Sandy,0,F,0,0
20,pHPWScbI0Sn9tatthlo0JS3C2SJOaw==,Sandy,0,M,0,0
100,pHPWScbI0Sn9tatthlo0JS3C2SJOaw==,Sandy,0,F,0,0
100,pHPWScbI0Sn9tatthlo0JS3C2SJOaw==,Sandy,0,NA,0,0
50,pHPWScbI0Sn9tatthlo0JS3C2SJOaw==,Sandy,0,NA,0,0
20,pHPWScbI0Sn9tatthlo0JS3C2SJOaw==,Sandy,0,F,0,0
15,pHPWScbI0Sn9tatthlo0JS3C2SJOaw==,Sandy,0,F,0,0
25,pHPWScbI0Sn9tatthlo0JS3C2SJOaw==,Sandy,0,M,0,0
50,pHPWScbI0Sn9tatthlo0JS3C2SJOaw==,Sandy,1,NA,0,0
75,pHPWScbI0Sn9tatthlo0JS3C2SJOaw==,Sandy,0,NA,0,0
25,pHPWScbI0Sn9tatthlo0JS3C2SJOaw==,Sandy,0,F,0,0
20,pHPWScbI0Sn9tatthlo0JS3C2SJOaw==,Sandy,0,M,0,0
75,pHPWScbI0Sn9tatthlo0JS3C2SJOaw==,Sandy,0,F,0,0
25,pHPWScbI0Sn9tatthlo0JS3C2SJOaw==,Sandy,0,NA,0,0
20,pHPWScbI0Sn9tatthlo0JS3C2SJOaw==,Sandy,0,F,0,0
150,pHPWScbI0Sn9tatthlo0JS3C2SJOaw==,Sandy,0,M,0,0
20,pHPWScbI0Sn9tatthlo0JS3C2SJOaw==,Sandy,0,NA,0,0
50,pHPWScbI0Sn9tatthlo0JS3C2SJOaw==,Sandy,0,F,0,0
10,pHPWScbI0Sn9tatthlo0JS3C2SJOaw==,Sandy,0,F,0,0
25,pHPWScbI0Sn9tatthlo0JS3C2SJOaw==,Sandy,0,F,0,0
100,pHPWScbI0Sn9tatthlo0JS3C2SJOaw==,Sandy,0,NA,0,0
20,pHPWScbI0Sn9tatthlo0JS3C2SJOaw==,Sandy,0,F,0,0
20,pHPWScbI0Sn9tatthlo0JS3C2SJOaw==,Sandy,0,F,0,0
50,pHPWScbI0Sn9tatthlo0JS3C2SJOaw==,Sandy,0,NA,0,0
50,pHPWScbI0Sn9tatthlo0JS3C2SJOaw==,Sandy,0,NA,0,0
10,pHPWScbI0Sn9tatthlo0JS3C2SJOaw==,Sandy,0,F,0,0
25,pHPWScbI0Sn9tatthlo0JS3C2SJOaw==,Sandy,0,F,0,0
200,pHPWScbI0Sn9tatthlo0JS3C2SJOaw==,Sandy,0,F,0,0
50,pHPWScbI0Sn9tatthlo0JS3C2SJOaw==,Sandy,0,F,0,0
40,pHPWScbI0Sn9tatthlo0JS3C2SJOaw==,Sandy,0,F,0,0
36,pHPWScbI0Sn9tatthlo0JS3C2SJOaw==,Sandy,0,F,0,0
25,pHPWScbI0Sn9tatthlo0JS3C2SJOaw==,Sandy,0,F,0,0
100,pHPWScbI0Sn9tatthlo0JS3C2SJOaw==,Sandy,1,NA,0,0
50,pHPWScbI0Sn9tatthlo0JS3C2SJOaw==,Sandy,0,F,0,0
100,pHPWScbI0Sn9tatthlo0JS3C2SJOaw==,Sandy,0,F,0,0
50,pHPWScbI0Sn9tatthlo0JS3C2SJOaw==,Sandy,0,NA,0,0
50,pHPWScbI0Sn9tatthlo0JS3C2SJOaw==,Sandy,0,F,0,0
25,gU6t5mgeV6iYGRO3qDjsRi3C2X0Baw==,Sandy,0,F,0,0
20,gU6t5mgeV6iYGRO3qDjsRi3C2X0Baw==,Sandy,1,NA,0,0
30,gU6t5mgeV6iYGRO3qDjsRi3C2X0Baw==,Sandy,0,F,0,0
200,gU6t5mgeV6iYGRO3qDjsRi3C2X0Baw==,Sandy,0,M,0,0
75,gU6t5mgeV6iYGRO3qDjsRi3C2X0Baw==,Sandy,0,NA,0,0
100,gU6t5mgeV6iYGRO3qDjsRi3C2X0Baw==,Sandy,0,M,0,0
50,gU6t5mgeV6iYGRO3qDjsRi3C2X0Baw==,Sandy,0,F,0,0
25,gU6t5mgeV6iYGRO3qDjsRi3C2X0Baw==,Sandy,0,F,0,0
50,gU6t5mgeV6iYGRO3qDjsRi3C2X0Baw==,Sandy,0,NA,0,0
25,gU6t5mgeV6iYGRO3qDjsRi3C2X0Baw==,Sandy,0,F,0,0
25,gU6t5mgeV6iYGRO3qDjsRi3C2X0Baw==,Sandy,0,F,0,0
40,gU6t5mgeV6iYGRO3qDjsRi3C2X0Baw==,Sandy,0,NA,0,0
100,gU6t5mgeV6iYGRO3qDjsRi3C2X0Baw==,Sandy,0,NA,0,0
25,gU6t5mgeV6iYGRO3qDjsRi3C2X0Baw==,Sandy,0,NA,0,0
50,gU6t5mgeV6iYGRO3qDjsRi3C2X0Baw==,Sandy,0,F,0,0
100,gU6t5mgeV6iYGRO3qDjsRi3C2X0Baw==,Sandy,0,F,1,0
100,gU6t5mgeV6iYGRO3qDjsRi3C2X0Baw==,Sandy,0,M,0,0
50,gU6t5mgeV6iYGRO3qDjsRi3C2X0Baw==,Sandy,0,NA,0,0
25,gU6t5mgeV6iYGRO3qDjsRi3C2X0Baw==,Sandy,0,NA,0,0
100,gU6t5mgeV6iYGRO3qDjsRi3C2X0Baw==,Sandy,0,F,0,0
50,gU6t5mgeV6iYGRO3qDjsRi3C2X0Baw==,Sandy,0,NA,0,0
50,gU6t5mgeV6iYGRO3qDjsRi3C2X0Baw==,Sandy,0,M,0,0
100,gU6t5mgeV6iYGRO3qDjsRi3C2X0Baw==,Sandy,0,F,0,0
20,gU6t5mgeV6iYGRO3qDjsRi3C2X0Baw==,Sandy,1,NA,0,0
10,gU6t5mgeV6iYGRO3qDjsRi3C2X0Baw==,Sandy,0,F,0,0
50,gU6t5mgeV6iYGRO3qDjsRi3C2X0Baw==,Sandy,0,NA,0,0
500,gU6t5mgeV6iYGRO3qDjsRi3C2X0Baw==,Sandy,0,M,0,0
50,gU6t5mgeV6iYGRO3qDjsRi3C2X0Baw==,Sandy,1,NA,0,0
20,gU6t5mgeV6iYGRO3qDjsRi3C2X0Baw==,Sandy,0,M,0,0
1000,gU6t5mgeV6iYGRO3qDjsRi3C2X0Baw==,Sandy,0,NA,0,0
50,gU6t5mgeV6iYGRO3qDjsRi3C2X0Baw==,Sandy,0,NA,0,0
50,gU6t5mgeV6iYGRO3qDjsRi3C2X0Baw==,Sandy,0,M,0,0
50,gU6t5mgeV6iYGRO3qDjsRi3C2X0Baw==,Sandy,0,M,0,0
25,gU6t5mgeV6iYGRO3qDjsRi3C2X0Baw==,Sandy,1,NA,0,0
50,gU6t5mgeV6iYGRO3qDjsRi3C2X0Baw==,Sandy,1,NA,0,0
100,gU6t5mgeV6iYGRO3qDjsRi3C2X0Baw==,Sandy,0,NA,0,0
20,gU6t5mgeV6iYGRO3qDjsRi3C2X0Baw==,Sandy,0,F,0,0
25,gU6t5mgeV6iYGRO3qDjsRi3C2X0Baw==,Sandy,0,F,0,1
25,gU6t5mgeV6iYGRO3qDjsRi3C2X0Baw==,Sandy,0,NA,0,0
100,gU6t5mgeV6iYGRO3qDjsRi3C2X0Baw==,Sandy,0,M,1,0
100,gU6t5mgeV6iYGRO3qDjsRi3C2X0Baw==,Sandy,1,NA,0,0
20,gU6t5mgeV6iYGRO3qDjsRi3C2X0Baw==,Sandy,1,NA,0,0
20,gU6t5mgeV6iYGRO3qDjsRi3C2X0Baw==,Sandy,1,NA,0,0
50,gU6t5mgeV6iYGRO3qDjsRi3C2X0Baw==,Sandy,0,M,0,0
50,gU6t5mgeV6iYGRO3qDjsRi3C2X0Baw==,Sandy,0,NA,0,0
25,gU6t5mgeV6iYGRO3qDjsRi3C2X0Baw==,Sandy,0,F,0,0
1000,gU6t5mgeV6iYGRO3qDjsRi3C2X0Baw==,Sandy,0,NA,0,0
500,gU6t5mgeV6iYGRO3qDjsRi3C2X0Baw==,Sandy,1,NA,0,0
1000,gU6t5mgeV6iYGRO3qDjsRi3C2X0Baw==,Sandy,1,NA,0,0
50,gU6t5mgeV6iYGRO3qDjsRi3C2X0Baw==,Sandy,0,NA,0,0
100,gU6t5mgeV6iYGRO3qDjsRi3C2X0Baw==,Sandy,0,M,0,0
100,gU6t5mgeV6iYGRO3qDjsRi3C2X0Baw==,Sandy,0,M,0,0
100,gU6t5mgeV6iYGRO3qDjsRi3C2X0Baw==,Sandy,1,NA,0,0
2500,iMPI9Vu955LYof4kDx0Way3Dk3ICLA==,Sandy,0,NA,0,0
100,iMPI9Vu955LYof4kDx0Way3Dk3ICLA==,Sandy,0,NA,0,0
20,iMPI9Vu955LYof4kDx0Way3Dk3ICLA==,Sandy,0,M,0,0
50,iMPI9Vu955LYof4kDx0Way3Dk3ICLA==,Sandy,0,NA,0,0
500,iMPI9Vu955LYof4kDx0Way3Dk3ICLA==,Sandy,0,F,0,0
50,iMPI9Vu955LYof4kDx0Way3Dk3ICLA==,Sandy,1,NA,0,0
75,iMPI9Vu955LYof4kDx0Way3Dk3ICLA==,Sandy,0,NA,0,0
50,iMPI9Vu955LYof4kDx0Way3Dk3ICLA==,Sandy,0,NA,0,0
35,iMPI9Vu955LYof4kDx0Way3Dk3ICLA==,Sandy,0,F,0,0
50,iMPI9Vu955LYof4kDx0Way3Dk3ICLA==,Sandy,1,NA,0,0
50,iMPI9Vu955LYof4kDx0Way3Dk3ICLA==,Sandy,0,NA,0,0
100,iMPI9Vu955LYof4kDx0Way3Dk3ICLA==,Sandy,0,NA,0,0
100,iMPI9Vu955LYof4kDx0Way3Dk3ICLA==,Sandy,0,F,0,0
50,iMPI9Vu955LYof4kDx0Way3Dk3ICLA==,Sandy,0,M,0,0
100,iMPI9Vu955LYof4kDx0Way3Dk3ICLA==,Sandy,1,NA,0,0
50,iMPI9Vu955LYof4kDx0Way3Dk3ICLA==,Sandy,1,NA,0,0
100,iMPI9Vu955LYof4kDx0Way3Dk3ICLA==,Sandy,0,M,0,0
20,iMPI9Vu955LYof4kDx0Way3Dk3ICLA==,Sandy,1,NA,0,0
100,iMPI9Vu955LYof4kDx0Way3Dk3ICLA==,Sandy,1,NA,0,0
100,iMPI9Vu955LYof4kDx0Way3Dk3ICLA==,Sandy,1,NA,0,0
50,iMPI9Vu955LYof4kDx0Way3Dk3ICLA==,Sandy,1,NA,0,0
100,iMPI9Vu955LYof4kDx0Way3Dk3ICLA==,Sandy,1,NA,0,0
100,iMPI9Vu955LYof4kDx0Way3Dk3ICLA==,Sandy,1,NA,0,0
100,iMPI9Vu955LYof4kDx0Way3Dk3ICLA==,Sandy,1,NA,0,0
100,iMPI9Vu955LYof4kDx0Way3Dk3ICLA==,Sandy,1,NA,0,0
100,iMPI9Vu955LYof4kDx0Way3Dk3ICLA==,Sandy,0,M,0,0
10,iMPI9Vu955LYof4kDx0Way3Dk3ICLA==,Sandy,0,F,0,0
25,iMPI9Vu955LYof4kDx0Way3Dk3ICLA==,Sandy,1,NA,0,0
500,iMPI9Vu955LYof4kDx0Way3Dk3ICLA==,Sandy,1,NA,0,0
25,iMPI9Vu955LYof4kDx0Way3Dk3ICLA==,Sandy,1,NA,0,0
100,iMPI9Vu955LYof4kDx0Way3Dk3ICLA==,Sandy,0,F,0,0
10,iMPI9Vu955LYof4kDx0Way3Dk3ICLA==,Sandy,1,NA,0,0
100,iMPI9Vu955LYof4kDx0Way3Dk3ICLA==,Sandy,1,NA,0,0
200,iMPI9Vu955LYof4kDx0Way3Dk3ICLA==,Sandy,1,NA,0,0
50,iMPI9Vu955LYof4kDx0Way3Dk3ICLA==,Sandy,1,NA,0,0
50,iMPI9Vu955LYof4kDx0Way3Dk3ICLA==,Sandy,0,M,0,0
100,iMPI9Vu955LYof4kDx0Way3Dk3ICLA==,Sandy,0,NA,0,0
500,iMPI9Vu955LYof4kDx0Way3Dk3ICLA==,Sandy,0,NA,0,0
50,iMPI9Vu955LYof4kDx0Way3Dk3ICLA==,Sandy,0,F,0,0
50,iMPI9Vu955LYof4kDx0Way3Dk3ICLA==,Sandy,0,NA,0,0
50,iMPI9Vu955LYof4kDx0Way3Dk3ICLA==,Sandy,0,F,0,0
75,iMPI9Vu955LYof4kDx0Way3Dk3ICLA==,Sandy,0,F,0,0
50,iMPI9Vu955LYof4kDx0Way3Dk3ICLA==,Sandy,0,M,0,0
5000,iMPI9Vu955LYof4kDx0Way3Dk3ICLA==,Sandy,0,NA,0,0
60,iMPI9Vu955LYof4kDx0Way3Dk3ICLA==,Sandy,0,M,0,0
50,iMPI9Vu955LYof4kDx0Way3Dk3ICLA==,Sandy,0,F,0,0
25,iMPI9Vu955LYof4kDx0Way3Dk3ICLA==,Sandy,0,F,0,0
100,iMPI9Vu955LYof4kDx0Way3Dk3ICLA==,Sandy,0,NA,0,0
50,iMPI9Vu955LYof4kDx0Way3Dk3ICLA==,Sandy,0,F,0,0
40,iMPI9Vu955LYof4kDx0Way3Dk3ICLA==,Sandy,0,F,0,0
20,iMPI9Vu955LYof4kDx0Way3Dk3ICLA==,Sandy,0,NA,0,0
100,iMPI9Vu955LYof4kDx0Way3Dk3ICLA==,Sandy,0,M,0,0
500,iMPI9Vu955LYof4kDx0Way3Dk3ICLA==,Sandy,0,M,0,0
80,iMPI9Vu955LYof4kDx0Way3Dk3ICLA==,Sandy,0,NA,0,0
734,iMPI9Vu955LYof4kDx0Way3Dk3ICLA==,Sandy,0,NA,0,0
160,iMPI9Vu955LYof4kDx0Way3Dk3ICLA==,Sandy,0,M,0,0
100,iMPI9Vu955LYof4kDx0Way3Dk3ICLA==,Sandy,0,M,0,0
20,iMPI9Vu955LYof4kDx0Way3Dk3ICLA==,Sandy,0,F,0,0
20,iMPI9Vu955LYof4kDx0Way3Dk3ICLA==,Sandy,0,F,0,0
200,iMPI9Vu955LYof4kDx0Way3Dk3ICLA==,Sandy,0,M,0,0
75,iMPI9Vu955LYof4kDx0Way3Dk3ICLA==,Sandy,0,NA,0,0
150,iMPI9Vu955LYof4kDx0Way3Dk3ICLA==,Sandy,0,M,0,0
25,iMPI9Vu955LYof4kDx0Way3Dk3ICLA==,Sandy,0,F,0,0
100,iMPI9Vu955LYof4kDx0Way3Dk3ICLA==,Sandy,1,NA,0,0
25,iMPI9Vu955LYof4kDx0Way3Dk3ICLA==,Sandy,0,M,0,0
100,iMPI9Vu955LYof4kDx0Way3Dk3ICLA==,Sandy,0,M,0,0
100,iMPI9Vu955LYof4kDx0Way3Dk3ICLA==,Sandy,0,F,0,0
150,iMPI9Vu955LYof4kDx0Way3Dk3ICLA==,Sandy,0,F,0,0
100,iMPI9Vu955LYof4kDx0Way3Dk3ICLA==,Sandy,0,M,0,0
50,iMPI9Vu955LYof4kDx0Way3Dk3ICLA==,Sandy,0,M,0,0
100,iMPI9Vu955LYof4kDx0Way3Dk3ICLA==,Sandy,0,F,0,0
20,iMPI9Vu955LYof4kDx0Way3Dk3ICLA==,Sandy,0,M,0,0
20,iMPI9Vu955LYof4kDx0Way3Dk3ICLA==,Sandy,1,NA,0,0
20,iMPI9Vu955LYof4kDx0Way3Dk3ICLA==,Sandy,0,F,0,0
1700,iMPI9Vu955LYof4kDx0Way3Dk3ICLA==,Sandy,0,NA,0,0
40,iMPI9Vu955LYof4kDx0Way3Dk3ICLA==,Sandy,0,F,0,0
100,iMPI9Vu955LYof4kDx0Way3Dk3ICLA==,Sandy,1,NA,0,0
30,iMPI9Vu955LYof4kDx0Way3Dk3ICLA==,Sandy,1,NA,0,0
300,iMPI9Vu955LYof4kDx0Way3Dk3ICLA==,Sandy,1,NA,0,0
105,iMPI9Vu955LYof4kDx0Way3Dk3ICLA==,Sandy,1,NA,0,0
50,iMPI9Vu955LYof4kDx0Way3Dk3ICLA==,Sandy,1,NA,0,0
20,iMPI9Vu955LYof4kDx0Way3Dk3ICLA==,Sandy,1,NA,0,0
40,iMPI9Vu955LYof4kDx0Way3Dk3ICLA==,Sandy,0,F,0,0
100,iMPI9Vu955LYof4kDx0Way3Dk3ICLA==,Sandy,0,F,0,0
50,iMPI9Vu955LYof4kDx0Way3Dk3ICLA==,Sandy,1,NA,0,0
20,iMPI9Vu955LYof4kDx0Way3Dk3ICLA==,Sandy,0,F,0,0
10,iMPI9Vu955LYof4kDx0Way3Dk3ICLA==,Sandy,1,NA,0,0
50,iMPI9Vu955LYof4kDx0Way3Dk3ICLA==,Sandy,0,NA,0,0
40,iMPI9Vu955LYof4kDx0Way3Dk3ICLA==,Sandy,0,F,0,0
50,iMPI9Vu955LYof4kDx0Way3Dk3ICLA==,Sandy,1,NA,0,0
15,iMPI9Vu955LYof4kDx0Way3Dk3ICLA==,Sandy,0,F,0,0
110,iMPI9Vu955LYof4kDx0Way3Dk3ICLA==,Sandy,1,NA,0,0
20,iMPI9Vu955LYof4kDx0Way3Dk3ICLA==,Sandy,0,F,0,0
20,iMPI9Vu955LYof4kDx0Way3Dk3ICLA==,Sandy,0,F,0,0
100,iMPI9Vu955LYof4kDx0Way3Dk3ICLA==,Sandy,1,NA,0,0
10,iMPI9Vu955LYof4kDx0Way3Dk3ICLA==,Sandy,0,F,0,0
100,iMPI9Vu955LYof4kDx0Way3Dk3ICLA==,Sandy,1,NA,0,0
50,iMPI9Vu955LYof4kDx0Way3Dk3ICLA==,Sandy,1,NA,0,0
100,iMPI9Vu955LYof4kDx0Way3Dk3ICLA==,Sandy,0,M,0,0
50,iMPI9Vu955LYof4kDx0Way3Dk3ICLA==,Sandy,0,F,0,0
20,iMPI9Vu955LYof4kDx0Way3Dk3ICLA==,Sandy,1,NA,0,0
50,iMPI9Vu955LYof4kDx0Way3Dk3ICLA==,Sandy,0,F,0,1
50,iMPI9Vu955LYof4kDx0Way3Dk3ICLA==,Sandy,0,NA,0,0
50,iMPI9Vu955LYof4kDx0Way3Dk3ICLA==,Sandy,0,F,0,0
100,iMPI9Vu955LYof4kDx0Way3Dk3ICLA==,Sandy,0,M,0,0
50,iMPI9Vu955LYof4kDx0Way3Dk3ICLA==,Sandy,0,NA,0,0
50,iMPI9Vu955LYof4kDx0Way3Dk3ICLA==,Sandy,0,NA,0,0
50,iMPI9Vu955LYof4kDx0Way3Dk3ICLA==,Sandy,0,NA,0,0
20,iMPI9Vu955LYof4kDx0Way3Dk3ICLA==,Sandy,0,F,0,0
20,iMPI9Vu955LYof4kDx0Way3Dk3ICLA==,Sandy,1,NA,0,0
20,iMPI9Vu955LYof4kDx0Way3Dk3ICLA==,Sandy,1,NA,0,0
250,iMPI9Vu955LYof4kDx0Way3Dk3ICLA==,Sandy,0,F,0,0
50,yxFSvxzqAYonaZ0tJOm0Wi3Dk2cdMA==,Sandy,0,F,0,0
100,yxFSvxzqAYonaZ0tJOm0Wi3Dk2cdMA==,Sandy,0,M,0,0
200,yxFSvxzqAYonaZ0tJOm0Wi3Dk2cdMA==,Sandy,0,F,0,0
200,yxFSvxzqAYonaZ0tJOm0Wi3Dk2cdMA==,Sandy,1,NA,0,0
100,yxFSvxzqAYonaZ0tJOm0Wi3Dk2cdMA==,Sandy,0,NA,0,0
75,yxFSvxzqAYonaZ0tJOm0Wi3Dk2cdMA==,Sandy,0,NA,0,0
50,yxFSvxzqAYonaZ0tJOm0Wi3Dk2cdMA==,Sandy,0,NA,0,0
50,yxFSvxzqAYonaZ0tJOm0Wi3Dk2cdMA==,Sandy,1,NA,0,0
50,yxFSvxzqAYonaZ0tJOm0Wi3Dk2cdMA==,Sandy,0,F,0,0
100,yxFSvxzqAYonaZ0tJOm0Wi3Dk2cdMA==,Sandy,0,M,0,0
100,yxFSvxzqAYonaZ0tJOm0Wi3Dk2cdMA==,Sandy,0,M,0,0
25,yxFSvxzqAYonaZ0tJOm0Wi3Dk2cdMA==,Sandy,0,F,0,0
50,yxFSvxzqAYonaZ0tJOm0Wi3Dk2cdMA==,Sandy,0,NA,0,0
150,yxFSvxzqAYonaZ0tJOm0Wi3Dk2cdMA==,Sandy,0,NA,0,0
50,yxFSvxzqAYonaZ0tJOm0Wi3Dk2cdMA==,Sandy,0,F,0,0
10,yxFSvxzqAYonaZ0tJOm0Wi3Dk2cdMA==,Sandy,1,NA,0,0
50,yxFSvxzqAYonaZ0tJOm0Wi3Dk2cdMA==,Sandy,0,M,0,0
100,yxFSvxzqAYonaZ0tJOm0Wi3Dk2cdMA==,Sandy,0,NA,0,0
50,yxFSvxzqAYonaZ0tJOm0Wi3Dk2cdMA==,Sandy,0,M,0,0
100,yxFSvxzqAYonaZ0tJOm0Wi3Dk2cdMA==,Sandy,1,NA,0,0
100,yxFSvxzqAYonaZ0tJOm0Wi3Dk2cdMA==,Sandy,0,NA,0,0
100,yxFSvxzqAYonaZ0tJOm0Wi3Dk2cdMA==,Sandy,0,NA,0,0
150,yxFSvxzqAYonaZ0tJOm0Wi3Dk2cdMA==,Sandy,1,NA,0,0
50,yxFSvxzqAYonaZ0tJOm0Wi3Dk2cdMA==,Sandy,0,M,0,0
50,yxFSvxzqAYonaZ0tJOm0Wi3Dk2cdMA==,Sandy,0,F,0,0
50,yxFSvxzqAYonaZ0tJOm0Wi3Dk2cdMA==,Sandy,0,F,0,0
50,yxFSvxzqAYonaZ0tJOm0Wi3Dk2cdMA==,Sandy,1,NA,0,0
100,yxFSvxzqAYonaZ0tJOm0Wi3Dk2cdMA==,Sandy,0,M,0,0
50,yxFSvxzqAYonaZ0tJOm0Wi3Dk2cdMA==,Sandy,0,NA,0,0
50,yxFSvxzqAYonaZ0tJOm0Wi3Dk2cdMA==,Sandy,1,NA,0,0
10,yxFSvxzqAYonaZ0tJOm0Wi3Dk2cdMA==,Sandy,0,F,0,0
300,yxFSvxzqAYonaZ0tJOm0Wi3Dk2cdMA==,Sandy,0,NA,0,0
100,yxFSvxzqAYonaZ0tJOm0Wi3Dk2cdMA==,Sandy,1,NA,0,0
100,ttZwyzs7TUWqEgQ6LxZ88C3DkiBLLA==,Sandy,0,NA,0,0
50,ttZwyzs7TUWqEgQ6LxZ88C3DkiBLLA==,Sandy,0,F,0,0
100,ttZwyzs7TUWqEgQ6LxZ88C3DkiBLLA==,Sandy,0,F,0,0
25,ttZwyzs7TUWqEgQ6LxZ88C3DkiBLLA==,Sandy,0,F,0,1
100,ttZwyzs7TUWqEgQ6LxZ88C3DkiBLLA==,Sandy,1,NA,0,0
100,ttZwyzs7TUWqEgQ6LxZ88C3DkiBLLA==,Sandy,1,NA,0,0
50,ttZwyzs7TUWqEgQ6LxZ88C3DkiBLLA==,Sandy,1,NA,0,0
100,ttZwyzs7TUWqEgQ6LxZ88C3DkiBLLA==,Sandy,0,M,0,0
500,ttZwyzs7TUWqEgQ6LxZ88C3DkiBLLA==,Sandy,1,NA,0,0
100,ttZwyzs7TUWqEgQ6LxZ88C3DkiBLLA==,Sandy,1,NA,0,0
100,ttZwyzs7TUWqEgQ6LxZ88C3DkiBLLA==,Sandy,1,NA,0,0
50,ttZwyzs7TUWqEgQ6LxZ88C3DkiBLLA==,Sandy,1,NA,0,0
50,ttZwyzs7TUWqEgQ6LxZ88C3DkiBLLA==,Sandy,0,F,0,0
25,ttZwyzs7TUWqEgQ6LxZ88C3DkiBLLA==,Sandy,0,F,0,0
20,ttZwyzs7TUWqEgQ6LxZ88C3DkiBLLA==,Sandy,1,NA,0,0
100,ttZwyzs7TUWqEgQ6LxZ88C3DkiBLLA==,Sandy,0,NA,0,0
10,ttZwyzs7TUWqEgQ6LxZ88C3DkiBLLA==,Sandy,0,F,0,0
50,ttZwyzs7TUWqEgQ6LxZ88C3DkiBLLA==,Sandy,0,M,0,0
100,ttZwyzs7TUWqEgQ6LxZ88C3DkiBLLA==,Sandy,0,F,0,1
200,ttZwyzs7TUWqEgQ6LxZ88C3DkiBLLA==,Sandy,1,NA,0,0
50,ttZwyzs7TUWqEgQ6LxZ88C3DkiBLLA==,Sandy,0,F,0,1
250,ttZwyzs7TUWqEgQ6LxZ88C3DkiBLLA==,Sandy,1,NA,0,0
10,ttZwyzs7TUWqEgQ6LxZ88C3DkiBLLA==,Sandy,0,F,0,0
25,ttZwyzs7TUWqEgQ6LxZ88C3DkiBLLA==,Sandy,0,NA,0,0
100,ttZwyzs7TUWqEgQ6LxZ88C3DkiBLLA==,Sandy,0,F,0,0
60,ttZwyzs7TUWqEgQ6LxZ88C3DkiBLLA==,Sandy,1,NA,0,0
20,ttZwyzs7TUWqEgQ6LxZ88C3DkiBLLA==,Sandy,0,NA,0,0
25,ttZwyzs7TUWqEgQ6LxZ88C3DkiBLLA==,Sandy,1,NA,0,0
250,ttZwyzs7TUWqEgQ6LxZ88C3DkiBLLA==,Sandy,0,NA,0,0
50,ttZwyzs7TUWqEgQ6LxZ88C3DkiBLLA==,Sandy,0,F,0,0
25,ttZwyzs7TUWqEgQ6LxZ88C3DkiBLLA==,Sandy,1,NA,0,0
100,ttZwyzs7TUWqEgQ6LxZ88C3DkiBLLA==,Sandy,0,F,0,0
50,ttZwyzs7TUWqEgQ6LxZ88C3DkiBLLA==,Sandy,0,F,0,1
200,ttZwyzs7TUWqEgQ6LxZ88C3DkiBLLA==,Sandy,1,NA,0,0
100,ttZwyzs7TUWqEgQ6LxZ88C3DkiBLLA==,Sandy,0,NA,0,0
100,ttZwyzs7TUWqEgQ6LxZ88C3DkiBLLA==,Sandy,0,NA,0,0
50,ttZwyzs7TUWqEgQ6LxZ88C3DkiBLLA==,Sandy,0,NA,0,1
50,ttZwyzs7TUWqEgQ6LxZ88C3DkiBLLA==,Sandy,0,F,0,1
200,ttZwyzs7TUWqEgQ6LxZ88C3DkiBLLA==,Sandy,0,F,0,0
50,ttZwyzs7TUWqEgQ6LxZ88C3DkiBLLA==,Sandy,0,F,0,0
50,ttZwyzs7TUWqEgQ6LxZ88C3DkiBLLA==,Sandy,0,F,0,0
50,ttZwyzs7TUWqEgQ6LxZ88C3DkiBLLA==,Sandy,0,M,0,0
40,ttZwyzs7TUWqEgQ6LxZ88C3DkiBLLA==,Sandy,0,F,0,0
50,ttZwyzs7TUWqEgQ6LxZ88C3DkiBLLA==,Sandy,1,NA,0,0
100,ttZwyzs7TUWqEgQ6LxZ88C3DkiBLLA==,Sandy,0,F,0,0
100,ttZwyzs7TUWqEgQ6LxZ88C3DkiBLLA==,Sandy,0,M,0,0
200,ttZwyzs7TUWqEgQ6LxZ88C3DkiBLLA==,Sandy,0,NA,0,0
150,ttZwyzs7TUWqEgQ6LxZ88C3DkiBLLA==,Sandy,1,NA,0,0
50,ttZwyzs7TUWqEgQ6LxZ88C3DkiBLLA==,Sandy,0,F,0,0
200,ttZwyzs7TUWqEgQ6LxZ88C3DkiBLLA==,Sandy,0,F,0,0
200,ttZwyzs7TUWqEgQ6LxZ88C3DkiBLLA==,Sandy,0,NA,0,1
200,ttZwyzs7TUWqEgQ6LxZ88C3DkiBLLA==,Sandy,0,M,0,0
100,ttZwyzs7TUWqEgQ6LxZ88C3DkiBLLA==,Sandy,1,NA,0,0
50,ttZwyzs7TUWqEgQ6LxZ88C3DkiBLLA==,Sandy,0,NA,0,0
100,ttZwyzs7TUWqEgQ6LxZ88C3DkiBLLA==,Sandy,0,F,0,1
100,ttZwyzs7TUWqEgQ6LxZ88C3DkiBLLA==,Sandy,0,F,0,0
250,ttZwyzs7TUWqEgQ6LxZ88C3DkiBLLA==,Sandy,0,F,1,0
50,qaKwTw8Zue7aCUh5ubSguS3DknEWPA==,Sandy,0,M,0,0
100,qaKwTw8Zue7aCUh5ubSguS3DknEWPA==,Sandy,0,M,0,0
50,qaKwTw8Zue7aCUh5ubSguS3DknEWPA==,Sandy,1,NA,0,0
25,qaKwTw8Zue7aCUh5ubSguS3DknEWPA==,Sandy,0,M,0,0
36,qaKwTw8Zue7aCUh5ubSguS3DknEWPA==,Sandy,0,M,0,0
50,qaKwTw8Zue7aCUh5ubSguS3DknEWPA==,Sandy,0,F,0,0
10,qaKwTw8Zue7aCUh5ubSguS3DknEWPA==,Sandy,0,F,0,0
50,qaKwTw8Zue7aCUh5ubSguS3DknEWPA==,Sandy,0,M,0,0
50,qaKwTw8Zue7aCUh5ubSguS3DknEWPA==,Sandy,0,M,0,0
100,qaKwTw8Zue7aCUh5ubSguS3DknEWPA==,Sandy,0,M,0,0
50,qaKwTw8Zue7aCUh5ubSguS3DknEWPA==,Sandy,0,NA,0,0
25,qaKwTw8Zue7aCUh5ubSguS3DknEWPA==,Sandy,0,NA,0,0
50,qaKwTw8Zue7aCUh5ubSguS3DknEWPA==,Sandy,0,NA,0,0
50,qaKwTw8Zue7aCUh5ubSguS3DknEWPA==,Sandy,0,F,0,0
50,qaKwTw8Zue7aCUh5ubSguS3DknEWPA==,Sandy,0,M,0,0
50,qaKwTw8Zue7aCUh5ubSguS3DknEWPA==,Sandy,1,NA,0,0
25,qaKwTw8Zue7aCUh5ubSguS3DknEWPA==,Sandy,0,F,0,0
50,qaKwTw8Zue7aCUh5ubSguS3DknEWPA==,Sandy,0,NA,0,0
50,qaKwTw8Zue7aCUh5ubSguS3DknEWPA==,Sandy,0,NA,0,0
50,qaKwTw8Zue7aCUh5ubSguS3DknEWPA==,Sandy,0,F,0,0
18,qaKwTw8Zue7aCUh5ubSguS3DknEWPA==,Sandy,1,NA,0,0
100,qaKwTw8Zue7aCUh5ubSguS3DknEWPA==,Sandy,0,F,0,0
25,qaKwTw8Zue7aCUh5ubSguS3DknEWPA==,Sandy,0,NA,0,0
54,qaKwTw8Zue7aCUh5ubSguS3DknEWPA==,Sandy,0,NA,0,0
10,qaKwTw8Zue7aCUh5ubSguS3DknEWPA==,Sandy,1,NA,0,0
50,qaKwTw8Zue7aCUh5ubSguS3DknEWPA==,Sandy,1,NA,0,0
10,qaKwTw8Zue7aCUh5ubSguS3DknEWPA==,Sandy,1,NA,0,0
50,qaKwTw8Zue7aCUh5ubSguS3DknEWPA==,Sandy,0,NA,0,0
100,qaKwTw8Zue7aCUh5ubSguS3DknEWPA==,Sandy,0,F,0,0
10,qaKwTw8Zue7aCUh5ubSguS3DknEWPA==,Sandy,0,NA,0,1
50,qaKwTw8Zue7aCUh5ubSguS3DknEWPA==,Sandy,0,NA,0,0
100,qaKwTw8Zue7aCUh5ubSguS3DknEWPA==,Sandy,0,M,0,0
100,qaKwTw8Zue7aCUh5ubSguS3DknEWPA==,Sandy,0,F,0,0
50,qaKwTw8Zue7aCUh5ubSguS3DknEWPA==,Sandy,0,F,0,0
100,qaKwTw8Zue7aCUh5ubSguS3DknEWPA==,Sandy,0,F,0,0
50,qaKwTw8Zue7aCUh5ubSguS3DknEWPA==,Sandy,0,NA,0,0
50,qaKwTw8Zue7aCUh5ubSguS3DknEWPA==,Sandy,0,M,0,0
50,qaKwTw8Zue7aCUh5ubSguS3DknEWPA==,Sandy,0,M,0,0
30,qaKwTw8Zue7aCUh5ubSguS3DknEWPA==,Sandy,1,NA,0,0
75,qaKwTw8Zue7aCUh5ubSguS3DknEWPA==,Sandy,0,M,0,0
10,qaKwTw8Zue7aCUh5ubSguS3DknEWPA==,Sandy,0,M,0,0
50,qaKwTw8Zue7aCUh5ubSguS3DknEWPA==,Sandy,0,F,0,0
50,qaKwTw8Zue7aCUh5ubSguS3DknEWPA==,Sandy,0,F,0,0
100,qaKwTw8Zue7aCUh5ubSguS3DknEWPA==,Sandy,0,F,0,0
30,qaKwTw8Zue7aCUh5ubSguS3DknEWPA==,Sandy,1,NA,0,0
500,qaKwTw8Zue7aCUh5ubSguS3DknEWPA==,Sandy,0,NA,0,0
100,qaKwTw8Zue7aCUh5ubSguS3DknEWPA==,Sandy,0,M,0,0
20,qaKwTw8Zue7aCUh5ubSguS3DknEWPA==,Sandy,0,NA,0,0
25,qaKwTw8Zue7aCUh5ubSguS3DknEWPA==,Sandy,0,NA,0,0
330,qaKwTw8Zue7aCUh5ubSguS3DknEWPA==,Sandy,0,M,0,0
200,qaKwTw8Zue7aCUh5ubSguS3DknEWPA==,Sandy,0,M,0,0
20,qaKwTw8Zue7aCUh5ubSguS3DknEWPA==,Sandy,0,F,0,0
50,qaKwTw8Zue7aCUh5ubSguS3DknEWPA==,Sandy,1,NA,0,0
25,qaKwTw8Zue7aCUh5ubSguS3DknEWPA==,Sandy,0,M,0,0
25,qaKwTw8Zue7aCUh5ubSguS3DknEWPA==,Sandy,1,NA,0,0
50,qaKwTw8Zue7aCUh5ubSguS3DknEWPA==,Sandy,0,M,0,0
25,qaKwTw8Zue7aCUh5ubSguS3DknEWPA==,Sandy,0,M,0,0
50,qaKwTw8Zue7aCUh5ubSguS3DknEWPA==,Sandy,0,F,0,0
30,qaKwTw8Zue7aCUh5ubSguS3DknEWPA==,Sandy,0,NA,0,0
50,qaKwTw8Zue7aCUh5ubSguS3DknEWPA==,Sandy,0,F,0,0
25,qaKwTw8Zue7aCUh5ubSguS3DknEWPA==,Sandy,0,M,0,0
50,qaKwTw8Zue7aCUh5ubSguS3DknEWPA==,Sandy,0,M,0,0
50,qaKwTw8Zue7aCUh5ubSguS3DknEWPA==,Sandy,1,NA,0,0
100,qaKwTw8Zue7aCUh5ubSguS3DknEWPA==,Sandy,0,NA,0,0
50,qaKwTw8Zue7aCUh5ubSguS3DknEWPA==,Sandy,0,NA,0,0
50,qaKwTw8Zue7aCUh5ubSguS3DknEWPA==,Sandy,0,M,0,0
50,qaKwTw8Zue7aCUh5ubSguS3DknEWPA==,Sandy,0,M,0,0
50,qaKwTw8Zue7aCUh5ubSguS3DknEWPA==,Sandy,0,M,0,0
25,qaKwTw8Zue7aCUh5ubSguS3DknEWPA==,Sandy,0,F,0,0
50,qaKwTw8Zue7aCUh5ubSguS3DknEWPA==,Sandy,0,M,0,0
25,qaKwTw8Zue7aCUh5ubSguS3DknEWPA==,Sandy,0,F,0,0
45,qaKwTw8Zue7aCUh5ubSguS3DknEWPA==,Sandy,0,F,0,0
50,qaKwTw8Zue7aCUh5ubSguS3DknEWPA==,Sandy,1,NA,0,0
50,qaKwTw8Zue7aCUh5ubSguS3DknEWPA==,Sandy,0,M,0,0
50,qaKwTw8Zue7aCUh5ubSguS3DknEWPA==,Sandy,0,F,0,0
100,qaKwTw8Zue7aCUh5ubSguS3DknEWPA==,Sandy,0,F,0,0
50,qaKwTw8Zue7aCUh5ubSguS3DknEWPA==,Sandy,0,M,0,0
50,qaKwTw8Zue7aCUh5ubSguS3DknEWPA==,Sandy,0,M,0,0
100,qaKwTw8Zue7aCUh5ubSguS3DknEWPA==,Sandy,0,M,0,0
54,qaKwTw8Zue7aCUh5ubSguS3DknEWPA==,Sandy,0,F,0,0
300,qaKwTw8Zue7aCUh5ubSguS3DknEWPA==,Sandy,0,M,0,0
50,qaKwTw8Zue7aCUh5ubSguS3DknEWPA==,Sandy,0,M,0,0
50,qaKwTw8Zue7aCUh5ubSguS3DknEWPA==,Sandy,0,NA,0,0
50,qaKwTw8Zue7aCUh5ubSguS3DknEWPA==,Sandy,0,F,0,0
25,qaKwTw8Zue7aCUh5ubSguS3DknEWPA==,Sandy,0,NA,0,0
136,qaKwTw8Zue7aCUh5ubSguS3DknEWPA==,Sandy,0,NA,0,0
40,qaKwTw8Zue7aCUh5ubSguS3DknEWPA==,Sandy,1,NA,0,0
50,qaKwTw8Zue7aCUh5ubSguS3DknEWPA==,Sandy,0,NA,0,0
20,qaKwTw8Zue7aCUh5ubSguS3DknEWPA==,Sandy,1,NA,0,0
50,qaKwTw8Zue7aCUh5ubSguS3DknEWPA==,Sandy,0,NA,0,0
50,qaKwTw8Zue7aCUh5ubSguS3DknEWPA==,Sandy,0,F,0,0
100,qaKwTw8Zue7aCUh5ubSguS3DknEWPA==,Sandy,0,F,0,0
50,qaKwTw8Zue7aCUh5ubSguS3DknEWPA==,Sandy,1,NA,0,0
25,qaKwTw8Zue7aCUh5ubSguS3DknEWPA==,Sandy,0,F,0,0
5,qaKwTw8Zue7aCUh5ubSguS3DknEWPA==,Sandy,0,F,0,0
50,qaKwTw8Zue7aCUh5ubSguS3DknEWPA==,Sandy,0,NA,0,0
50,qaKwTw8Zue7aCUh5ubSguS3DknEWPA==,Sandy,1,NA,0,0
25,qaKwTw8Zue7aCUh5ubSguS3DknEWPA==,Sandy,0,F,0,0
25,qaKwTw8Zue7aCUh5ubSguS3DknEWPA==,Sandy,0,M,0,0
50,qaKwTw8Zue7aCUh5ubSguS3DknEWPA==,Sandy,0,F,0,0
50,qaKwTw8Zue7aCUh5ubSguS3DknEWPA==,Sandy,0,M,0,0
50,qaKwTw8Zue7aCUh5ubSguS3DknEWPA==,Sandy,0,M,0,0
50,qaKwTw8Zue7aCUh5ubSguS3DknEWPA==,Sandy,0,NA,0,0
50,qaKwTw8Zue7aCUh5ubSguS3DknEWPA==,Sandy,0,M,0,0
50,qaKwTw8Zue7aCUh5ubSguS3DknEWPA==,Sandy,0,M,0,0
100,qaKwTw8Zue7aCUh5ubSguS3DknEWPA==,Sandy,0,NA,0,0
50,qaKwTw8Zue7aCUh5ubSguS3DknEWPA==,Sandy,0,F,0,0
50,qaKwTw8Zue7aCUh5ubSguS3DknEWPA==,Sandy,0,F,0,0
20,qaKwTw8Zue7aCUh5ubSguS3DknEWPA==,Sandy,0,M,0,0
50,qaKwTw8Zue7aCUh5ubSguS3DknEWPA==,Sandy,0,M,0,0
25,qaKwTw8Zue7aCUh5ubSguS3DknEWPA==,Sandy,0,M,0,0
25,qaKwTw8Zue7aCUh5ubSguS3DknEWPA==,Sandy,0,F,0,0
25,qaKwTw8Zue7aCUh5ubSguS3DknEWPA==,Sandy,0,F,0,0
25,qaKwTw8Zue7aCUh5ubSguS3DknEWPA==,Sandy,0,M,0,0
50,qaKwTw8Zue7aCUh5ubSguS3DknEWPA==,Sandy,0,NA,0,0
25,qaKwTw8Zue7aCUh5ubSguS3DknEWPA==,Sandy,0,F,0,0
25,qaKwTw8Zue7aCUh5ubSguS3DknEWPA==,Sandy,0,F,0,0
25,qaKwTw8Zue7aCUh5ubSguS3DknEWPA==,Sandy,0,NA,0,0
500,qaKwTw8Zue7aCUh5ubSguS3DknEWPA==,Sandy,0,NA,0,0
25,qaKwTw8Zue7aCUh5ubSguS3DknEWPA==,Sandy,0,M,0,0
25,qaKwTw8Zue7aCUh5ubSguS3DknEWPA==,Sandy,0,F,0,0
40,qaKwTw8Zue7aCUh5ubSguS3DknEWPA==,Sandy,0,NA,0,0
25,qaKwTw8Zue7aCUh5ubSguS3DknEWPA==,Sandy,0,F,0,0
25,qaKwTw8Zue7aCUh5ubSguS3DknEWPA==,Sandy,0,NA,0,0
25,qaKwTw8Zue7aCUh5ubSguS3DknEWPA==,Sandy,0,F,1,0
50,bdhFUT/isb9JY7G7QLSTLC3DkX8VOA==,Sandy,0,NA,0,0
40,bdhFUT/isb9JY7G7QLSTLC3DkX8VOA==,Sandy,0,NA,0,0
100,bdhFUT/isb9JY7G7QLSTLC3DkX8VOA==,Sandy,0,F,0,0
100,bdhFUT/isb9JY7G7QLSTLC3DkX8VOA==,Sandy,0,F,0,0
77,bdhFUT/isb9JY7G7QLSTLC3DkX8VOA==,Sandy,0,NA,0,0
60,bdhFUT/isb9JY7G7QLSTLC3DkX8VOA==,Sandy,0,NA,0,0
50,bdhFUT/isb9JY7G7QLSTLC3DkX8VOA==,Sandy,0,F,0,0
50,bdhFUT/isb9JY7G7QLSTLC3DkX8VOA==,Sandy,0,M,0,0
77,bdhFUT/isb9JY7G7QLSTLC3DkX8VOA==,Sandy,0,M,0,0
25,bdhFUT/isb9JY7G7QLSTLC3DkX8VOA==,Sandy,0,NA,0,0
50,bdhFUT/isb9JY7G7QLSTLC3DkX8VOA==,Sandy,0,NA,0,0
88,bdhFUT/isb9JY7G7QLSTLC3DkX8VOA==,Sandy,0,F,0,0
40,bdhFUT/isb9JY7G7QLSTLC3DkX8VOA==,Sandy,0,NA,0,0
60,bdhFUT/isb9JY7G7QLSTLC3DkX8VOA==,Sandy,0,M,0,0
40,bdhFUT/isb9JY7G7QLSTLC3DkX8VOA==,Sandy,0,F,0,0
300,bdhFUT/isb9JY7G7QLSTLC3DkX8VOA==,Sandy,1,NA,0,0
36,bdhFUT/isb9JY7G7QLSTLC3DkX8VOA==,Sandy,1,NA,0,0
40,bdhFUT/isb9JY7G7QLSTLC3DkX8VOA==,Sandy,0,F,0,0
100,bdhFUT/isb9JY7G7QLSTLC3DkX8VOA==,Sandy,1,NA,0,0
40,bdhFUT/isb9JY7G7QLSTLC3DkX8VOA==,Sandy,0,F,0,0
20,bdhFUT/isb9JY7G7QLSTLC3DkX8VOA==,Sandy,0,NA,0,0
36,bdhFUT/isb9JY7G7QLSTLC3DkX8VOA==,Sandy,0,F,0,0
20,bdhFUT/isb9JY7G7QLSTLC3DkX8VOA==,Sandy,0,M,0,0
20,bdhFUT/isb9JY7G7QLSTLC3DkX8VOA==,Sandy,0,NA,0,0
40,bdhFUT/isb9JY7G7QLSTLC3DkX8VOA==,Sandy,0,M,0,0
20,bdhFUT/isb9JY7G7QLSTLC3DkX8VOA==,Sandy,0,NA,0,0
10,bdhFUT/isb9JY7G7QLSTLC3DkX8VOA==,Sandy,0,F,0,0
40,bdhFUT/isb9JY7G7QLSTLC3DkX8VOA==,Sandy,0,NA,0,0
40,bdhFUT/isb9JY7G7QLSTLC3DkX8VOA==,Sandy,0,F,0,0
20,bdhFUT/isb9JY7G7QLSTLC3DkX8VOA==,Sandy,0,NA,0,0
40,bdhFUT/isb9JY7G7QLSTLC3DkX8VOA==,Sandy,0,M,0,0
100,bdhFUT/isb9JY7G7QLSTLC3DkX8VOA==,Sandy,0,M,0,0
50,bdhFUT/isb9JY7G7QLSTLC3DkX8VOA==,Sandy,0,M,0,0
50,bdhFUT/isb9JY7G7QLSTLC3DkX8VOA==,Sandy,1,NA,0,0
30,bdhFUT/isb9JY7G7QLSTLC3DkX8VOA==,Sandy,0,F,0,0
50,bdhFUT/isb9JY7G7QLSTLC3DkX8VOA==,Sandy,0,M,0,0
24,bdhFUT/isb9JY7G7QLSTLC3DkX8VOA==,Sandy,0,F,0,0
50,bdhFUT/isb9JY7G7QLSTLC3DkX8VOA==,Sandy,0,M,0,0
40,bdhFUT/isb9JY7G7QLSTLC3DkX8VOA==,Sandy,0,M,1,0
100,bdhFUT/isb9JY7G7QLSTLC3DkX8VOA==,Sandy,0,M,0,0
10,E8J7mZkyxUIvAk6Q5DzjfC3DkCQXMA==,Sandy,0,F,0,0
10,E8J7mZkyxUIvAk6Q5DzjfC3DkCQXMA==,Sandy,1,NA,0,0
50,E8J7mZkyxUIvAk6Q5DzjfC3DkCQXMA==,Sandy,0,F,0,0
25,E8J7mZkyxUIvAk6Q5DzjfC3DkCQXMA==,Sandy,0,F,0,0
50,E8J7mZkyxUIvAk6Q5DzjfC3DkCQXMA==,Sandy,0,F,0,0
5,E8J7mZkyxUIvAk6Q5DzjfC3DkCQXMA==,Sandy,1,NA,0,0
15,E8J7mZkyxUIvAk6Q5DzjfC3DkCQXMA==,Sandy,0,F,0,0
25,E8J7mZkyxUIvAk6Q5DzjfC3DkCQXMA==,Sandy,0,F,0,0
20,E8J7mZkyxUIvAk6Q5DzjfC3DkCQXMA==,Sandy,1,NA,0,0
20,E8J7mZkyxUIvAk6Q5DzjfC3DkCQXMA==,Sandy,0,F,0,0
30,E8J7mZkyxUIvAk6Q5DzjfC3DkCQXMA==,Sandy,0,F,0,0
20,E8J7mZkyxUIvAk6Q5DzjfC3DkCQXMA==,Sandy,0,NA,0,0
50,E8J7mZkyxUIvAk6Q5DzjfC3DkCQXMA==,Sandy,0,M,0,0
30,E8J7mZkyxUIvAk6Q5DzjfC3DkCQXMA==,Sandy,0,NA,0,0
500,E8J7mZkyxUIvAk6Q5DzjfC3DkCQXMA==,Sandy,0,F,0,0
50,E8J7mZkyxUIvAk6Q5DzjfC3DkCQXMA==,Sandy,0,F,0,0
5,E8J7mZkyxUIvAk6Q5DzjfC3DkCQXMA==,Sandy,0,F,0,0
75,sGWSyHEYE2WOLu35E6haTC3DkH1Jaw==,Sandy,0,M,0,0
20,sGWSyHEYE2WOLu35E6haTC3DkH1Jaw==,Sandy,0,NA,0,0
50,sGWSyHEYE2WOLu35E6haTC3DkH1Jaw==,Sandy,0,F,0,0
30,sGWSyHEYE2WOLu35E6haTC3DkH1Jaw==,Sandy,0,F,0,0
43,sGWSyHEYE2WOLu35E6haTC3DkH1Jaw==,Sandy,0,NA,0,0
20,sGWSyHEYE2WOLu35E6haTC3DkH1Jaw==,Sandy,0,F,0,0
100,sGWSyHEYE2WOLu35E6haTC3DkH1Jaw==,Sandy,1,NA,0,0
25,sGWSyHEYE2WOLu35E6haTC3DkH1Jaw==,Sandy,0,F,0,0
20,sGWSyHEYE2WOLu35E6haTC3DkH1Jaw==,Sandy,0,F,0,0
20,sGWSyHEYE2WOLu35E6haTC3DkH1Jaw==,Sandy,0,M,0,0
35,sGWSyHEYE2WOLu35E6haTC3DkH1Jaw==,Sandy,0,NA,0,0
20,sGWSyHEYE2WOLu35E6haTC3DkH1Jaw==,Sandy,0,NA,0,0
50,sGWSyHEYE2WOLu35E6haTC3DkH1Jaw==,Sandy,0,NA,0,0
20,sGWSyHEYE2WOLu35E6haTC3DkH1Jaw==,Sandy,1,NA,0,0
50,sGWSyHEYE2WOLu35E6haTC3DkH1Jaw==,Sandy,0,F,0,0
10,sGWSyHEYE2WOLu35E6haTC3DkH1Jaw==,Sandy,0,M,0,0
26,sGWSyHEYE2WOLu35E6haTC3DkH1Jaw==,Sandy,0,M,0,0
40,sGWSyHEYE2WOLu35E6haTC3DkH1Jaw==,Sandy,0,NA,0,0
26,sGWSyHEYE2WOLu35E6haTC3DkH1Jaw==,Sandy,0,NA,0,0
40,sGWSyHEYE2WOLu35E6haTC3DkH1Jaw==,Sandy,1,NA,0,0
10,sGWSyHEYE2WOLu35E6haTC3DkH1Jaw==,Sandy,0,F,0,0
50,sGWSyHEYE2WOLu35E6haTC3DkH1Jaw==,Sandy,0,F,0,0
10,sGWSyHEYE2WOLu35E6haTC3DkH1Jaw==,Sandy,0,M,0,0
20,sGWSyHEYE2WOLu35E6haTC3DkH1Jaw==,Sandy,0,F,0,0
100,sGWSyHEYE2WOLu35E6haTC3DkH1Jaw==,Sandy,0,F,0,0
20,sGWSyHEYE2WOLu35E6haTC3DkH1Jaw==,Sandy,0,F,0,0
10,sGWSyHEYE2WOLu35E6haTC3DkH1Jaw==,Sandy,0,F,0,0
30,sGWSyHEYE2WOLu35E6haTC3DkH1Jaw==,Sandy,0,F,0,0
50,sGWSyHEYE2WOLu35E6haTC3DkH1Jaw==,Sandy,0,M,0,0
10,sGWSyHEYE2WOLu35E6haTC3DkH1Jaw==,Sandy,0,NA,0,0
20,sGWSyHEYE2WOLu35E6haTC3DkH1Jaw==,Sandy,0,F,0,0
10,sGWSyHEYE2WOLu35E6haTC3DkH1Jaw==,Sandy,0,NA,0,0
20,sGWSyHEYE2WOLu35E6haTC3DkH1Jaw==,Sandy,1,NA,0,0
50,sGWSyHEYE2WOLu35E6haTC3DkH1Jaw==,Sandy,0,M,0,0
100,sGWSyHEYE2WOLu35E6haTC3DkH1Jaw==,Sandy,0,NA,0,0
26,sGWSyHEYE2WOLu35E6haTC3DkH1Jaw==,Sandy,0,NA,0,0
10,sGWSyHEYE2WOLu35E6haTC3DkH1Jaw==,Sandy,0,F,0,0
10,sGWSyHEYE2WOLu35E6haTC3DkH1Jaw==,Sandy,0,NA,0,0
10,sGWSyHEYE2WOLu35E6haTC3DkH1Jaw==,Sandy,0,F,0,0
10,sGWSyHEYE2WOLu35E6haTC3DkH1Jaw==,Sandy,0,F,0,0
20,sGWSyHEYE2WOLu35E6haTC3DkH1Jaw==,Sandy,0,F,0,0
26,sGWSyHEYE2WOLu35E6haTC3DkH1Jaw==,Sandy,0,NA,0,0
30,sGWSyHEYE2WOLu35E6haTC3DkH1Jaw==,Sandy,0,F,0,0
20,sGWSyHEYE2WOLu35E6haTC3DkH1Jaw==,Sandy,0,NA,0,0
20,sGWSyHEYE2WOLu35E6haTC3DkH1Jaw==,Sandy,0,M,0,0
20,sGWSyHEYE2WOLu35E6haTC3DkH1Jaw==,Sandy,0,NA,0,0
20,sGWSyHEYE2WOLu35E6haTC3DkH1Jaw==,Sandy,0,F,0,0
10,sGWSyHEYE2WOLu35E6haTC3DkH1Jaw==,Sandy,0,F,0,0
20,sGWSyHEYE2WOLu35E6haTC3DkH1Jaw==,Sandy,0,NA,0,0
20,sGWSyHEYE2WOLu35E6haTC3DkH1Jaw==,Sandy,0,F,0,0
10,sGWSyHEYE2WOLu35E6haTC3DkH1Jaw==,Sandy,0,NA,0,0
26,sGWSyHEYE2WOLu35E6haTC3DkH1Jaw==,Sandy,0,F,0,0
20,sGWSyHEYE2WOLu35E6haTC3DkH1Jaw==,Sandy,0,F,0,0
20,sGWSyHEYE2WOLu35E6haTC3DkH1Jaw==,Sandy,0,F,0,0
20,sGWSyHEYE2WOLu35E6haTC3DkH1Jaw==,Sandy,0,F,0,0
52,sGWSyHEYE2WOLu35E6haTC3DkH1Jaw==,Sandy,0,M,0,0
26,sGWSyHEYE2WOLu35E6haTC3DkH1Jaw==,Sandy,0,M,0,0
10,sGWSyHEYE2WOLu35E6haTC3DkH1Jaw==,Sandy,0,NA,0,0
26,sGWSyHEYE2WOLu35E6haTC3DkH1Jaw==,Sandy,0,NA,0,1
10,sGWSyHEYE2WOLu35E6haTC3DkH1Jaw==,Sandy,0,M,0,0
26,sGWSyHEYE2WOLu35E6haTC3DkH1Jaw==,Sandy,0,F,0,0
20,sGWSyHEYE2WOLu35E6haTC3DkH1Jaw==,Sandy,0,NA,0,0
50,sGWSyHEYE2WOLu35E6haTC3DkH1Jaw==,Sandy,0,M,0,0
20,sGWSyHEYE2WOLu35E6haTC3DkH1Jaw==,Sandy,0,NA,0,0
20,sGWSyHEYE2WOLu35E6haTC3DkH1Jaw==,Sandy,0,NA,0,0
20,sGWSyHEYE2WOLu35E6haTC3DkH1Jaw==,Sandy,0,F,0,0
100,sGWSyHEYE2WOLu35E6haTC3DkH1Jaw==,Sandy,0,F,0,0
10,sGWSyHEYE2WOLu35E6haTC3DkH1Jaw==,Sandy,1,NA,0,0
25,sGWSyHEYE2WOLu35E6haTC3DkH1Jaw==,Sandy,0,NA,0,0
10,sGWSyHEYE2WOLu35E6haTC3DkH1Jaw==,Sandy,0,F,0,0
50,sGWSyHEYE2WOLu35E6haTC3DkH1Jaw==,Sandy,0,F,0,0
10,sGWSyHEYE2WOLu35E6haTC3DkH1Jaw==,Sandy,0,NA,0,0
10,sGWSyHEYE2WOLu35E6haTC3DkH1Jaw==,Sandy,0,M,0,0
25,sGWSyHEYE2WOLu35E6haTC3DkH1Jaw==,Sandy,0,NA,0,0
10,sGWSyHEYE2WOLu35E6haTC3DkH1Jaw==,Sandy,0,F,0,0
20,sGWSyHEYE2WOLu35E6haTC3DkH1Jaw==,Sandy,0,NA,0,0
10,sGWSyHEYE2WOLu35E6haTC3DkH1Jaw==,Sandy,0,F,0,0
100,sGWSyHEYE2WOLu35E6haTC3DkH1Jaw==,Sandy,0,NA,0,0
10,sGWSyHEYE2WOLu35E6haTC3DkH1Jaw==,Sandy,0,NA,0,0
50,sGWSyHEYE2WOLu35E6haTC3DkH1Jaw==,Sandy,0,M,0,0
100,sGWSyHEYE2WOLu35E6haTC3DkH1Jaw==,Sandy,0,F,0,0
20,sGWSyHEYE2WOLu35E6haTC3DkH1Jaw==,Sandy,0,F,0,0
10,sGWSyHEYE2WOLu35E6haTC3DkH1Jaw==,Sandy,0,F,0,0
25,sGWSyHEYE2WOLu35E6haTC3DkH1Jaw==,Sandy,0,NA,0,0
10,sGWSyHEYE2WOLu35E6haTC3DkH1Jaw==,Sandy,0,F,0,0
25,sGWSyHEYE2WOLu35E6haTC3DkH1Jaw==,Sandy,0,M,0,0
10,sGWSyHEYE2WOLu35E6haTC3DkH1Jaw==,Sandy,1,NA,0,0
10,sGWSyHEYE2WOLu35E6haTC3DkH1Jaw==,Sandy,0,F,0,0
10,sGWSyHEYE2WOLu35E6haTC3DkH1Jaw==,Sandy,0,NA,0,0
10,sGWSyHEYE2WOLu35E6haTC3DkH1Jaw==,Sandy,0,NA,0,0
100,sGWSyHEYE2WOLu35E6haTC3DkH1Jaw==,Sandy,1,NA,0,0
20,sGWSyHEYE2WOLu35E6haTC3DkH1Jaw==,Sandy,0,F,0,0
10,sGWSyHEYE2WOLu35E6haTC3DkH1Jaw==,Sandy,0,M,0,0
10,sGWSyHEYE2WOLu35E6haTC3DkH1Jaw==,Sandy,0,F,0,0
20,sGWSyHEYE2WOLu35E6haTC3DkH1Jaw==,Sandy,0,F,0,0
10,sGWSyHEYE2WOLu35E6haTC3DkH1Jaw==,Sandy,0,M,0,0
20,sGWSyHEYE2WOLu35E6haTC3DkH1Jaw==,Sandy,0,M,0,0
10,sGWSyHEYE2WOLu35E6haTC3DkH1Jaw==,Sandy,0,M,0,0
20,sGWSyHEYE2WOLu35E6haTC3DkH1Jaw==,Sandy,0,M,0,0
10,sGWSyHEYE2WOLu35E6haTC3DkH1Jaw==,Sandy,1,NA,0,0
10,sGWSyHEYE2WOLu35E6haTC3DkH1Jaw==,Sandy,0,M,0,0
10,sGWSyHEYE2WOLu35E6haTC3DkH1Jaw==,Sandy,0,M,0,0
50,sGWSyHEYE2WOLu35E6haTC3DkH1Jaw==,Sandy,0,M,0,0
10,sGWSyHEYE2WOLu35E6haTC3DkH1Jaw==,Sandy,0,F,0,0
10,pzDAZQBWJCm2QEKxZtXtIS3DlyFPNA==,Sandy,0,M,0,0
25,pzDAZQBWJCm2QEKxZtXtIS3DlyFPNA==,Sandy,0,M,0,1
20,pzDAZQBWJCm2QEKxZtXtIS3DlyFPNA==,Sandy,0,M,0,0
20,pzDAZQBWJCm2QEKxZtXtIS3DlyFPNA==,Sandy,0,M,0,0
50,pzDAZQBWJCm2QEKxZtXtIS3DlyFPNA==,Sandy,0,NA,0,0
20,pzDAZQBWJCm2QEKxZtXtIS3DlyFPNA==,Sandy,0,NA,0,0
10,pzDAZQBWJCm2QEKxZtXtIS3DlyFPNA==,Sandy,0,NA,0,0
20,pzDAZQBWJCm2QEKxZtXtIS3DlyFPNA==,Sandy,0,NA,0,1
20,pzDAZQBWJCm2QEKxZtXtIS3DlyFPNA==,Sandy,0,M,0,0
50,pzDAZQBWJCm2QEKxZtXtIS3DlyFPNA==,Sandy,0,NA,0,0
10,pzDAZQBWJCm2QEKxZtXtIS3DlyFPNA==,Sandy,1,NA,0,0
100,pzDAZQBWJCm2QEKxZtXtIS3DlyFPNA==,Sandy,0,NA,0,0
20,pzDAZQBWJCm2QEKxZtXtIS3DlyFPNA==,Sandy,0,M,0,0
50,pzDAZQBWJCm2QEKxZtXtIS3DlyFPNA==,Sandy,0,M,0,0
100,pzDAZQBWJCm2QEKxZtXtIS3DlyFPNA==,Sandy,0,M,0,0
20,pzDAZQBWJCm2QEKxZtXtIS3DlyFPNA==,Sandy,0,M,0,0
5,pzDAZQBWJCm2QEKxZtXtIS3DlyFPNA==,Sandy,1,NA,0,0
20,pzDAZQBWJCm2QEKxZtXtIS3DlyFPNA==,Sandy,0,M,0,0
20,pzDAZQBWJCm2QEKxZtXtIS3DlyFPNA==,Sandy,1,NA,0,0
20,pzDAZQBWJCm2QEKxZtXtIS3DlyFPNA==,Sandy,1,NA,0,0
50,pzDAZQBWJCm2QEKxZtXtIS3DlyFPNA==,Sandy,0,M,0,0
5,pzDAZQBWJCm2QEKxZtXtIS3DlyFPNA==,Sandy,0,NA,0,0
10,pzDAZQBWJCm2QEKxZtXtIS3DlyFPNA==,Sandy,0,M,0,0
20,pzDAZQBWJCm2QEKxZtXtIS3DlyFPNA==,Sandy,0,M,0,0
10,pzDAZQBWJCm2QEKxZtXtIS3DlyFPNA==,Sandy,0,M,0,0
10,pzDAZQBWJCm2QEKxZtXtIS3DlyFPNA==,Sandy,0,NA,0,0
10,pzDAZQBWJCm2QEKxZtXtIS3DlyFPNA==,Sandy,0,F,0,0
10,pzDAZQBWJCm2QEKxZtXtIS3DlyFPNA==,Sandy,0,M,0,0
10,pzDAZQBWJCm2QEKxZtXtIS3DlyFPNA==,Sandy,0,M,0,0
5,pzDAZQBWJCm2QEKxZtXtIS3DlyFPNA==,Sandy,0,M,0,0
10,pzDAZQBWJCm2QEKxZtXtIS3DlyFPNA==,Sandy,0,M,0,0
20,pzDAZQBWJCm2QEKxZtXtIS3DlyFPNA==,Sandy,0,M,0,0
5,pzDAZQBWJCm2QEKxZtXtIS3DlyFPNA==,Sandy,0,M,0,0
25,pzDAZQBWJCm2QEKxZtXtIS3DlyFPNA==,Sandy,0,NA,0,0
10,pzDAZQBWJCm2QEKxZtXtIS3DlyFPNA==,Sandy,0,NA,0,0
20,pzDAZQBWJCm2QEKxZtXtIS3DlyFPNA==,Sandy,1,NA,0,0
5,pzDAZQBWJCm2QEKxZtXtIS3DlyFPNA==,Sandy,0,NA,0,0
5,pzDAZQBWJCm2QEKxZtXtIS3DlyFPNA==,Sandy,0,F,0,0
10,pzDAZQBWJCm2QEKxZtXtIS3DlyFPNA==,Sandy,0,NA,0,0
5,pzDAZQBWJCm2QEKxZtXtIS3DlyFPNA==,Sandy,0,M,1,0
50,veP8PIjZTao2/Rz9wK5qxy3Dl3cQbw==,Sandy,0,NA,0,0
100,veP8PIjZTao2/Rz9wK5qxy3Dl3cQbw==,Sandy,0,NA,0,0
50,veP8PIjZTao2/Rz9wK5qxy3Dl3cQbw==,Sandy,0,NA,0,0
100,veP8PIjZTao2/Rz9wK5qxy3Dl3cQbw==,Sandy,0,F,0,0
100,veP8PIjZTao2/Rz9wK5qxy3Dl3cQbw==,Sandy,0,F,0,0
25,veP8PIjZTao2/Rz9wK5qxy3Dl3cQbw==,Sandy,0,F,0,0
25,veP8PIjZTao2/Rz9wK5qxy3Dl3cQbw==,Sandy,0,F,0,0
15,veP8PIjZTao2/Rz9wK5qxy3Dl3cQbw==,Sandy,0,M,0,0
20,veP8PIjZTao2/Rz9wK5qxy3Dl3cQbw==,Sandy,0,F,0,0
25,veP8PIjZTao2/Rz9wK5qxy3Dl3cQbw==,Sandy,0,F,0,0
20,veP8PIjZTao2/Rz9wK5qxy3Dl3cQbw==,Sandy,0,F,0,0
100,veP8PIjZTao2/Rz9wK5qxy3Dl3cQbw==,Sandy,0,NA,0,0
10,veP8PIjZTao2/Rz9wK5qxy3Dl3cQbw==,Sandy,1,NA,0,0
10,veP8PIjZTao2/Rz9wK5qxy3Dl3cQbw==,Sandy,0,F,0,0
10,veP8PIjZTao2/Rz9wK5qxy3Dl3cQbw==,Sandy,1,NA,0,0
10,veP8PIjZTao2/Rz9wK5qxy3Dl3cQbw==,Sandy,0,M,0,0
300,AMgjmKTP9Y+EvvvACVbKlS3DlnQVOA==,Sandy,1,NA,0,0
250,AMgjmKTP9Y+EvvvACVbKlS3DlnQVOA==,Sandy,0,F,0,0
50,P4qkX8h42f669OrYatlGXi3DlX5Pbw==,Sandy,0,F,0,0
100,P4qkX8h42f669OrYatlGXi3DlX5Pbw==,Sandy,0,NA,0,0
25,P4qkX8h42f669OrYatlGXi3DlX5Pbw==,Sandy,0,F,0,1
50,P4qkX8h42f669OrYatlGXi3DlX5Pbw==,Sandy,0,NA,0,0
100,01rTBrdhNsun6yYjyi4tNC3DlHNONA==,Sandy,0,M,0,0
50,01rTBrdhNsun6yYjyi4tNC3DlHNONA==,Sandy,1,NA,0,0
25,01rTBrdhNsun6yYjyi4tNC3DlHNONA==,Sandy,1,NA,0,0
50,01rTBrdhNsun6yYjyi4tNC3DlHNONA==,Sandy,0,NA,0,0
10,01rTBrdhNsun6yYjyi4tNC3DlHNONA==,Sandy,0,M,0,0
100,01rTBrdhNsun6yYjyi4tNC3DlHNONA==,Sandy,1,NA,0,0
50,01rTBrdhNsun6yYjyi4tNC3DlHNONA==,Sandy,0,F,0,0
500,01rTBrdhNsun6yYjyi4tNC3DlHNONA==,Sandy,1,NA,0,0
300,01rTBrdhNsun6yYjyi4tNC3DlHNONA==,Sandy,0,NA,0,0
200,01rTBrdhNsun6yYjyi4tNC3DlHNONA==,Sandy,0,F,0,0
100,01rTBrdhNsun6yYjyi4tNC3DlHNONA==,Sandy,0,NA,0,0
50,01rTBrdhNsun6yYjyi4tNC3DlHNONA==,Sandy,0,NA,0,0
50,01rTBrdhNsun6yYjyi4tNC3DlHNONA==,Sandy,1,NA,0,0
100,01rTBrdhNsun6yYjyi4tNC3DlHNONA==,Sandy,0,F,0,0
100,01rTBrdhNsun6yYjyi4tNC3DlHNONA==,Sandy,1,NA,0,0
20,01rTBrdhNsun6yYjyi4tNC3DlHNONA==,Sandy,0,M,0,0
100,01rTBrdhNsun6yYjyi4tNC3DlHNONA==,Sandy,1,NA,0,0
100,01rTBrdhNsun6yYjyi4tNC3DlHNONA==,Sandy,1,NA,0,0
100,01rTBrdhNsun6yYjyi4tNC3DlHNONA==,Sandy,1,NA,0,0
250,01rTBrdhNsun6yYjyi4tNC3DlHNONA==,Sandy,0,NA,0,1
100,01rTBrdhNsun6yYjyi4tNC3DlHNONA==,Sandy,0,M,0,0
300,01rTBrdhNsun6yYjyi4tNC3DlHNONA==,Sandy,1,NA,0,0
50,01rTBrdhNsun6yYjyi4tNC3DlHNONA==,Sandy,0,F,0,0
50,01rTBrdhNsun6yYjyi4tNC3DlHNONA==,Sandy,0,NA,0,0
200,01rTBrdhNsun6yYjyi4tNC3DlHNONA==,Sandy,1,NA,0,0
25,01rTBrdhNsun6yYjyi4tNC3DlHNONA==,Sandy,1,NA,0,0
25,01rTBrdhNsun6yYjyi4tNC3DlHNONA==,Sandy,0,F,0,1
50,01rTBrdhNsun6yYjyi4tNC3DlHNONA==,Sandy,1,NA,0,0
50,01rTBrdhNsun6yYjyi4tNC3DlHNONA==,Sandy,1,NA,0,0
20,01rTBrdhNsun6yYjyi4tNC3DlHNONA==,Sandy,0,F,0,0
100,01rTBrdhNsun6yYjyi4tNC3DlHNONA==,Sandy,1,NA,0,0
250,01rTBrdhNsun6yYjyi4tNC3DlHNONA==,Sandy,0,NA,0,0
50,01rTBrdhNsun6yYjyi4tNC3DlHNONA==,Sandy,1,NA,0,0
20,01rTBrdhNsun6yYjyi4tNC3DlHNONA==,Sandy,0,M,0,0
120,01rTBrdhNsun6yYjyi4tNC3DlHNONA==,Sandy,0,NA,0,0
20,01rTBrdhNsun6yYjyi4tNC3DlHNONA==,Sandy,0,NA,0,0
200,01rTBrdhNsun6yYjyi4tNC3DlHNONA==,Sandy,0,NA,0,1
100,01rTBrdhNsun6yYjyi4tNC3DlHNONA==,Sandy,1,NA,0,0
100,01rTBrdhNsun6yYjyi4tNC3DlHNONA==,Sandy,0,F,0,1
20,01rTBrdhNsun6yYjyi4tNC3DlHNONA==,Sandy,0,F,0,0
100,01rTBrdhNsun6yYjyi4tNC3DlHNONA==,Sandy,0,NA,0,1
50,01rTBrdhNsun6yYjyi4tNC3DlHNONA==,Sandy,0,F,0,0
200,01rTBrdhNsun6yYjyi4tNC3DlHNONA==,Sandy,0,F,0,0
50,01rTBrdhNsun6yYjyi4tNC3DlHNONA==,Sandy,0,F,0,0
100,1oI8wjwqjVZL3jO31tx7Yy3DlHECNA==,Sandy,0,NA,0,0
100,1oI8wjwqjVZL3jO31tx7Yy3DlHECNA==,Sandy,0,F,0,0
50,1oI8wjwqjVZL3jO31tx7Yy3DlHECNA==,Sandy,0,F,0,1
25,1oI8wjwqjVZL3jO31tx7Yy3DlHECNA==,Sandy,0,F,0,0
1000,1oI8wjwqjVZL3jO31tx7Yy3DlHECNA==,Sandy,0,NA,0,0
100,1oI8wjwqjVZL3jO31tx7Yy3DlHECNA==,Sandy,0,NA,0,0
100,1oI8wjwqjVZL3jO31tx7Yy3DlHECNA==,Sandy,0,F,0,0
100,1oI8wjwqjVZL3jO31tx7Yy3DlHECNA==,Sandy,0,NA,0,0
50,1oI8wjwqjVZL3jO31tx7Yy3DlHECNA==,Sandy,1,NA,0,0
100,1oI8wjwqjVZL3jO31tx7Yy3DlHECNA==,Sandy,0,NA,0,0
50,1oI8wjwqjVZL3jO31tx7Yy3DlHECNA==,Sandy,0,F,0,0
50,1oI8wjwqjVZL3jO31tx7Yy3DlHECNA==,Sandy,0,F,0,0
100,1oI8wjwqjVZL3jO31tx7Yy3DlHECNA==,Sandy,0,NA,0,0
100,1oI8wjwqjVZL3jO31tx7Yy3DlHECNA==,Sandy,0,F,0,0
50,1oI8wjwqjVZL3jO31tx7Yy3DlHECNA==,Sandy,0,F,0,0
50,1oI8wjwqjVZL3jO31tx7Yy3DlHECNA==,Sandy,0,NA,0,0
50,1oI8wjwqjVZL3jO31tx7Yy3DlHECNA==,Sandy,0,NA,0,0
100,1oI8wjwqjVZL3jO31tx7Yy3DlHECNA==,Sandy,0,F,0,0
100,1oI8wjwqjVZL3jO31tx7Yy3DlHECNA==,Sandy,0,F,0,0
50,1oI8wjwqjVZL3jO31tx7Yy3DlHECNA==,Sandy,0,NA,0,0
50,1oI8wjwqjVZL3jO31tx7Yy3DlHECNA==,Sandy,0,NA,0,0
75,1oI8wjwqjVZL3jO31tx7Yy3DlHECNA==,Sandy,0,F,0,1
50,1oI8wjwqjVZL3jO31tx7Yy3DlHECNA==,Sandy,0,NA,0,0
50,1oI8wjwqjVZL3jO31tx7Yy3DlHECNA==,Sandy,0,F,0,0
150,1oI8wjwqjVZL3jO31tx7Yy3DlHECNA==,Sandy,0,F,0,0
50,1oI8wjwqjVZL3jO31tx7Yy3DlHECNA==,Sandy,0,NA,0,1
72,1oI8wjwqjVZL3jO31tx7Yy3DlHECNA==,Sandy,0,F,0,1
100,1oI8wjwqjVZL3jO31tx7Yy3DlHECNA==,Sandy,0,F,0,0
50,1oI8wjwqjVZL3jO31tx7Yy3DlHECNA==,Sandy,0,F,0,1
50,1oI8wjwqjVZL3jO31tx7Yy3DlHECNA==,Sandy,0,F,0,0
100,1oI8wjwqjVZL3jO31tx7Yy3DlHECNA==,Sandy,0,NA,0,0
20,1oI8wjwqjVZL3jO31tx7Yy3DlHECNA==,Sandy,0,F,0,0
50,1oI8wjwqjVZL3jO31tx7Yy3DlHECNA==,Sandy,1,NA,0,0
50,1oI8wjwqjVZL3jO31tx7Yy3DlHECNA==,Sandy,0,F,0,1
100,1oI8wjwqjVZL3jO31tx7Yy3DlHECNA==,Sandy,0,F,0,0
100,1oI8wjwqjVZL3jO31tx7Yy3DlHECNA==,Sandy,0,NA,1,0
100,1oI8wjwqjVZL3jO31tx7Yy3DlHECNA==,Sandy,0,F,0,0
200,1oI8wjwqjVZL3jO31tx7Yy3DlHECNA==,Sandy,0,NA,0,0
100,1oI8wjwqjVZL3jO31tx7Yy3DlHECNA==,Sandy,0,F,0,0
50,1oI8wjwqjVZL3jO31tx7Yy3DlHECNA==,Sandy,0,F,0,0
50,1oI8wjwqjVZL3jO31tx7Yy3DlHECNA==,Sandy,0,F,0,1
50,1oI8wjwqjVZL3jO31tx7Yy3DlHECNA==,Sandy,0,F,0,0
25,1oI8wjwqjVZL3jO31tx7Yy3DlHECNA==,Sandy,0,F,0,0
50,1oI8wjwqjVZL3jO31tx7Yy3DlHECNA==,Sandy,0,F,0,1
55,1oI8wjwqjVZL3jO31tx7Yy3DlHECNA==,Sandy,0,M,0,0
50,1oI8wjwqjVZL3jO31tx7Yy3DlHECNA==,Sandy,0,F,0,0
20,1oI8wjwqjVZL3jO31tx7Yy3DlHECNA==,Sandy,0,F,0,0
100,1oI8wjwqjVZL3jO31tx7Yy3DlHECNA==,Sandy,0,F,0,0
100,1oI8wjwqjVZL3jO31tx7Yy3DlHECNA==,Sandy,0,F,0,0
25,1oI8wjwqjVZL3jO31tx7Yy3DlHECNA==,Sandy,0,F,0,0
100,1oI8wjwqjVZL3jO31tx7Yy3DlHECNA==,Sandy,0,NA,0,0
50,1oI8wjwqjVZL3jO31tx7Yy3DlHECNA==,Sandy,0,F,0,1
100,1oI8wjwqjVZL3jO31tx7Yy3DlHECNA==,Sandy,0,F,0,0
100,1oI8wjwqjVZL3jO31tx7Yy3DlHECNA==,Sandy,0,NA,0,0
50,1oI8wjwqjVZL3jO31tx7Yy3DlHECNA==,Sandy,0,F,0,0
100,1oI8wjwqjVZL3jO31tx7Yy3DlHECNA==,Sandy,0,NA,0,0
100,1oI8wjwqjVZL3jO31tx7Yy3DlHECNA==,Sandy,0,NA,0,0
50,1oI8wjwqjVZL3jO31tx7Yy3DlHECNA==,Sandy,0,F,0,0
100,1oI8wjwqjVZL3jO31tx7Yy3DlHECNA==,Sandy,0,F,0,0
100,1oI8wjwqjVZL3jO31tx7Yy3DlHECNA==,Sandy,0,F,1,0
100,1oI8wjwqjVZL3jO31tx7Yy3DlHECNA==,Sandy,0,NA,0,0
100,1oI8wjwqjVZL3jO31tx7Yy3DlHECNA==,Sandy,0,F,0,0
5,/SyUbF/mFTtrlD64/b5ovC3Dm3AQZw==,Sandy,0,F,0,0
50,/SyUbF/mFTtrlD64/b5ovC3Dm3AQZw==,Sandy,0,M,0,0
420,/SyUbF/mFTtrlD64/b5ovC3Dm3AQZw==,Sandy,0,F,0,0
64,/SyUbF/mFTtrlD64/b5ovC3Dm3AQZw==,Sandy,0,F,0,0
100,/SyUbF/mFTtrlD64/b5ovC3Dm3AQZw==,Sandy,0,F,0,0
100,/SyUbF/mFTtrlD64/b5ovC3Dm3AQZw==,Sandy,0,F,0,0
300,/SyUbF/mFTtrlD64/b5ovC3Dm3AQZw==,Sandy,0,F,0,1
100,/SyUbF/mFTtrlD64/b5ovC3Dm3AQZw==,Sandy,0,F,0,0
200,/SyUbF/mFTtrlD64/b5ovC3Dm3AQZw==,Sandy,0,F,0,0
25,/SyUbF/mFTtrlD64/b5ovC3Dm3AQZw==,Sandy,0,F,0,0
20,/SyUbF/mFTtrlD64/b5ovC3Dm3AQZw==,Sandy,0,M,0,0
20,/SyUbF/mFTtrlD64/b5ovC3Dm3AQZw==,Sandy,0,F,0,0
100,/SyUbF/mFTtrlD64/b5ovC3Dm3AQZw==,Sandy,0,NA,0,0
400,/SyUbF/mFTtrlD64/b5ovC3Dm3AQZw==,Sandy,0,F,0,0
400,/SyUbF/mFTtrlD64/b5ovC3Dm3AQZw==,Sandy,0,NA,0,0
250,/SyUbF/mFTtrlD64/b5ovC3Dm3AQZw==,Sandy,0,M,0,0
50,/SyUbF/mFTtrlD64/b5ovC3Dm3AQZw==,Sandy,1,NA,0,0
50,/SyUbF/mFTtrlD64/b5ovC3Dm3AQZw==,Sandy,0,M,0,0
200,/SyUbF/mFTtrlD64/b5ovC3Dm3AQZw==,Sandy,0,F,0,0
50,/SyUbF/mFTtrlD64/b5ovC3Dm3AQZw==,Sandy,0,F,0,1
100,/SyUbF/mFTtrlD64/b5ovC3Dm3AQZw==,Sandy,0,NA,0,0
100,/SyUbF/mFTtrlD64/b5ovC3Dm3AQZw==,Sandy,0,M,0,0
30,/SyUbF/mFTtrlD64/b5ovC3Dm3AQZw==,Sandy,0,F,0,0
100,/SyUbF/mFTtrlD64/b5ovC3Dm3AQZw==,Sandy,0,F,0,0
25,/SyUbF/mFTtrlD64/b5ovC3Dm3AQZw==,Sandy,0,F,0,0
100,/SyUbF/mFTtrlD64/b5ovC3Dm3AQZw==,Sandy,0,NA,0,0
20,/SyUbF/mFTtrlD64/b5ovC3Dm3AQZw==,Sandy,0,F,0,0
100,/SyUbF/mFTtrlD64/b5ovC3Dm3AQZw==,Sandy,0,NA,0,0
50,/SyUbF/mFTtrlD64/b5ovC3Dm3AQZw==,Sandy,0,F,0,1
30,/SyUbF/mFTtrlD64/b5ovC3Dm3AQZw==,Sandy,0,F,0,0
100,/SyUbF/mFTtrlD64/b5ovC3Dm3AQZw==,Sandy,0,NA,0,0
100,/SyUbF/mFTtrlD64/b5ovC3Dm3AQZw==,Sandy,0,NA,0,0
20,/SyUbF/mFTtrlD64/b5ovC3Dm3AQZw==,Sandy,0,F,0,0
75,/SyUbF/mFTtrlD64/b5ovC3Dm3AQZw==,Sandy,0,M,0,0
20,/SyUbF/mFTtrlD64/b5ovC3Dm3AQZw==,Sandy,1,NA,0,0
20,qbOworGjWSiYLLfST8J4ZS3Dm2Iabw==,Sandy,0,NA,0,0
50,qbOworGjWSiYLLfST8J4ZS3Dm2Iabw==,Sandy,1,NA,0,0
200,qbOworGjWSiYLLfST8J4ZS3Dm2Iabw==,Sandy,0,NA,0,0
10,qbOworGjWSiYLLfST8J4ZS3Dm2Iabw==,Sandy,0,F,0,0
50,qbOworGjWSiYLLfST8J4ZS3Dm2Iabw==,Sandy,0,M,0,0
200,qbOworGjWSiYLLfST8J4ZS3Dm2Iabw==,Sandy,0,F,0,0
25,qbOworGjWSiYLLfST8J4ZS3Dm2Iabw==,Sandy,0,M,0,0
25,qbOworGjWSiYLLfST8J4ZS3Dm2Iabw==,Sandy,0,F,0,0
20,qbOworGjWSiYLLfST8J4ZS3Dm2Iabw==,Sandy,0,F,0,0
50,qbOworGjWSiYLLfST8J4ZS3Dm2Iabw==,Sandy,1,NA,0,0
250,qbOworGjWSiYLLfST8J4ZS3Dm2Iabw==,Sandy,0,NA,0,0
100,qbOworGjWSiYLLfST8J4ZS3Dm2Iabw==,Sandy,0,NA,0,0
500,qbOworGjWSiYLLfST8J4ZS3Dm2Iabw==,Sandy,0,NA,0,0
100,qbOworGjWSiYLLfST8J4ZS3Dm2Iabw==,Sandy,1,NA,0,0
100,qbOworGjWSiYLLfST8J4ZS3Dm2Iabw==,Sandy,0,NA,0,0
100,qbOworGjWSiYLLfST8J4ZS3Dm2Iabw==,Sandy,0,M,0,0
100,qbOworGjWSiYLLfST8J4ZS3Dm2Iabw==,Sandy,0,F,0,0
200,qbOworGjWSiYLLfST8J4ZS3Dm2Iabw==,Sandy,1,NA,0,0
100,qbOworGjWSiYLLfST8J4ZS3Dm2Iabw==,Sandy,0,F,0,0
25,qbOworGjWSiYLLfST8J4ZS3Dm2Iabw==,Sandy,0,F,0,0
500,qbOworGjWSiYLLfST8J4ZS3Dm2Iabw==,Sandy,1,NA,0,0
300,qbOworGjWSiYLLfST8J4ZS3Dm2Iabw==,Sandy,0,NA,0,0
30,qbOworGjWSiYLLfST8J4ZS3Dm2Iabw==,Sandy,1,NA,0,0
250,qbOworGjWSiYLLfST8J4ZS3Dm2Iabw==,Sandy,0,M,0,0
25,qbOworGjWSiYLLfST8J4ZS3Dm2Iabw==,Sandy,0,F,0,0
50,qbOworGjWSiYLLfST8J4ZS3Dm2Iabw==,Sandy,0,F,0,0
25,qbOworGjWSiYLLfST8J4ZS3Dm2Iabw==,Sandy,0,M,0,0
50,qbOworGjWSiYLLfST8J4ZS3Dm2Iabw==,Sandy,1,NA,0,0
100,qbOworGjWSiYLLfST8J4ZS3Dm2Iabw==,Sandy,0,NA,0,0
20,qbOworGjWSiYLLfST8J4ZS3Dm2Iabw==,Sandy,1,NA,0,0
50,qbOworGjWSiYLLfST8J4ZS3Dm2Iabw==,Sandy,0,M,0,0
50,qbOworGjWSiYLLfST8J4ZS3Dm2Iabw==,Sandy,0,M,0,0
50,qbOworGjWSiYLLfST8J4ZS3Dm2Iabw==,Sandy,0,F,0,0
100,qbOworGjWSiYLLfST8J4ZS3Dm2Iabw==,Sandy,0,F,0,0
50,qbOworGjWSiYLLfST8J4ZS3Dm2Iabw==,Sandy,0,F,0,0
75,qbOworGjWSiYLLfST8J4ZS3Dm2Iabw==,Sandy,0,M,0,0
25,qbOworGjWSiYLLfST8J4ZS3Dm2Iabw==,Sandy,0,F,0,0
25,qbOworGjWSiYLLfST8J4ZS3Dm2Iabw==,Sandy,0,M,0,0
25,qbOworGjWSiYLLfST8J4ZS3Dm2Iabw==,Sandy,0,F,0,0
100,qbOworGjWSiYLLfST8J4ZS3Dm2Iabw==,Sandy,0,NA,0,0
50,qbOworGjWSiYLLfST8J4ZS3Dm2Iabw==,Sandy,1,NA,0,0
100,qbOworGjWSiYLLfST8J4ZS3Dm2Iabw==,Sandy,0,F,0,0
50,qbOworGjWSiYLLfST8J4ZS3Dm2Iabw==,Sandy,0,F,0,0
500,qbOworGjWSiYLLfST8J4ZS3Dm2Iabw==,Sandy,0,NA,0,0
25,qbOworGjWSiYLLfST8J4ZS3Dm2Iabw==,Sandy,0,F,0,0
100,qbOworGjWSiYLLfST8J4ZS3Dm2Iabw==,Sandy,0,NA,0,0
10,qbOworGjWSiYLLfST8J4ZS3Dm2Iabw==,Sandy,1,NA,0,0
250,qbOworGjWSiYLLfST8J4ZS3Dm2Iabw==,Sandy,1,NA,0,0
20,qbOworGjWSiYLLfST8J4ZS3Dm2Iabw==,Sandy,0,F,0,0
100,qbOworGjWSiYLLfST8J4ZS3Dm2Iabw==,Sandy,0,NA,0,0
100,qbOworGjWSiYLLfST8J4ZS3Dm2Iabw==,Sandy,0,M,0,0
50,qbOworGjWSiYLLfST8J4ZS3Dm2Iabw==,Sandy,0,M,0,0
50,qbOworGjWSiYLLfST8J4ZS3Dm2Iabw==,Sandy,0,F,0,0
50,qbOworGjWSiYLLfST8J4ZS3Dm2Iabw==,Sandy,0,NA,0,0
100,qbOworGjWSiYLLfST8J4ZS3Dm2Iabw==,Sandy,0,M,0,0
50,qbOworGjWSiYLLfST8J4ZS3Dm2Iabw==,Sandy,1,NA,0,0
100,qbOworGjWSiYLLfST8J4ZS3Dm2Iabw==,Sandy,0,F,0,0
100,qbOworGjWSiYLLfST8J4ZS3Dm2Iabw==,Sandy,0,NA,0,0
150,qbOworGjWSiYLLfST8J4ZS3Dm2Iabw==,Sandy,0,F,0,0
100,qbOworGjWSiYLLfST8J4ZS3Dm2Iabw==,Sandy,0,F,0,0
100,qbOworGjWSiYLLfST8J4ZS3Dm2Iabw==,Sandy,0,F,0,0
50,qbOworGjWSiYLLfST8J4ZS3Dm2Iabw==,Sandy,0,M,0,0
100,qbOworGjWSiYLLfST8J4ZS3Dm2Iabw==,Sandy,0,F,0,0
50,qbOworGjWSiYLLfST8J4ZS3Dm2Iabw==,Sandy,0,F,0,0
100,qbOworGjWSiYLLfST8J4ZS3Dm2Iabw==,Sandy,1,NA,0,0
100,qbOworGjWSiYLLfST8J4ZS3Dm2Iabw==,Sandy,0,F,0,0
25,qbOworGjWSiYLLfST8J4ZS3Dm2Iabw==,Sandy,0,NA,0,0
120,qbOworGjWSiYLLfST8J4ZS3Dm2Iabw==,Sandy,0,F,0,0
100,qbOworGjWSiYLLfST8J4ZS3Dm2Iabw==,Sandy,0,F,0,1
30,qbOworGjWSiYLLfST8J4ZS3Dm2Iabw==,Sandy,0,F,0,1
250,qbOworGjWSiYLLfST8J4ZS3Dm2Iabw==,Sandy,0,NA,0,0
50,qbOworGjWSiYLLfST8J4ZS3Dm2Iabw==,Sandy,0,F,0,0
25,qbOworGjWSiYLLfST8J4ZS3Dm2Iabw==,Sandy,0,NA,0,0
50,qbOworGjWSiYLLfST8J4ZS3Dm2Iabw==,Sandy,0,F,0,0
50,qbOworGjWSiYLLfST8J4ZS3Dm2Iabw==,Sandy,0,M,0,0
20,qbOworGjWSiYLLfST8J4ZS3Dm2Iabw==,Sandy,0,M,0,0
100,qbOworGjWSiYLLfST8J4ZS3Dm2Iabw==,Sandy,0,M,0,0
40,qbOworGjWSiYLLfST8J4ZS3Dm2Iabw==,Sandy,0,M,0,0
50,qbOworGjWSiYLLfST8J4ZS3Dm2Iabw==,Sandy,0,M,0,0
20,qbOworGjWSiYLLfST8J4ZS3Dm2Iabw==,Sandy,0,F,0,0
25,qbOworGjWSiYLLfST8J4ZS3Dm2Iabw==,Sandy,0,M,0,0
5,qbOworGjWSiYLLfST8J4ZS3Dm2Iabw==,Sandy,0,M,0,0
25,qbOworGjWSiYLLfST8J4ZS3Dm2Iabw==,Sandy,0,F,0,1
100,qbOworGjWSiYLLfST8J4ZS3Dm2Iabw==,Sandy,0,F,0,0
50,qbOworGjWSiYLLfST8J4ZS3Dm2Iabw==,Sandy,0,M,0,0
100,qbOworGjWSiYLLfST8J4ZS3Dm2Iabw==,Sandy,0,F,0,0
10,qbOworGjWSiYLLfST8J4ZS3Dm2Iabw==,Sandy,0,NA,0,0
100,qbOworGjWSiYLLfST8J4ZS3Dm2Iabw==,Sandy,0,NA,0,0
108,qbOworGjWSiYLLfST8J4ZS3Dm2Iabw==,Sandy,1,NA,0,0
50,qbOworGjWSiYLLfST8J4ZS3Dm2Iabw==,Sandy,0,M,0,0
100,qbOworGjWSiYLLfST8J4ZS3Dm2Iabw==,Sandy,0,NA,0,1
150,qbOworGjWSiYLLfST8J4ZS3Dm2Iabw==,Sandy,0,M,0,0
50,qbOworGjWSiYLLfST8J4ZS3Dm2Iabw==,Sandy,0,F,0,0
100,qbOworGjWSiYLLfST8J4ZS3Dm2Iabw==,Sandy,1,NA,0,0
25,qbOworGjWSiYLLfST8J4ZS3Dm2Iabw==,Sandy,0,F,0,0
25,qbOworGjWSiYLLfST8J4ZS3Dm2Iabw==,Sandy,0,F,0,0
30,qbOworGjWSiYLLfST8J4ZS3Dm2Iabw==,Sandy,0,F,0,0
50,qbOworGjWSiYLLfST8J4ZS3Dm2Iabw==,Sandy,0,NA,0,0
100,qbOworGjWSiYLLfST8J4ZS3Dm2Iabw==,Sandy,0,F,0,0
100,qbOworGjWSiYLLfST8J4ZS3Dm2Iabw==,Sandy,0,F,0,0
55,kS5B+jwH02UvvylPuS1o3y3DmiABLA==,Sandy,0,F,0,0
40,kS5B+jwH02UvvylPuS1o3y3DmiABLA==,Sandy,0,F,0,0
450,kS5B+jwH02UvvylPuS1o3y3DmiABLA==,Sandy,0,NA,0,0
100,kS5B+jwH02UvvylPuS1o3y3DmiABLA==,Sandy,0,F,0,0
500,kS5B+jwH02UvvylPuS1o3y3DmiABLA==,Sandy,0,NA,0,0
50,kS5B+jwH02UvvylPuS1o3y3DmiABLA==,Sandy,1,NA,0,0
50,kS5B+jwH02UvvylPuS1o3y3DmiABLA==,Sandy,1,NA,0,0
500,kS5B+jwH02UvvylPuS1o3y3DmiABLA==,Sandy,0,NA,0,0
50,kS5B+jwH02UvvylPuS1o3y3DmiABLA==,Sandy,0,F,0,1
50,kS5B+jwH02UvvylPuS1o3y3DmiABLA==,Sandy,0,F,0,0
25,kS5B+jwH02UvvylPuS1o3y3DmiABLA==,Sandy,0,M,1,0
100,kS5B+jwH02UvvylPuS1o3y3DmiABLA==,Sandy,0,M,1,0
100,kS5B+jwH02UvvylPuS1o3y3DmiABLA==,Sandy,0,M,1,0
50,kS5B+jwH02UvvylPuS1o3y3DmiABLA==,Sandy,0,M,0,0
50,kS5B+jwH02UvvylPuS1o3y3DmiABLA==,Sandy,0,F,0,0
20,kS5B+jwH02UvvylPuS1o3y3DmiABLA==,Sandy,0,F,0,0
1000,kS5B+jwH02UvvylPuS1o3y3DmiABLA==,Sandy,0,M,0,0
100,kS5B+jwH02UvvylPuS1o3y3DmiABLA==,Sandy,0,F,0,0
10,kS5B+jwH02UvvylPuS1o3y3DmiABLA==,Sandy,0,M,0,0
50,kS5B+jwH02UvvylPuS1o3y3DmiABLA==,Sandy,0,F,0,0
20,kS5B+jwH02UvvylPuS1o3y3DmiABLA==,Sandy,0,F,0,0
20,kS5B+jwH02UvvylPuS1o3y3DmiABLA==,Sandy,1,NA,0,0
100,kS5B+jwH02UvvylPuS1o3y3DmiABLA==,Sandy,1,NA,0,0
50,kS5B+jwH02UvvylPuS1o3y3DmiABLA==,Sandy,1,NA,0,0
50,kS5B+jwH02UvvylPuS1o3y3DmiABLA==,Sandy,0,F,0,0
15,kS5B+jwH02UvvylPuS1o3y3DmiABLA==,Sandy,0,F,0,0
25,kS5B+jwH02UvvylPuS1o3y3DmiABLA==,Sandy,0,M,0,0
100,kS5B+jwH02UvvylPuS1o3y3DmiABLA==,Sandy,0,M,0,0
50,kS5B+jwH02UvvylPuS1o3y3DmiABLA==,Sandy,1,NA,0,0
25,kS5B+jwH02UvvylPuS1o3y3DmiABLA==,Sandy,1,NA,0,0
25,kS5B+jwH02UvvylPuS1o3y3DmiABLA==,Sandy,1,NA,0,0
25,kS5B+jwH02UvvylPuS1o3y3DmiABLA==,Sandy,0,NA,0,0
25,kS5B+jwH02UvvylPuS1o3y3DmiABLA==,Sandy,0,F,0,0
50,kS5B+jwH02UvvylPuS1o3y3DmiABLA==,Sandy,0,NA,0,0
25,kS5B+jwH02UvvylPuS1o3y3DmiABLA==,Sandy,0,NA,0,0
20,kS5B+jwH02UvvylPuS1o3y3DmiABLA==,Sandy,0,NA,1,0
25,kS5B+jwH02UvvylPuS1o3y3DmiABLA==,Sandy,0,M,0,0
250,kS5B+jwH02UvvylPuS1o3y3DmiABLA==,Sandy,0,M,0,0
100,kS5B+jwH02UvvylPuS1o3y3DmiABLA==,Sandy,0,F,0,0
200,kS5B+jwH02UvvylPuS1o3y3DmiABLA==,Sandy,0,F,0,0
25,kS5B+jwH02UvvylPuS1o3y3DmiABLA==,Sandy,0,F,0,0
100,kS5B+jwH02UvvylPuS1o3y3DmiABLA==,Sandy,0,NA,0,0
100,kS5B+jwH02UvvylPuS1o3y3DmiABLA==,Sandy,0,F,0,0
500,kS5B+jwH02UvvylPuS1o3y3DmiABLA==,Sandy,0,NA,0,0
50,kS5B+jwH02UvvylPuS1o3y3DmiABLA==,Sandy,0,F,0,0
20,kS5B+jwH02UvvylPuS1o3y3DmiABLA==,Sandy,1,NA,0,0
500,kS5B+jwH02UvvylPuS1o3y3DmiABLA==,Sandy,0,M,0,0
100,kS5B+jwH02UvvylPuS1o3y3DmiABLA==,Sandy,0,M,0,0
20,kS5B+jwH02UvvylPuS1o3y3DmiABLA==,Sandy,0,NA,0,0
400,kS5B+jwH02UvvylPuS1o3y3DmiABLA==,Sandy,0,M,0,0
25,kS5B+jwH02UvvylPuS1o3y3DmiABLA==,Sandy,0,NA,0,0
7,kS5B+jwH02UvvylPuS1o3y3DmiABLA==,Sandy,0,M,0,0
100,kS5B+jwH02UvvylPuS1o3y3DmiABLA==,Sandy,0,F,0,0
300,kS5B+jwH02UvvylPuS1o3y3DmiABLA==,Sandy,0,NA,0,0
50,kS5B+jwH02UvvylPuS1o3y3DmiABLA==,Sandy,0,M,0,0
25,kS5B+jwH02UvvylPuS1o3y3DmiABLA==,Sandy,0,F,0,0
25,kS5B+jwH02UvvylPuS1o3y3DmiABLA==,Sandy,1,NA,0,0
25,kS5B+jwH02UvvylPuS1o3y3DmiABLA==,Sandy,0,M,0,0
100,kS5B+jwH02UvvylPuS1o3y3DmiABLA==,Sandy,1,NA,0,0
100,kS5B+jwH02UvvylPuS1o3y3DmiABLA==,Sandy,0,F,0,0
300,kS5B+jwH02UvvylPuS1o3y3DmiABLA==,Sandy,0,M,1,0
20,kS5B+jwH02UvvylPuS1o3y3DmiABLA==,Sandy,0,F,0,0
100,kS5B+jwH02UvvylPuS1o3y3DmiABLA==,Sandy,0,M,0,0
100,kS5B+jwH02UvvylPuS1o3y3DmiABLA==,Sandy,0,F,0,1
100,kS5B+jwH02UvvylPuS1o3y3DmiABLA==,Sandy,0,F,0,0
30,kS5B+jwH02UvvylPuS1o3y3DmiABLA==,Sandy,1,NA,0,0
50,kS5B+jwH02UvvylPuS1o3y3DmiABLA==,Sandy,1,NA,0,0
50,kS5B+jwH02UvvylPuS1o3y3DmiABLA==,Sandy,0,F,0,1
100,kS5B+jwH02UvvylPuS1o3y3DmiABLA==,Sandy,0,F,0,0
60,kS5B+jwH02UvvylPuS1o3y3DmiABLA==,Sandy,0,F,0,0
50,kS5B+jwH02UvvylPuS1o3y3DmiABLA==,Sandy,0,NA,0,0
100,kS5B+jwH02UvvylPuS1o3y3DmiABLA==,Sandy,0,NA,0,0
100,kS5B+jwH02UvvylPuS1o3y3DmiABLA==,Sandy,0,M,0,0
25,kS5B+jwH02UvvylPuS1o3y3DmiABLA==,Sandy,0,F,0,0
50,kS5B+jwH02UvvylPuS1o3y3DmiABLA==,Sandy,0,M,0,0
200,kS5B+jwH02UvvylPuS1o3y3DmiABLA==,Sandy,0,M,1,0
100,kS5B+jwH02UvvylPuS1o3y3DmiABLA==,Sandy,0,NA,0,0
100,kS5B+jwH02UvvylPuS1o3y3DmiABLA==,Sandy,0,F,0,0
30,kS5B+jwH02UvvylPuS1o3y3DmiABLA==,Sandy,0,F,0,0
25,kS5B+jwH02UvvylPuS1o3y3DmiABLA==,Sandy,0,M,0,0
25,kS5B+jwH02UvvylPuS1o3y3DmiABLA==,Sandy,0,NA,0,1
50,kS5B+jwH02UvvylPuS1o3y3DmiABLA==,Sandy,0,M,0,1
25,kS5B+jwH02UvvylPuS1o3y3DmiABLA==,Sandy,0,F,0,0
50,kS5B+jwH02UvvylPuS1o3y3DmiABLA==,Sandy,0,F,1,0
100,kS5B+jwH02UvvylPuS1o3y3DmiABLA==,Sandy,0,M,0,0
150,kS5B+jwH02UvvylPuS1o3y3DmiABLA==,Sandy,0,NA,0,0
50,kS5B+jwH02UvvylPuS1o3y3DmiABLA==,Sandy,0,M,0,0
30,kS5B+jwH02UvvylPuS1o3y3DmiABLA==,Sandy,0,F,0,0
50,kS5B+jwH02UvvylPuS1o3y3DmiABLA==,Sandy,0,NA,0,0
50,kS5B+jwH02UvvylPuS1o3y3DmiABLA==,Sandy,0,M,0,0
100,kS5B+jwH02UvvylPuS1o3y3DmiABLA==,Sandy,1,NA,0,0
100,kS5B+jwH02UvvylPuS1o3y3DmiABLA==,Sandy,0,NA,0,0
20,kS5B+jwH02UvvylPuS1o3y3DmiABLA==,Sandy,0,F,0,0
50,kS5B+jwH02UvvylPuS1o3y3DmiABLA==,Sandy,0,M,0,0
250,kS5B+jwH02UvvylPuS1o3y3DmiABLA==,Sandy,0,F,1,0
100,kS5B+jwH02UvvylPuS1o3y3DmiABLA==,Sandy,0,NA,0,0
50,kS5B+jwH02UvvylPuS1o3y3DmiABLA==,Sandy,0,NA,0,0
100,kS5B+jwH02UvvylPuS1o3y3DmiABLA==,Sandy,0,F,0,0
100,kS5B+jwH02UvvylPuS1o3y3DmiABLA==,Sandy,0,F,0,0
20,jhrgI15Ai48uLnsD4i4xjC3Dmn0ePA==,Sandy,0,F,0,0
25,jhrgI15Ai48uLnsD4i4xjC3Dmn0ePA==,Sandy,1,NA,0,0
25,jhrgI15Ai48uLnsD4i4xjC3Dmn0ePA==,Sandy,0,F,0,0
40,jhrgI15Ai48uLnsD4i4xjC3Dmn0ePA==,Sandy,0,F,0,0
25,jhrgI15Ai48uLnsD4i4xjC3Dmn0ePA==,Sandy,0,F,0,0
20,jhrgI15Ai48uLnsD4i4xjC3Dmn0ePA==,Sandy,0,F,0,0
25,jhrgI15Ai48uLnsD4i4xjC3Dmn0ePA==,Sandy,0,F,0,0
50,jhrgI15Ai48uLnsD4i4xjC3Dmn0ePA==,Sandy,0,NA,0,0
25,jhrgI15Ai48uLnsD4i4xjC3Dmn0ePA==,Sandy,0,F,0,0
500,jhrgI15Ai48uLnsD4i4xjC3Dmn0ePA==,Sandy,0,F,0,0
25,jhrgI15Ai48uLnsD4i4xjC3Dmn0ePA==,Sandy,0,F,0,0
25,jhrgI15Ai48uLnsD4i4xjC3Dmn0ePA==,Sandy,1,NA,0,0
100,5yvI3KxTuXhocm12bHAFLS3DmnsQKA==,Sandy,0,F,0,0
50,5yvI3KxTuXhocm12bHAFLS3DmnsQKA==,Sandy,0,F,0,0
109,5yvI3KxTuXhocm12bHAFLS3DmnsQKA==,Sandy,0,M,0,0
250,5yvI3KxTuXhocm12bHAFLS3DmnsQKA==,Sandy,0,F,0,0
250,5yvI3KxTuXhocm12bHAFLS3DmnsQKA==,Sandy,0,NA,0,0
25,5yvI3KxTuXhocm12bHAFLS3DmnsQKA==,Sandy,1,NA,0,0
100,5yvI3KxTuXhocm12bHAFLS3DmnsQKA==,Sandy,0,F,0,0
300,5yvI3KxTuXhocm12bHAFLS3DmnsQKA==,Sandy,0,F,0,0
100,5yvI3KxTuXhocm12bHAFLS3DmnsQKA==,Sandy,0,M,0,0
50,5yvI3KxTuXhocm12bHAFLS3DmnsQKA==,Sandy,1,NA,0,0
55,5yvI3KxTuXhocm12bHAFLS3DmnsQKA==,Sandy,0,NA,0,0
300,5yvI3KxTuXhocm12bHAFLS3DmnsQKA==,Sandy,1,NA,0,0
25,5yvI3KxTuXhocm12bHAFLS3DmnsQKA==,Sandy,0,M,0,0
100,5yvI3KxTuXhocm12bHAFLS3DmnsQKA==,Sandy,0,M,0,0
100,5yvI3KxTuXhocm12bHAFLS3DmnsQKA==,Sandy,1,NA,0,0
100,5yvI3KxTuXhocm12bHAFLS3DmnsQKA==,Sandy,1,NA,0,0
100,5yvI3KxTuXhocm12bHAFLS3DmnsQKA==,Sandy,0,F,0,0
100,5yvI3KxTuXhocm12bHAFLS3DmnsQKA==,Sandy,0,M,0,0
200,5yvI3KxTuXhocm12bHAFLS3DmnsQKA==,Sandy,1,NA,0,0
200,5yvI3KxTuXhocm12bHAFLS3DmnsQKA==,Sandy,1,NA,0,0
200,5yvI3KxTuXhocm12bHAFLS3DmnsQKA==,Sandy,1,NA,0,0
100,5yvI3KxTuXhocm12bHAFLS3DmnsQKA==,Sandy,1,NA,0,0
200,5yvI3KxTuXhocm12bHAFLS3DmnsQKA==,Sandy,1,NA,0,0
100,5yvI3KxTuXhocm12bHAFLS3DmnsQKA==,Sandy,1,NA,0,0
100,5yvI3KxTuXhocm12bHAFLS3DmnsQKA==,Sandy,1,NA,0,0
100,5yvI3KxTuXhocm12bHAFLS3DmnsQKA==,Sandy,1,NA,0,0
100,5yvI3KxTuXhocm12bHAFLS3DmnsQKA==,Sandy,0,M,0,0
100,5yvI3KxTuXhocm12bHAFLS3DmnsQKA==,Sandy,1,NA,0,0
100,5yvI3KxTuXhocm12bHAFLS3DmnsQKA==,Sandy,1,NA,0,0
250,5yvI3KxTuXhocm12bHAFLS3DmnsQKA==,Sandy,1,NA,0,0
100,5yvI3KxTuXhocm12bHAFLS3DmnsQKA==,Sandy,1,NA,0,0
300,5yvI3KxTuXhocm12bHAFLS3DmnsQKA==,Sandy,1,NA,0,0
100,5yvI3KxTuXhocm12bHAFLS3DmnsQKA==,Sandy,1,NA,0,0
250,5yvI3KxTuXhocm12bHAFLS3DmnsQKA==,Sandy,1,NA,0,0
200,F2jLEaxRRUZUyPweIWHhei3Dmm8KNA==,Sandy,1,NA,0,0
35,F2jLEaxRRUZUyPweIWHhei3Dmm8KNA==,Sandy,1,NA,0,0
100,F2jLEaxRRUZUyPweIWHhei3Dmm8KNA==,Sandy,1,NA,0,0
100,F2jLEaxRRUZUyPweIWHhei3Dmm8KNA==,Sandy,0,NA,0,0
30,F2jLEaxRRUZUyPweIWHhei3Dmm8KNA==,Sandy,1,NA,0,0
50,F2jLEaxRRUZUyPweIWHhei3Dmm8KNA==,Sandy,0,F,0,0
100,F2jLEaxRRUZUyPweIWHhei3Dmm8KNA==,Sandy,0,F,0,0
50,F2jLEaxRRUZUyPweIWHhei3Dmm8KNA==,Sandy,1,NA,0,0
40,F2jLEaxRRUZUyPweIWHhei3Dmm8KNA==,Sandy,0,NA,0,0
50,F2jLEaxRRUZUyPweIWHhei3Dmm8KNA==,Sandy,1,NA,0,0
40,F2jLEaxRRUZUyPweIWHhei3Dmm8KNA==,Sandy,0,F,0,0
50,F2jLEaxRRUZUyPweIWHhei3Dmm8KNA==,Sandy,0,M,0,0
40,F2jLEaxRRUZUyPweIWHhei3Dmm8KNA==,Sandy,0,F,0,0
50,F2jLEaxRRUZUyPweIWHhei3Dmm8KNA==,Sandy,0,F,0,0
150,F2jLEaxRRUZUyPweIWHhei3Dmm8KNA==,Sandy,0,F,0,0
30,F2jLEaxRRUZUyPweIWHhei3Dmm8KNA==,Sandy,0,F,0,0
500,F2jLEaxRRUZUyPweIWHhei3Dmm8KNA==,Sandy,0,M,0,0
100,F2jLEaxRRUZUyPweIWHhei3Dmm8KNA==,Sandy,0,F,0,0
100,F2jLEaxRRUZUyPweIWHhei3Dmm8KNA==,Sandy,0,F,0,0
100,F2jLEaxRRUZUyPweIWHhei3Dmm8KNA==,Sandy,0,M,0,0
25,F2jLEaxRRUZUyPweIWHhei3Dmm8KNA==,Sandy,0,NA,0,0
25,F2jLEaxRRUZUyPweIWHhei3Dmm8KNA==,Sandy,0,M,0,0
25,F2jLEaxRRUZUyPweIWHhei3Dmm8KNA==,Sandy,0,NA,0,0
50,F2jLEaxRRUZUyPweIWHhei3Dmm8KNA==,Sandy,0,F,0,0
20,F2jLEaxRRUZUyPweIWHhei3Dmm8KNA==,Sandy,1,NA,0,0
50,F2jLEaxRRUZUyPweIWHhei3Dmm8KNA==,Sandy,0,F,0,0
25,F2jLEaxRRUZUyPweIWHhei3Dmm8KNA==,Sandy,0,NA,0,0
25,F2jLEaxRRUZUyPweIWHhei3Dmm8KNA==,Sandy,0,NA,0,0
50,F2jLEaxRRUZUyPweIWHhei3Dmm8KNA==,Sandy,0,F,0,0
20,F2jLEaxRRUZUyPweIWHhei3Dmm8KNA==,Sandy,0,M,0,0
25,F2jLEaxRRUZUyPweIWHhei3Dmm8KNA==,Sandy,0,F,0,0
50,F2jLEaxRRUZUyPweIWHhei3Dmm8KNA==,Sandy,0,F,0,0
25,F2jLEaxRRUZUyPweIWHhei3Dmm8KNA==,Sandy,1,NA,0,0
50,F2jLEaxRRUZUyPweIWHhei3Dmm8KNA==,Sandy,0,M,0,0
50,YbIGnV9Dph4prT7B/xU9my3DwncXbw==,Sandy,0,F,0,0
50,YbIGnV9Dph4prT7B/xU9my3DwncXbw==,Sandy,0,F,0,0
50,YbIGnV9Dph4prT7B/xU9my3DwncXbw==,Sandy,0,NA,0,0
100,YbIGnV9Dph4prT7B/xU9my3DwncXbw==,Sandy,0,M,0,0
300,YbIGnV9Dph4prT7B/xU9my3DwncXbw==,Sandy,0,NA,0,0
25,YbIGnV9Dph4prT7B/xU9my3DwncXbw==,Sandy,0,NA,0,0
100,YbIGnV9Dph4prT7B/xU9my3DwncXbw==,Sandy,0,F,0,0
10,YbIGnV9Dph4prT7B/xU9my3DwncXbw==,Sandy,0,NA,0,0
50,YbIGnV9Dph4prT7B/xU9my3DwncXbw==,Sandy,0,F,0,0
50,YbIGnV9Dph4prT7B/xU9my3DwncXbw==,Sandy,0,M,0,0
28,YbIGnV9Dph4prT7B/xU9my3DwncXbw==,Sandy,0,M,0,0
25,YbIGnV9Dph4prT7B/xU9my3DwncXbw==,Sandy,0,M,0,0
5,YbIGnV9Dph4prT7B/xU9my3DwncXbw==,Sandy,1,NA,0,0
5,YbIGnV9Dph4prT7B/xU9my3DwncXbw==,Sandy,1,NA,0,0
50,YbIGnV9Dph4prT7B/xU9my3DwncXbw==,Sandy,0,F,0,0
5,YbIGnV9Dph4prT7B/xU9my3DwncXbw==,Sandy,0,M,0,0
701,YbIGnV9Dph4prT7B/xU9my3DwncXbw==,Sandy,0,NA,0,0
50,YbIGnV9Dph4prT7B/xU9my3DwncXbw==,Sandy,0,NA,0,0
25,YbIGnV9Dph4prT7B/xU9my3DwncXbw==,Sandy,0,F,0,0
10,YbIGnV9Dph4prT7B/xU9my3DwncXbw==,Sandy,0,F,0,0
100,YbIGnV9Dph4prT7B/xU9my3DwncXbw==,Sandy,0,F,0,0
25,YbIGnV9Dph4prT7B/xU9my3DwncXbw==,Sandy,1,NA,0,0
25,YbIGnV9Dph4prT7B/xU9my3DwncXbw==,Sandy,0,M,0,0
100,YbIGnV9Dph4prT7B/xU9my3DwncXbw==,Sandy,0,NA,0,0
30,YbIGnV9Dph4prT7B/xU9my3DwncXbw==,Sandy,0,M,0,0
25,YbIGnV9Dph4prT7B/xU9my3DwncXbw==,Sandy,0,F,0,0
20,YbIGnV9Dph4prT7B/xU9my3DwncXbw==,Sandy,0,NA,0,0
25,YbIGnV9Dph4prT7B/xU9my3DwncXbw==,Sandy,0,F,0,0
100,YbIGnV9Dph4prT7B/xU9my3DwncXbw==,Sandy,0,NA,0,0
20,YbIGnV9Dph4prT7B/xU9my3DwncXbw==,Sandy,0,F,0,0
25,YbIGnV9Dph4prT7B/xU9my3DwncXbw==,Sandy,0,NA,0,0
20,YbIGnV9Dph4prT7B/xU9my3DwncXbw==,Sandy,0,M,0,0
25,YbIGnV9Dph4prT7B/xU9my3DwncXbw==,Sandy,0,NA,0,0
25,YbIGnV9Dph4prT7B/xU9my3DwncXbw==,Sandy,0,NA,0,0
50,YbIGnV9Dph4prT7B/xU9my3DwncXbw==,Sandy,0,M,0,0
25,YbIGnV9Dph4prT7B/xU9my3DwncXbw==,Sandy,0,F,0,0
20,YbIGnV9Dph4prT7B/xU9my3DwncXbw==,Sandy,0,F,0,0
20,YbIGnV9Dph4prT7B/xU9my3DwncXbw==,Sandy,0,F,0,0
20,YbIGnV9Dph4prT7B/xU9my3DwncXbw==,Sandy,0,F,0,0
25,YbIGnV9Dph4prT7B/xU9my3DwncXbw==,Sandy,0,NA,0,0
25,YbIGnV9Dph4prT7B/xU9my3DwncXbw==,Sandy,0,NA,0,0
25,YbIGnV9Dph4prT7B/xU9my3DwncXbw==,Sandy,0,NA,0,0
20,YbIGnV9Dph4prT7B/xU9my3DwncXbw==,Sandy,0,NA,0,0
5,YbIGnV9Dph4prT7B/xU9my3DwncXbw==,Sandy,0,NA,0,0
75,YbIGnV9Dph4prT7B/xU9my3DwncXbw==,Sandy,0,NA,0,0
100,YbIGnV9Dph4prT7B/xU9my3DwncXbw==,Sandy,0,M,0,0
50,YbIGnV9Dph4prT7B/xU9my3DwncXbw==,Sandy,0,M,0,0
100,YbIGnV9Dph4prT7B/xU9my3DwncXbw==,Sandy,0,M,0,0
50,Ewkh59PTJWMEy0kFJ0R3fy3DwnwDMA==,Sandy,0,F,0,0
25,Ewkh59PTJWMEy0kFJ0R3fy3DwnwDMA==,Sandy,0,F,0,0
50,Ewkh59PTJWMEy0kFJ0R3fy3DwnwDMA==,Sandy,0,F,0,0
30,Ewkh59PTJWMEy0kFJ0R3fy3DwnwDMA==,Sandy,0,M,0,0
50,Ewkh59PTJWMEy0kFJ0R3fy3DwnwDMA==,Sandy,0,F,0,0
25,Ewkh59PTJWMEy0kFJ0R3fy3DwnwDMA==,Sandy,1,NA,0,0
50,Ewkh59PTJWMEy0kFJ0R3fy3DwnwDMA==,Sandy,1,NA,0,0
25,Ewkh59PTJWMEy0kFJ0R3fy3DwnwDMA==,Sandy,1,NA,0,0
100,Ewkh59PTJWMEy0kFJ0R3fy3DwnwDMA==,Sandy,0,M,0,0
50,Ewkh59PTJWMEy0kFJ0R3fy3DwnwDMA==,Sandy,0,F,0,0
25,Ewkh59PTJWMEy0kFJ0R3fy3DwnwDMA==,Sandy,0,F,0,0
50,Ewkh59PTJWMEy0kFJ0R3fy3DwnwDMA==,Sandy,0,F,0,0
25,Ewkh59PTJWMEy0kFJ0R3fy3DwnwDMA==,Sandy,0,F,0,0
25,Ewkh59PTJWMEy0kFJ0R3fy3DwnwDMA==,Sandy,0,NA,0,0
25,Ewkh59PTJWMEy0kFJ0R3fy3DwnwDMA==,Sandy,0,M,0,0
25,Ewkh59PTJWMEy0kFJ0R3fy3DwnwDMA==,Sandy,0,F,0,0
25,Ewkh59PTJWMEy0kFJ0R3fy3DwnwDMA==,Sandy,0,F,0,0
100,Ewkh59PTJWMEy0kFJ0R3fy3DwnwDMA==,Sandy,0,M,0,0
25,Ewkh59PTJWMEy0kFJ0R3fy3DwnwDMA==,Sandy,0,M,0,0
50,Ewkh59PTJWMEy0kFJ0R3fy3DwnwDMA==,Sandy,0,F,0,0
25,Ewkh59PTJWMEy0kFJ0R3fy3DwnwDMA==,Sandy,0,F,0,0
25,Ewkh59PTJWMEy0kFJ0R3fy3DwnwDMA==,Sandy,0,F,0,0
25,Ewkh59PTJWMEy0kFJ0R3fy3DwnwDMA==,Sandy,0,NA,0,0
25,Ewkh59PTJWMEy0kFJ0R3fy3DwnwDMA==,Sandy,0,M,0,0
25,Ewkh59PTJWMEy0kFJ0R3fy3DwnwDMA==,Sandy,0,M,0,0
50,Ewkh59PTJWMEy0kFJ0R3fy3DwnwDMA==,Sandy,0,F,0,0
25,Ewkh59PTJWMEy0kFJ0R3fy3DwnwDMA==,Sandy,0,NA,0,0
40,Ewkh59PTJWMEy0kFJ0R3fy3DwnwDMA==,Sandy,0,F,0,0
25,Ewkh59PTJWMEy0kFJ0R3fy3DwnwDMA==,Sandy,0,F,0,0
20,Ewkh59PTJWMEy0kFJ0R3fy3DwnwDMA==,Sandy,0,F,0,0
50,Ewkh59PTJWMEy0kFJ0R3fy3DwnwDMA==,Sandy,0,NA,0,0
25,Ewkh59PTJWMEy0kFJ0R3fy3DwnwDMA==,Sandy,0,F,0,0
25,Ewkh59PTJWMEy0kFJ0R3fy3DwnwDMA==,Sandy,0,F,0,1
25,Ewkh59PTJWMEy0kFJ0R3fy3DwnwDMA==,Sandy,0,F,0,0
100,Ewkh59PTJWMEy0kFJ0R3fy3DwnwDMA==,Sandy,0,F,0,0
20,Ewkh59PTJWMEy0kFJ0R3fy3DwnwDMA==,Sandy,1,NA,0,0
25,Ewkh59PTJWMEy0kFJ0R3fy3DwnwDMA==,Sandy,0,F,0,0
10,Ewkh59PTJWMEy0kFJ0R3fy3DwnwDMA==,Sandy,0,M,0,0
50,Ewkh59PTJWMEy0kFJ0R3fy3DwnwDMA==,Sandy,0,F,0,0
25,Ewkh59PTJWMEy0kFJ0R3fy3DwnwDMA==,Sandy,0,NA,0,0
25,Ewkh59PTJWMEy0kFJ0R3fy3DwnwDMA==,Sandy,0,M,0,0
25,Ewkh59PTJWMEy0kFJ0R3fy3DwnwDMA==,Sandy,0,M,0,0
25,Ewkh59PTJWMEy0kFJ0R3fy3DwnwDMA==,Sandy,0,F,0,0
25,Ewkh59PTJWMEy0kFJ0R3fy3DwnwDMA==,Sandy,0,F,0,0
35,Ewkh59PTJWMEy0kFJ0R3fy3DwnwDMA==,Sandy,0,M,0,0
30,Ewkh59PTJWMEy0kFJ0R3fy3DwnwDMA==,Sandy,0,F,0,0
50,Ewkh59PTJWMEy0kFJ0R3fy3DwnwDMA==,Sandy,1,NA,0,0
20,Ewkh59PTJWMEy0kFJ0R3fy3DwnwDMA==,Sandy,0,F,0,0
25,Ewkh59PTJWMEy0kFJ0R3fy3DwnwDMA==,Sandy,0,M,0,0
20,Ewkh59PTJWMEy0kFJ0R3fy3DwnwDMA==,Sandy,0,F,0,0
25,Ewkh59PTJWMEy0kFJ0R3fy3DwnwDMA==,Sandy,0,M,0,0
25,Ewkh59PTJWMEy0kFJ0R3fy3DwnwDMA==,Sandy,0,F,0,0
25,Ewkh59PTJWMEy0kFJ0R3fy3DwnwDMA==,Sandy,0,F,0,0
25,Ewkh59PTJWMEy0kFJ0R3fy3DwnwDMA==,Sandy,0,M,0,0
50,Ewkh59PTJWMEy0kFJ0R3fy3DwnwDMA==,Sandy,1,NA,0,0
25,Ewkh59PTJWMEy0kFJ0R3fy3DwnwDMA==,Sandy,0,F,0,0
30,Ewkh59PTJWMEy0kFJ0R3fy3DwnwDMA==,Sandy,0,NA,0,0
50,Ewkh59PTJWMEy0kFJ0R3fy3DwnwDMA==,Sandy,0,F,0,0
50,Ewkh59PTJWMEy0kFJ0R3fy3DwnwDMA==,Sandy,0,F,0,0
25,Ewkh59PTJWMEy0kFJ0R3fy3DwnwDMA==,Sandy,0,F,0,0
25,Ewkh59PTJWMEy0kFJ0R3fy3DwnwDMA==,Sandy,0,F,0,0
50,Ewkh59PTJWMEy0kFJ0R3fy3DwnwDMA==,Sandy,0,F,0,0
100,JXoK28wHvFN2RvNZGA4jAi3Dwngfaw==,Sandy,1,NA,0,0
50,JXoK28wHvFN2RvNZGA4jAi3Dwngfaw==,Sandy,0,M,0,0
25,JXoK28wHvFN2RvNZGA4jAi3Dwngfaw==,Sandy,1,NA,0,0
100,JXoK28wHvFN2RvNZGA4jAi3Dwngfaw==,Sandy,0,M,0,0
30,JXoK28wHvFN2RvNZGA4jAi3Dwngfaw==,Sandy,0,F,0,0
50,JXoK28wHvFN2RvNZGA4jAi3Dwngfaw==,Sandy,0,M,0,0
101,JXoK28wHvFN2RvNZGA4jAi3Dwngfaw==,Sandy,0,M,0,0
50,JXoK28wHvFN2RvNZGA4jAi3Dwngfaw==,Sandy,0,F,0,0
118,JXoK28wHvFN2RvNZGA4jAi3Dwngfaw==,Sandy,1,NA,0,0
100,JXoK28wHvFN2RvNZGA4jAi3Dwngfaw==,Sandy,0,M,0,0
50,JXoK28wHvFN2RvNZGA4jAi3Dwngfaw==,Sandy,0,NA,0,0
100,JXoK28wHvFN2RvNZGA4jAi3Dwngfaw==,Sandy,0,F,0,0
300,JXoK28wHvFN2RvNZGA4jAi3Dwngfaw==,Sandy,1,NA,0,0
50,JXoK28wHvFN2RvNZGA4jAi3Dwngfaw==,Sandy,0,F,0,0
1000,JXoK28wHvFN2RvNZGA4jAi3Dwngfaw==,Sandy,1,NA,0,0
100,JXoK28wHvFN2RvNZGA4jAi3Dwngfaw==,Sandy,0,F,0,0
100,JXoK28wHvFN2RvNZGA4jAi3Dwngfaw==,Sandy,0,NA,0,0
100,JXoK28wHvFN2RvNZGA4jAi3Dwngfaw==,Sandy,0,M,0,0
50,JXoK28wHvFN2RvNZGA4jAi3Dwngfaw==,Sandy,0,M,0,0
100,JXoK28wHvFN2RvNZGA4jAi3Dwngfaw==,Sandy,0,NA,0,0
500,JXoK28wHvFN2RvNZGA4jAi3Dwngfaw==,Sandy,0,M,0,0
100,JXoK28wHvFN2RvNZGA4jAi3Dwngfaw==,Sandy,0,NA,0,0
100,JXoK28wHvFN2RvNZGA4jAi3Dwngfaw==,Sandy,0,M,0,0
500,JXoK28wHvFN2RvNZGA4jAi3Dwngfaw==,Sandy,1,NA,0,0
50,JXoK28wHvFN2RvNZGA4jAi3Dwngfaw==,Sandy,0,F,0,0
1000,JXoK28wHvFN2RvNZGA4jAi3Dwngfaw==,Sandy,0,F,0,0
50,JXoK28wHvFN2RvNZGA4jAi3Dwngfaw==,Sandy,0,F,0,0
25,JXoK28wHvFN2RvNZGA4jAi3Dwngfaw==,Sandy,0,M,0,0
50,JXoK28wHvFN2RvNZGA4jAi3Dwngfaw==,Sandy,0,NA,0,0
25,JXoK28wHvFN2RvNZGA4jAi3Dwngfaw==,Sandy,0,NA,0,0
50,JXoK28wHvFN2RvNZGA4jAi3Dwngfaw==,Sandy,0,M,0,0
100,JXoK28wHvFN2RvNZGA4jAi3Dwngfaw==,Sandy,0,M,0,0
500,JXoK28wHvFN2RvNZGA4jAi3Dwngfaw==,Sandy,0,M,0,0
50,JXoK28wHvFN2RvNZGA4jAi3Dwngfaw==,Sandy,0,M,0,0
100,JXoK28wHvFN2RvNZGA4jAi3Dwngfaw==,Sandy,1,NA,0,0
50,JXoK28wHvFN2RvNZGA4jAi3Dwngfaw==,Sandy,0,M,0,0
100,JXoK28wHvFN2RvNZGA4jAi3Dwngfaw==,Sandy,0,F,0,0
25,JXoK28wHvFN2RvNZGA4jAi3Dwngfaw==,Sandy,0,M,0,0
10,JXoK28wHvFN2RvNZGA4jAi3Dwngfaw==,Sandy,0,NA,0,0
100,WiJ2YKONvZBhJzU0roBgxi3DwmUYMA==,Sandy,0,NA,0,0
100,WiJ2YKONvZBhJzU0roBgxi3DwmUYMA==,Sandy,0,M,0,1
20,WiJ2YKONvZBhJzU0roBgxi3DwmUYMA==,Sandy,1,NA,0,0
25,WiJ2YKONvZBhJzU0roBgxi3DwmUYMA==,Sandy,0,NA,0,0
500,WiJ2YKONvZBhJzU0roBgxi3DwmUYMA==,Sandy,0,NA,0,0
30,WiJ2YKONvZBhJzU0roBgxi3DwmUYMA==,Sandy,0,F,0,0
400,WiJ2YKONvZBhJzU0roBgxi3DwmUYMA==,Sandy,0,M,0,0
10,WiJ2YKONvZBhJzU0roBgxi3DwmUYMA==,Sandy,1,NA,0,0
400,WiJ2YKONvZBhJzU0roBgxi3DwmUYMA==,Sandy,0,F,0,0
100,WiJ2YKONvZBhJzU0roBgxi3DwmUYMA==,Sandy,0,NA,0,1
50,WiJ2YKONvZBhJzU0roBgxi3DwmUYMA==,Sandy,0,F,0,0
100,WiJ2YKONvZBhJzU0roBgxi3DwmUYMA==,Sandy,0,F,0,0
250,WiJ2YKONvZBhJzU0roBgxi3DwmUYMA==,Sandy,0,NA,0,1
100,WiJ2YKONvZBhJzU0roBgxi3DwmUYMA==,Sandy,0,F,0,0
100,WiJ2YKONvZBhJzU0roBgxi3DwmUYMA==,Sandy,0,F,0,0
50,WiJ2YKONvZBhJzU0roBgxi3DwmUYMA==,Sandy,0,F,0,0
500,WiJ2YKONvZBhJzU0roBgxi3DwmUYMA==,Sandy,0,M,0,0
200,WiJ2YKONvZBhJzU0roBgxi3DwmUYMA==,Sandy,0,F,0,1
10,WiJ2YKONvZBhJzU0roBgxi3DwmUYMA==,Sandy,1,NA,0,0
20,WiJ2YKONvZBhJzU0roBgxi3DwmUYMA==,Sandy,1,NA,0,0
25,WiJ2YKONvZBhJzU0roBgxi3DwmUYMA==,Sandy,0,F,0,0
705,WiJ2YKONvZBhJzU0roBgxi3DwmUYMA==,Sandy,0,NA,0,1
100,WiJ2YKONvZBhJzU0roBgxi3DwmUYMA==,Sandy,1,NA,0,0
200,WiJ2YKONvZBhJzU0roBgxi3DwmUYMA==,Sandy,0,NA,0,0
200,WiJ2YKONvZBhJzU0roBgxi3DwmUYMA==,Sandy,0,F,0,0
200,WiJ2YKONvZBhJzU0roBgxi3DwmUYMA==,Sandy,1,NA,0,0
5,WiJ2YKONvZBhJzU0roBgxi3DwmUYMA==,Sandy,0,M,0,0
25,pZFcvG896ueMr2MzEJ8qAi3DwXxOLA==,Sandy,0,M,0,0
150,pZFcvG896ueMr2MzEJ8qAi3DwXxOLA==,Sandy,0,NA,0,0
50,pZFcvG896ueMr2MzEJ8qAi3DwXxOLA==,Sandy,0,M,0,0
100,pZFcvG896ueMr2MzEJ8qAi3DwXxOLA==,Sandy,0,M,0,0
20,pZFcvG896ueMr2MzEJ8qAi3DwXxOLA==,Sandy,0,F,0,0
50,pZFcvG896ueMr2MzEJ8qAi3DwXxOLA==,Sandy,0,M,0,0
15,pZFcvG896ueMr2MzEJ8qAi3DwXxOLA==,Sandy,0,F,0,0
100,pZFcvG896ueMr2MzEJ8qAi3DwXxOLA==,Sandy,0,NA,0,0
100,pZFcvG896ueMr2MzEJ8qAi3DwXxOLA==,Sandy,0,F,0,0
350,pZFcvG896ueMr2MzEJ8qAi3DwXxOLA==,Sandy,0,M,0,0
1000,pZFcvG896ueMr2MzEJ8qAi3DwXxOLA==,Sandy,0,M,0,0
75,pZFcvG896ueMr2MzEJ8qAi3DwXxOLA==,Sandy,0,F,0,0
100,pZFcvG896ueMr2MzEJ8qAi3DwXxOLA==,Sandy,0,NA,0,0
150,pZFcvG896ueMr2MzEJ8qAi3DwXxOLA==,Sandy,0,M,1,0
100,pZFcvG896ueMr2MzEJ8qAi3DwXxOLA==,Sandy,0,NA,0,0
50,pZFcvG896ueMr2MzEJ8qAi3DwXxOLA==,Sandy,0,M,0,0
100,pZFcvG896ueMr2MzEJ8qAi3DwXxOLA==,Sandy,0,F,0,1
20,pZFcvG896ueMr2MzEJ8qAi3DwXxOLA==,Sandy,0,F,0,0
25,pZFcvG896ueMr2MzEJ8qAi3DwXxOLA==,Sandy,0,F,0,0
100,pZFcvG896ueMr2MzEJ8qAi3DwXxOLA==,Sandy,0,F,0,0
200,pZFcvG896ueMr2MzEJ8qAi3DwXxOLA==,Sandy,0,M,1,0
50,pZFcvG896ueMr2MzEJ8qAi3DwXxOLA==,Sandy,0,F,0,0
30,pZFcvG896ueMr2MzEJ8qAi3DwXxOLA==,Sandy,0,F,0,0
50,o7DPBzhIDrVRtkCglLX/cS3DwCFOKA==,Sandy,0,NA,0,0
10,o7DPBzhIDrVRtkCglLX/cS3DwCFOKA==,Sandy,0,NA,0,0
10,o7DPBzhIDrVRtkCglLX/cS3DwCFOKA==,Sandy,0,F,0,0
10,o7DPBzhIDrVRtkCglLX/cS3DwCFOKA==,Sandy,0,F,0,0
25,o7DPBzhIDrVRtkCglLX/cS3DwCFOKA==,Sandy,0,NA,0,0
25,o7DPBzhIDrVRtkCglLX/cS3DwCFOKA==,Sandy,0,M,0,0
15,o7DPBzhIDrVRtkCglLX/cS3DwCFOKA==,Sandy,0,NA,0,0
25,o7DPBzhIDrVRtkCglLX/cS3DwCFOKA==,Sandy,0,NA,0,0
20,o7DPBzhIDrVRtkCglLX/cS3DwCFOKA==,Sandy,0,NA,0,0
50,o7DPBzhIDrVRtkCglLX/cS3DwCFOKA==,Sandy,0,NA,0,0
20,o7DPBzhIDrVRtkCglLX/cS3DwCFOKA==,Sandy,0,F,0,0
10,o7DPBzhIDrVRtkCglLX/cS3DwCFOKA==,Sandy,0,F,0,0
20,o7DPBzhIDrVRtkCglLX/cS3DwCFOKA==,Sandy,0,F,0,0
20,o7DPBzhIDrVRtkCglLX/cS3DwCFOKA==,Sandy,0,F,0,0
55,o7DPBzhIDrVRtkCglLX/cS3DwCFOKA==,Sandy,0,M,0,0
50,o7DPBzhIDrVRtkCglLX/cS3DwCFOKA==,Sandy,0,NA,0,0
40,o7DPBzhIDrVRtkCglLX/cS3DwCFOKA==,Sandy,0,M,0,0
30,o7DPBzhIDrVRtkCglLX/cS3DwCFOKA==,Sandy,0,NA,0,0
25,o7DPBzhIDrVRtkCglLX/cS3DwCFOKA==,Sandy,0,F,0,0
25,o7DPBzhIDrVRtkCglLX/cS3DwCFOKA==,Sandy,0,F,0,0
65,o7DPBzhIDrVRtkCglLX/cS3DwCFOKA==,Sandy,1,NA,0,0
25,o7DPBzhIDrVRtkCglLX/cS3DwCFOKA==,Sandy,0,NA,0,0
5,o7DPBzhIDrVRtkCglLX/cS3DwCFOKA==,Sandy,0,M,0,0
10,o7DPBzhIDrVRtkCglLX/cS3DwCFOKA==,Sandy,0,M,0,0
25,o7DPBzhIDrVRtkCglLX/cS3DwCFOKA==,Sandy,0,NA,0,0
100,o7DPBzhIDrVRtkCglLX/cS3DwCFOKA==,Sandy,0,M,0,0
25,o7DPBzhIDrVRtkCglLX/cS3DwCFOKA==,Sandy,0,M,0,0
25,o7DPBzhIDrVRtkCglLX/cS3DwCFOKA==,Sandy,0,F,0,0
75,o7DPBzhIDrVRtkCglLX/cS3DwCFOKA==,Sandy,0,F,0,0
25,o7DPBzhIDrVRtkCglLX/cS3DwCFOKA==,Sandy,0,F,0,0
50,o7DPBzhIDrVRtkCglLX/cS3DwCFOKA==,Sandy,1,NA,0,0
25,o7DPBzhIDrVRtkCglLX/cS3DwCFOKA==,Sandy,0,NA,0,0
100,o7DPBzhIDrVRtkCglLX/cS3DwCFOKA==,Sandy,0,F,0,0
50,o7DPBzhIDrVRtkCglLX/cS3DwCFOKA==,Sandy,1,NA,0,0
10,o7DPBzhIDrVRtkCglLX/cS3DwCFOKA==,Sandy,0,F,0,0
10,o7DPBzhIDrVRtkCglLX/cS3DwCFOKA==,Sandy,1,NA,0,0
50,jtbG1qEjbGgsHyCe1BCDzy3DwH9JMA==,Sandy,0,F,0,0
10,jtbG1qEjbGgsHyCe1BCDzy3DwH9JMA==,Sandy,0,F,0,0
200,jtbG1qEjbGgsHyCe1BCDzy3DwH9JMA==,Sandy,0,NA,0,0
50,jtbG1qEjbGgsHyCe1BCDzy3DwH9JMA==,Sandy,0,F,0,0
50,jtbG1qEjbGgsHyCe1BCDzy3DwH9JMA==,Sandy,0,F,0,0
20,jtbG1qEjbGgsHyCe1BCDzy3DwH9JMA==,Sandy,0,NA,0,0
50,jtbG1qEjbGgsHyCe1BCDzy3DwH9JMA==,Sandy,0,M,0,0
75,jtbG1qEjbGgsHyCe1BCDzy3DwH9JMA==,Sandy,0,M,0,0
25,jtbG1qEjbGgsHyCe1BCDzy3DwH9JMA==,Sandy,0,F,0,0
50,jtbG1qEjbGgsHyCe1BCDzy3DwH9JMA==,Sandy,0,M,0,0
250,jtbG1qEjbGgsHyCe1BCDzy3DwH9JMA==,Sandy,0,M,0,0
100,jtbG1qEjbGgsHyCe1BCDzy3DwH9JMA==,Sandy,0,F,0,0
25,jtbG1qEjbGgsHyCe1BCDzy3DwH9JMA==,Sandy,0,M,0,0
100,jtbG1qEjbGgsHyCe1BCDzy3DwH9JMA==,Sandy,0,F,0,0
400,jtbG1qEjbGgsHyCe1BCDzy3DwH9JMA==,Sandy,0,M,0,0
50,jtbG1qEjbGgsHyCe1BCDzy3DwH9JMA==,Sandy,0,NA,0,0
100,jtbG1qEjbGgsHyCe1BCDzy3DwH9JMA==,Sandy,0,M,0,0
300,jtbG1qEjbGgsHyCe1BCDzy3DwH9JMA==,Sandy,0,NA,0,0
250,jtbG1qEjbGgsHyCe1BCDzy3DwH9JMA==,Sandy,0,M,0,0
100,jtbG1qEjbGgsHyCe1BCDzy3DwH9JMA==,Sandy,1,NA,0,0
75,jtbG1qEjbGgsHyCe1BCDzy3DwH9JMA==,Sandy,0,F,0,0
125,jtbG1qEjbGgsHyCe1BCDzy3DwH9JMA==,Sandy,1,NA,0,0
30,jtbG1qEjbGgsHyCe1BCDzy3DwH9JMA==,Sandy,0,F,0,1
100,jtbG1qEjbGgsHyCe1BCDzy3DwH9JMA==,Sandy,0,NA,0,0
100,jtbG1qEjbGgsHyCe1BCDzy3DwH9JMA==,Sandy,1,NA,0,0
50,jtbG1qEjbGgsHyCe1BCDzy3DwH9JMA==,Sandy,0,F,0,0
50,jtbG1qEjbGgsHyCe1BCDzy3DwH9JMA==,Sandy,0,F,0,0
14,jtbG1qEjbGgsHyCe1BCDzy3DwH9JMA==,Sandy,1,NA,0,0
200,jtbG1qEjbGgsHyCe1BCDzy3DwH9JMA==,Sandy,0,M,0,0
100,jtbG1qEjbGgsHyCe1BCDzy3DwH9JMA==,Sandy,1,NA,0,0
50,jtbG1qEjbGgsHyCe1BCDzy3DwH9JMA==,Sandy,0,F,0,0
30,jtbG1qEjbGgsHyCe1BCDzy3DwH9JMA==,Sandy,1,NA,0,0
150,jtbG1qEjbGgsHyCe1BCDzy3DwH9JMA==,Sandy,1,NA,0,0
100,jtbG1qEjbGgsHyCe1BCDzy3DwH9JMA==,Sandy,0,F,0,0
20,jtbG1qEjbGgsHyCe1BCDzy3DwH9JMA==,Sandy,0,M,0,0
20,jtbG1qEjbGgsHyCe1BCDzy3DwH9JMA==,Sandy,0,M,0,0
10,jtbG1qEjbGgsHyCe1BCDzy3DwH9JMA==,Sandy,0,F,0,0
10,jtbG1qEjbGgsHyCe1BCDzy3DwH9JMA==,Sandy,0,NA,0,0
50,jtbG1qEjbGgsHyCe1BCDzy3DwH9JMA==,Sandy,0,F,0,0
30,jtbG1qEjbGgsHyCe1BCDzy3DwH9JMA==,Sandy,1,NA,0,0
50,jtbG1qEjbGgsHyCe1BCDzy3DwH9JMA==,Sandy,1,NA,0,0
100,jtbG1qEjbGgsHyCe1BCDzy3DwH9JMA==,Sandy,0,NA,0,1
75,jtbG1qEjbGgsHyCe1BCDzy3DwH9JMA==,Sandy,0,F,0,0
30,jtbG1qEjbGgsHyCe1BCDzy3DwH9JMA==,Sandy,0,M,0,0
500,jtbG1qEjbGgsHyCe1BCDzy3DwH9JMA==,Sandy,1,NA,0,0
30,jtbG1qEjbGgsHyCe1BCDzy3DwH9JMA==,Sandy,1,NA,0,0
25,jtbG1qEjbGgsHyCe1BCDzy3DwH9JMA==,Sandy,0,F,0,0
100,jtbG1qEjbGgsHyCe1BCDzy3DwH9JMA==,Sandy,0,NA,0,0
200,jtbG1qEjbGgsHyCe1BCDzy3DwH9JMA==,Sandy,0,M,0,0
200,jtbG1qEjbGgsHyCe1BCDzy3DwH9JMA==,Sandy,0,M,0,0
50,jtbG1qEjbGgsHyCe1BCDzy3DwH9JMA==,Sandy,0,M,0,0
20,jtbG1qEjbGgsHyCe1BCDzy3DwH9JMA==,Sandy,0,F,0,0
20,jtbG1qEjbGgsHyCe1BCDzy3DwH9JMA==,Sandy,0,F,0,0
20,jtbG1qEjbGgsHyCe1BCDzy3DwH9JMA==,Sandy,0,NA,0,0
10,jtbG1qEjbGgsHyCe1BCDzy3DwH9JMA==,Sandy,1,NA,0,0
200,jtbG1qEjbGgsHyCe1BCDzy3DwH9JMA==,Sandy,0,M,0,0
50,jtbG1qEjbGgsHyCe1BCDzy3DwH9JMA==,Sandy,0,F,0,0
100,jtbG1qEjbGgsHyCe1BCDzy3DwH9JMA==,Sandy,1,NA,0,0
30,jtbG1qEjbGgsHyCe1BCDzy3DwH9JMA==,Sandy,0,F,0,1
200,jtbG1qEjbGgsHyCe1BCDzy3DwH9JMA==,Sandy,0,NA,0,0
50,jtbG1qEjbGgsHyCe1BCDzy3DwH9JMA==,Sandy,1,NA,0,0
20,jtbG1qEjbGgsHyCe1BCDzy3DwH9JMA==,Sandy,0,NA,0,0
10,jtbG1qEjbGgsHyCe1BCDzy3DwH9JMA==,Sandy,0,M,0,0
50,jtbG1qEjbGgsHyCe1BCDzy3DwH9JMA==,Sandy,0,M,0,0
100,jtbG1qEjbGgsHyCe1BCDzy3DwH9JMA==,Sandy,0,F,1,1
110,jkCjAQt9LbzBwYPhv5KfDS3DwHwWLA==,Sandy,0,NA,0,0
25,jkCjAQt9LbzBwYPhv5KfDS3DwHwWLA==,Sandy,0,M,0,0
100,jkCjAQt9LbzBwYPhv5KfDS3DwHwWLA==,Sandy,1,NA,0,0
150,jkCjAQt9LbzBwYPhv5KfDS3DwHwWLA==,Sandy,0,NA,0,0
20,jkCjAQt9LbzBwYPhv5KfDS3DwHwWLA==,Sandy,0,NA,0,0
50,jkCjAQt9LbzBwYPhv5KfDS3DwHwWLA==,Sandy,0,M,0,0
100,jkCjAQt9LbzBwYPhv5KfDS3DwHwWLA==,Sandy,0,F,0,0
5,jkCjAQt9LbzBwYPhv5KfDS3DwHwWLA==,Sandy,1,NA,0,0
40,jkCjAQt9LbzBwYPhv5KfDS3DwHwWLA==,Sandy,0,F,0,0
100,jkCjAQt9LbzBwYPhv5KfDS3DwHwWLA==,Sandy,0,F,0,0
200,jkCjAQt9LbzBwYPhv5KfDS3DwHwWLA==,Sandy,0,NA,0,0
100,jkCjAQt9LbzBwYPhv5KfDS3DwHwWLA==,Sandy,0,M,0,0
5,TzXPyvSlNWJkqjaM8LgJ6i3DwGZDLA==,Sandy,0,F,0,0
5,TzXPyvSlNWJkqjaM8LgJ6i3DwGZDLA==,Sandy,0,F,0,0
50,TzXPyvSlNWJkqjaM8LgJ6i3DwGZDLA==,Sandy,0,NA,0,0
20,TzXPyvSlNWJkqjaM8LgJ6i3DwGZDLA==,Sandy,1,NA,0,0
80,TzXPyvSlNWJkqjaM8LgJ6i3DwGZDLA==,Sandy,1,NA,0,0
20,TzXPyvSlNWJkqjaM8LgJ6i3DwGZDLA==,Sandy,1,NA,0,0
200,TzXPyvSlNWJkqjaM8LgJ6i3DwGZDLA==,Sandy,1,NA,0,0
50,TzXPyvSlNWJkqjaM8LgJ6i3DwGZDLA==,Sandy,0,M,0,0
100,TzXPyvSlNWJkqjaM8LgJ6i3DwGZDLA==,Sandy,0,F,0,0
20,TzXPyvSlNWJkqjaM8LgJ6i3DwGZDLA==,Sandy,0,F,0,0
100,TzXPyvSlNWJkqjaM8LgJ6i3DwGZDLA==,Sandy,0,NA,0,0
200,TzXPyvSlNWJkqjaM8LgJ6i3DwGZDLA==,Sandy,0,NA,0,0
200,TzXPyvSlNWJkqjaM8LgJ6i3DwGZDLA==,Sandy,0,M,0,0
50,TzXPyvSlNWJkqjaM8LgJ6i3DwGZDLA==,Sandy,0,M,0,0
50,vUdy5hgIN8C7rF+w5vPFsi3DwGQKNA==,Sandy,1,NA,0,0
200,vUdy5hgIN8C7rF+w5vPFsi3DwGQKNA==,Sandy,0,NA,0,0
50,vUdy5hgIN8C7rF+w5vPFsi3DwGQKNA==,Sandy,1,NA,0,0
100,vUdy5hgIN8C7rF+w5vPFsi3DwGQKNA==,Sandy,0,NA,0,0
50,vUdy5hgIN8C7rF+w5vPFsi3DwGQKNA==,Sandy,0,F,0,0
100,vUdy5hgIN8C7rF+w5vPFsi3DwGQKNA==,Sandy,0,F,0,0
100,vUdy5hgIN8C7rF+w5vPFsi3DwGQKNA==,Sandy,0,M,0,0
100,vUdy5hgIN8C7rF+w5vPFsi3DwGQKNA==,Sandy,0,F,0,0
25,vUdy5hgIN8C7rF+w5vPFsi3DwGQKNA==,Sandy,0,F,0,0
20,vUdy5hgIN8C7rF+w5vPFsi3DwGQKNA==,Sandy,0,F,0,0
100,vUdy5hgIN8C7rF+w5vPFsi3DwGQKNA==,Sandy,0,NA,0,1
100,vUdy5hgIN8C7rF+w5vPFsi3DwGQKNA==,Sandy,0,F,0,0
300,vUdy5hgIN8C7rF+w5vPFsi3DwGQKNA==,Sandy,0,F,0,0
20,vUdy5hgIN8C7rF+w5vPFsi3DwGQKNA==,Sandy,0,F,0,0
50,vUdy5hgIN8C7rF+w5vPFsi3DwGQKNA==,Sandy,0,M,0,0
5,vUdy5hgIN8C7rF+w5vPFsi3DwGQKNA==,Sandy,0,NA,0,0
25,vUdy5hgIN8C7rF+w5vPFsi3DwGQKNA==,Sandy,0,F,0,0
50,vUdy5hgIN8C7rF+w5vPFsi3DwGQKNA==,Sandy,0,F,0,0
100,vUdy5hgIN8C7rF+w5vPFsi3DwGQKNA==,Sandy,0,NA,0,1
10,vUdy5hgIN8C7rF+w5vPFsi3DwGQKNA==,Sandy,0,M,0,0
10,vUdy5hgIN8C7rF+w5vPFsi3DwGQKNA==,Sandy,0,F,0,0
5,vUdy5hgIN8C7rF+w5vPFsi3DwGQKNA==,Sandy,0,F,1,0
100,vUdy5hgIN8C7rF+w5vPFsi3DwGQKNA==,Sandy,0,NA,0,0
5,vUdy5hgIN8C7rF+w5vPFsi3DwGQKNA==,Sandy,0,F,1,0
5,vUdy5hgIN8C7rF+w5vPFsi3DwGQKNA==,Sandy,0,F,0,0
100,vUdy5hgIN8C7rF+w5vPFsi3DwGQKNA==,Sandy,0,M,0,0
100,vUdy5hgIN8C7rF+w5vPFsi3DwGQKNA==,Sandy,0,M,0,0
25,vUdy5hgIN8C7rF+w5vPFsi3DwGQKNA==,Sandy,0,NA,0,0
100,vUdy5hgIN8C7rF+w5vPFsi3DwGQKNA==,Sandy,0,F,1,0
100,vUdy5hgIN8C7rF+w5vPFsi3DwGQKNA==,Sandy,0,F,0,0
200,vUdy5hgIN8C7rF+w5vPFsi3DwGQKNA==,Sandy,0,F,1,0
20,vUdy5hgIN8C7rF+w5vPFsi3DwGQKNA==,Sandy,0,F,0,1
100,vUdy5hgIN8C7rF+w5vPFsi3DwGQKNA==,Sandy,0,NA,0,0
50,vUdy5hgIN8C7rF+w5vPFsi3DwGQKNA==,Sandy,0,F,1,0
100,vUdy5hgIN8C7rF+w5vPFsi3DwGQKNA==,Sandy,0,F,1,0
200,J6/nzXGgjKJIAHgCQiuqsi3Dx3lOMA==,Sandy,0,NA,0,0
200,J6/nzXGgjKJIAHgCQiuqsi3Dx3lOMA==,Sandy,0,M,0,0
100,J6/nzXGgjKJIAHgCQiuqsi3Dx3lOMA==,Sandy,0,M,0,0
200,J6/nzXGgjKJIAHgCQiuqsi3Dx3lOMA==,Sandy,0,F,0,1
100,J6/nzXGgjKJIAHgCQiuqsi3Dx3lOMA==,Sandy,0,F,0,0
100,J6/nzXGgjKJIAHgCQiuqsi3Dx3lOMA==,Sandy,0,M,0,0
50,J6/nzXGgjKJIAHgCQiuqsi3Dx3lOMA==,Sandy,0,M,0,0
50,J6/nzXGgjKJIAHgCQiuqsi3Dx3lOMA==,Sandy,0,F,0,0
500,J6/nzXGgjKJIAHgCQiuqsi3Dx3lOMA==,Sandy,0,M,0,0
200,J6/nzXGgjKJIAHgCQiuqsi3Dx3lOMA==,Sandy,0,NA,0,0
100,J6/nzXGgjKJIAHgCQiuqsi3Dx3lOMA==,Sandy,0,M,0,0
200,J6/nzXGgjKJIAHgCQiuqsi3Dx3lOMA==,Sandy,0,NA,0,1
100,J6/nzXGgjKJIAHgCQiuqsi3Dx3lOMA==,Sandy,1,NA,0,0
300,J6/nzXGgjKJIAHgCQiuqsi3Dx3lOMA==,Sandy,1,NA,0,0
100,J6/nzXGgjKJIAHgCQiuqsi3Dx3lOMA==,Sandy,0,F,0,0
100,J6/nzXGgjKJIAHgCQiuqsi3Dx3lOMA==,Sandy,0,NA,0,1
100,J6/nzXGgjKJIAHgCQiuqsi3Dx3lOMA==,Sandy,0,M,0,1
250,J6/nzXGgjKJIAHgCQiuqsi3Dx3lOMA==,Sandy,0,NA,0,0
100,J6/nzXGgjKJIAHgCQiuqsi3Dx3lOMA==,Sandy,1,NA,0,0
50,J6/nzXGgjKJIAHgCQiuqsi3Dx3lOMA==,Sandy,0,NA,0,0
250,J6/nzXGgjKJIAHgCQiuqsi3Dx3lOMA==,Sandy,0,M,0,0
100,J6/nzXGgjKJIAHgCQiuqsi3Dx3lOMA==,Sandy,0,M,0,0
100,J6/nzXGgjKJIAHgCQiuqsi3Dx3lOMA==,Sandy,0,NA,0,0
1000,J6/nzXGgjKJIAHgCQiuqsi3Dx3lOMA==,Sandy,0,M,0,0
200,J6/nzXGgjKJIAHgCQiuqsi3Dx3lOMA==,Sandy,0,NA,0,1
1000,J6/nzXGgjKJIAHgCQiuqsi3Dx3lOMA==,Sandy,0,M,0,0
100,J6/nzXGgjKJIAHgCQiuqsi3Dx3lOMA==,Sandy,0,M,0,0
100,J6/nzXGgjKJIAHgCQiuqsi3Dx3lOMA==,Sandy,0,NA,0,0
500,J6/nzXGgjKJIAHgCQiuqsi3Dx3lOMA==,Sandy,0,NA,0,0
100,J6/nzXGgjKJIAHgCQiuqsi3Dx3lOMA==,Sandy,0,F,0,0
500,J6/nzXGgjKJIAHgCQiuqsi3Dx3lOMA==,Sandy,0,F,0,0
100,J6/nzXGgjKJIAHgCQiuqsi3Dx3lOMA==,Sandy,0,NA,0,0
250,J6/nzXGgjKJIAHgCQiuqsi3Dx3lOMA==,Sandy,0,M,0,0
100,J6/nzXGgjKJIAHgCQiuqsi3Dx3lOMA==,Sandy,0,NA,0,1
100,J6/nzXGgjKJIAHgCQiuqsi3Dx3lOMA==,Sandy,0,NA,0,0
50,J6/nzXGgjKJIAHgCQiuqsi3Dx3lOMA==,Sandy,0,F,0,0
100,J6/nzXGgjKJIAHgCQiuqsi3Dx3lOMA==,Sandy,0,NA,0,1
200,J6/nzXGgjKJIAHgCQiuqsi3Dx3lOMA==,Sandy,0,M,0,0
100,J6/nzXGgjKJIAHgCQiuqsi3Dx3lOMA==,Sandy,0,NA,0,0
250,J6/nzXGgjKJIAHgCQiuqsi3Dx3lOMA==,Sandy,0,F,0,0
200,J6/nzXGgjKJIAHgCQiuqsi3Dx3lOMA==,Sandy,0,M,0,0
100,J6/nzXGgjKJIAHgCQiuqsi3Dx3lOMA==,Sandy,0,NA,0,0
100,J6/nzXGgjKJIAHgCQiuqsi3Dx3lOMA==,Sandy,0,M,0,0
50,J6/nzXGgjKJIAHgCQiuqsi3Dx3lOMA==,Sandy,0,F,0,0
100,J6/nzXGgjKJIAHgCQiuqsi3Dx3lOMA==,Sandy,0,NA,0,0
100,J6/nzXGgjKJIAHgCQiuqsi3Dx3lOMA==,Sandy,0,M,0,0
100,J6/nzXGgjKJIAHgCQiuqsi3Dx3lOMA==,Sandy,0,M,0,0
50,J6/nzXGgjKJIAHgCQiuqsi3Dx3lOMA==,Sandy,0,F,0,0
150,J6/nzXGgjKJIAHgCQiuqsi3Dx3lOMA==,Sandy,0,F,0,0
75,J6/nzXGgjKJIAHgCQiuqsi3Dx3lOMA==,Sandy,1,NA,0,0
50,J6/nzXGgjKJIAHgCQiuqsi3Dx3lOMA==,Sandy,0,M,0,0
1000,J6/nzXGgjKJIAHgCQiuqsi3Dx3lOMA==,Sandy,0,M,0,1
100,J6/nzXGgjKJIAHgCQiuqsi3Dx3lOMA==,Sandy,0,M,0,0
100,J6/nzXGgjKJIAHgCQiuqsi3Dx3lOMA==,Sandy,0,M,0,0
1000,J6/nzXGgjKJIAHgCQiuqsi3Dx3lOMA==,Sandy,0,M,0,0
25,J6/nzXGgjKJIAHgCQiuqsi3Dx3lOMA==,Sandy,1,NA,0,0
100,J6/nzXGgjKJIAHgCQiuqsi3Dx3lOMA==,Sandy,0,F,0,0
50,J6/nzXGgjKJIAHgCQiuqsi3Dx3lOMA==,Sandy,0,NA,0,0
50,J6/nzXGgjKJIAHgCQiuqsi3Dx3lOMA==,Sandy,1,NA,0,0
100,J6/nzXGgjKJIAHgCQiuqsi3Dx3lOMA==,Sandy,0,F,0,1
50,J6/nzXGgjKJIAHgCQiuqsi3Dx3lOMA==,Sandy,0,F,0,0
100,J6/nzXGgjKJIAHgCQiuqsi3Dx3lOMA==,Sandy,0,M,0,0
100,J6/nzXGgjKJIAHgCQiuqsi3Dx3lOMA==,Sandy,0,F,0,0
500,J6/nzXGgjKJIAHgCQiuqsi3Dx3lOMA==,Sandy,0,M,0,0
100,J6/nzXGgjKJIAHgCQiuqsi3Dx3lOMA==,Sandy,0,M,0,0
75,J6/nzXGgjKJIAHgCQiuqsi3Dx3lOMA==,Sandy,0,NA,0,0
100,J6/nzXGgjKJIAHgCQiuqsi3Dx3lOMA==,Sandy,0,F,0,1
250,J6/nzXGgjKJIAHgCQiuqsi3Dx3lOMA==,Sandy,0,M,0,0
5000,J6/nzXGgjKJIAHgCQiuqsi3Dx3lOMA==,Sandy,0,M,0,0
50,J6/nzXGgjKJIAHgCQiuqsi3Dx3lOMA==,Sandy,0,M,0,0
250,J6/nzXGgjKJIAHgCQiuqsi3Dx3lOMA==,Sandy,0,M,0,0
100,J6/nzXGgjKJIAHgCQiuqsi3Dx3lOMA==,Sandy,0,F,0,0
50,J6/nzXGgjKJIAHgCQiuqsi3Dx3lOMA==,Sandy,1,NA,0,0
100,J6/nzXGgjKJIAHgCQiuqsi3Dx3lOMA==,Sandy,0,F,0,0
100,J6/nzXGgjKJIAHgCQiuqsi3Dx3lOMA==,Sandy,0,M,0,0
250,J6/nzXGgjKJIAHgCQiuqsi3Dx3lOMA==,Sandy,0,F,0,0
100,J6/nzXGgjKJIAHgCQiuqsi3Dx3lOMA==,Sandy,0,NA,0,0
500,J6/nzXGgjKJIAHgCQiuqsi3Dx3lOMA==,Sandy,0,M,0,0
250,J6/nzXGgjKJIAHgCQiuqsi3Dx3lOMA==,Sandy,0,M,0,0
100,J6/nzXGgjKJIAHgCQiuqsi3Dx3lOMA==,Sandy,0,M,0,0
100,J6/nzXGgjKJIAHgCQiuqsi3Dx3lOMA==,Sandy,0,M,0,0
100,J6/nzXGgjKJIAHgCQiuqsi3Dx3lOMA==,Sandy,0,M,0,0
100,J6/nzXGgjKJIAHgCQiuqsi3Dx3lOMA==,Sandy,0,M,0,0
500,J6/nzXGgjKJIAHgCQiuqsi3Dx3lOMA==,Sandy,0,M,0,0
100,J6/nzXGgjKJIAHgCQiuqsi3Dx3lOMA==,Sandy,0,M,1,1
100,J6/nzXGgjKJIAHgCQiuqsi3Dx3lOMA==,Sandy,0,M,0,0
300,J6/nzXGgjKJIAHgCQiuqsi3Dx3lOMA==,Sandy,0,M,0,0
2500,J6/nzXGgjKJIAHgCQiuqsi3Dx3lOMA==,Sandy,0,M,0,0
250,J6/nzXGgjKJIAHgCQiuqsi3Dx3lOMA==,Sandy,0,F,0,1
100,J6/nzXGgjKJIAHgCQiuqsi3Dx3lOMA==,Sandy,0,M,0,0
100,J6/nzXGgjKJIAHgCQiuqsi3Dx3lOMA==,Sandy,0,F,0,0
500,J6/nzXGgjKJIAHgCQiuqsi3Dx3lOMA==,Sandy,0,F,0,1
75,J6/nzXGgjKJIAHgCQiuqsi3Dx3lOMA==,Sandy,0,NA,0,0
1000,J6/nzXGgjKJIAHgCQiuqsi3Dx3lOMA==,Sandy,0,F,1,0
100,J6/nzXGgjKJIAHgCQiuqsi3Dx3lOMA==,Sandy,1,NA,0,0
10,8rBjUbq3RFuVduMvQkO9iC3DxiIBMA==,Sandy,0,M,0,0
200,8rBjUbq3RFuVduMvQkO9iC3DxiIBMA==,Sandy,0,F,0,0
25,8rBjUbq3RFuVduMvQkO9iC3DxiIBMA==,Sandy,0,F,0,0
100,8rBjUbq3RFuVduMvQkO9iC3DxiIBMA==,Sandy,0,M,0,0
25,8rBjUbq3RFuVduMvQkO9iC3DxiIBMA==,Sandy,0,F,0,0
50,8rBjUbq3RFuVduMvQkO9iC3DxiIBMA==,Sandy,0,F,0,0
100,8rBjUbq3RFuVduMvQkO9iC3DxiIBMA==,Sandy,0,F,0,0
25,8rBjUbq3RFuVduMvQkO9iC3DxiIBMA==,Sandy,0,F,0,0
50,8rBjUbq3RFuVduMvQkO9iC3DxiIBMA==,Sandy,0,F,0,0
50,8rBjUbq3RFuVduMvQkO9iC3DxiIBMA==,Sandy,0,NA,0,0
101,8rBjUbq3RFuVduMvQkO9iC3DxiIBMA==,Sandy,0,F,0,0
25,8rBjUbq3RFuVduMvQkO9iC3DxiIBMA==,Sandy,0,F,0,0
250,8rBjUbq3RFuVduMvQkO9iC3DxiIBMA==,Sandy,0,NA,0,0
50,8rBjUbq3RFuVduMvQkO9iC3DxiIBMA==,Sandy,0,F,0,0
300,8rBjUbq3RFuVduMvQkO9iC3DxiIBMA==,Sandy,0,NA,0,0
100,8rBjUbq3RFuVduMvQkO9iC3DxiIBMA==,Sandy,0,NA,0,0
25,8rBjUbq3RFuVduMvQkO9iC3DxiIBMA==,Sandy,0,F,0,0
18,E/Vsuq1HUNS39+kxDUXYiy3DxiMDPA==,Sandy,0,NA,1,0
15,E/Vsuq1HUNS39+kxDUXYiy3DxiMDPA==,Sandy,0,F,0,0
100,E/Vsuq1HUNS39+kxDUXYiy3DxiMDPA==,Sandy,0,M,1,0
72,E/Vsuq1HUNS39+kxDUXYiy3DxiMDPA==,Sandy,0,M,0,0
100,E/Vsuq1HUNS39+kxDUXYiy3DxiMDPA==,Sandy,0,F,0,0
25,E/Vsuq1HUNS39+kxDUXYiy3DxiMDPA==,Sandy,0,NA,0,0
18,E/Vsuq1HUNS39+kxDUXYiy3DxiMDPA==,Sandy,0,F,0,0
18,E/Vsuq1HUNS39+kxDUXYiy3DxiMDPA==,Sandy,0,NA,0,0
18,E/Vsuq1HUNS39+kxDUXYiy3DxiMDPA==,Sandy,0,F,0,0
18,E/Vsuq1HUNS39+kxDUXYiy3DxiMDPA==,Sandy,0,M,0,0
18,E/Vsuq1HUNS39+kxDUXYiy3DxiMDPA==,Sandy,0,F,0,0
50,E/Vsuq1HUNS39+kxDUXYiy3DxiMDPA==,Sandy,1,NA,0,0
18,E/Vsuq1HUNS39+kxDUXYiy3DxiMDPA==,Sandy,0,F,0,0
18,E/Vsuq1HUNS39+kxDUXYiy3DxiMDPA==,Sandy,0,NA,0,0
10,E/Vsuq1HUNS39+kxDUXYiy3DxiMDPA==,Sandy,1,NA,0,0
36,E/Vsuq1HUNS39+kxDUXYiy3DxiMDPA==,Sandy,0,M,1,0
100,E/Vsuq1HUNS39+kxDUXYiy3DxiMDPA==,Sandy,1,NA,0,0
18,E/Vsuq1HUNS39+kxDUXYiy3DxiMDPA==,Sandy,0,F,0,0
20,E/Vsuq1HUNS39+kxDUXYiy3DxiMDPA==,Sandy,1,NA,0,0
25,lD+GuwAHCPT4OdOjqlcM5y3DxiETOA==,Sandy,0,F,0,0
200,lD+GuwAHCPT4OdOjqlcM5y3DxiETOA==,Sandy,0,F,0,0
100,lD+GuwAHCPT4OdOjqlcM5y3DxiETOA==,Sandy,0,F,0,1
101,lD+GuwAHCPT4OdOjqlcM5y3DxiETOA==,Sandy,0,NA,0,0
25,lD+GuwAHCPT4OdOjqlcM5y3DxiETOA==,Sandy,0,F,0,0
250,lD+GuwAHCPT4OdOjqlcM5y3DxiETOA==,Sandy,0,M,0,0
25,lD+GuwAHCPT4OdOjqlcM5y3DxiETOA==,Sandy,0,M,0,0
25,lD+GuwAHCPT4OdOjqlcM5y3DxiETOA==,Sandy,0,F,0,0
25,lD+GuwAHCPT4OdOjqlcM5y3DxiETOA==,Sandy,0,NA,0,0
25,lD+GuwAHCPT4OdOjqlcM5y3DxiETOA==,Sandy,0,NA,0,1
100,lD+GuwAHCPT4OdOjqlcM5y3DxiETOA==,Sandy,0,NA,0,0
50,lD+GuwAHCPT4OdOjqlcM5y3DxiETOA==,Sandy,0,M,0,1
100,lD+GuwAHCPT4OdOjqlcM5y3DxiETOA==,Sandy,0,NA,0,0
50,lD+GuwAHCPT4OdOjqlcM5y3DxiETOA==,Sandy,0,NA,0,0
20,lD+GuwAHCPT4OdOjqlcM5y3DxiETOA==,Sandy,0,M,0,0
25,lD+GuwAHCPT4OdOjqlcM5y3DxiETOA==,Sandy,0,F,0,0
300,lD+GuwAHCPT4OdOjqlcM5y3DxiETOA==,Sandy,0,F,0,1
20,lD+GuwAHCPT4OdOjqlcM5y3DxiETOA==,Sandy,1,NA,0,0
25,lD+GuwAHCPT4OdOjqlcM5y3DxiETOA==,Sandy,1,NA,0,0
50,lD+GuwAHCPT4OdOjqlcM5y3DxiETOA==,Sandy,0,F,0,1
20,lD+GuwAHCPT4OdOjqlcM5y3DxiETOA==,Sandy,0,NA,0,0
10,lD+GuwAHCPT4OdOjqlcM5y3DxiETOA==,Sandy,1,NA,0,0
25,lD+GuwAHCPT4OdOjqlcM5y3DxiETOA==,Sandy,0,F,0,0
50,lD+GuwAHCPT4OdOjqlcM5y3DxiETOA==,Sandy,0,F,0,0
100,lD+GuwAHCPT4OdOjqlcM5y3DxiETOA==,Sandy,0,F,0,0
5,lD+GuwAHCPT4OdOjqlcM5y3DxiETOA==,Sandy,0,M,0,0
100,lD+GuwAHCPT4OdOjqlcM5y3DxiETOA==,Sandy,0,F,0,0
100,lD+GuwAHCPT4OdOjqlcM5y3DxiETOA==,Sandy,0,F,0,0
25,lD+GuwAHCPT4OdOjqlcM5y3DxiETOA==,Sandy,0,M,0,1
10,lD+GuwAHCPT4OdOjqlcM5y3DxiETOA==,Sandy,0,F,0,1
100,lD+GuwAHCPT4OdOjqlcM5y3DxiETOA==,Sandy,0,NA,0,1
100,lD+GuwAHCPT4OdOjqlcM5y3DxiETOA==,Sandy,0,F,0,1
200,lD+GuwAHCPT4OdOjqlcM5y3DxiETOA==,Sandy,1,NA,0,0
50,lD+GuwAHCPT4OdOjqlcM5y3DxiETOA==,Sandy,0,NA,0,1
10,lD+GuwAHCPT4OdOjqlcM5y3DxiETOA==,Sandy,0,F,0,0
100,lD+GuwAHCPT4OdOjqlcM5y3DxiETOA==,Sandy,0,F,0,0
50,lD+GuwAHCPT4OdOjqlcM5y3DxiETOA==,Sandy,1,NA,0,0
100,lD+GuwAHCPT4OdOjqlcM5y3DxiETOA==,Sandy,0,NA,0,0
100,lD+GuwAHCPT4OdOjqlcM5y3DxiETOA==,Sandy,0,F,0,0
200,lD+GuwAHCPT4OdOjqlcM5y3DxiETOA==,Sandy,1,NA,0,0
50,lD+GuwAHCPT4OdOjqlcM5y3DxiETOA==,Sandy,1,NA,0,0
100,lD+GuwAHCPT4OdOjqlcM5y3DxiETOA==,Sandy,1,NA,0,0
100,lD+GuwAHCPT4OdOjqlcM5y3DxiETOA==,Sandy,0,F,0,1
100,lD+GuwAHCPT4OdOjqlcM5y3DxiETOA==,Sandy,1,NA,0,0
50,MFIhbKyLrsgN+NwVDiUeVC3DxncMKA==,Sandy,1,NA,0,0
40,MFIhbKyLrsgN+NwVDiUeVC3DxncMKA==,Sandy,1,NA,0,0
200,MFIhbKyLrsgN+NwVDiUeVC3DxncMKA==,Sandy,1,NA,0,0
20,MFIhbKyLrsgN+NwVDiUeVC3DxncMKA==,Sandy,0,NA,0,0
50,MFIhbKyLrsgN+NwVDiUeVC3DxncMKA==,Sandy,0,M,0,0
500,MFIhbKyLrsgN+NwVDiUeVC3DxncMKA==,Sandy,0,F,0,0
50,MFIhbKyLrsgN+NwVDiUeVC3DxncMKA==,Sandy,0,F,0,1
500,MFIhbKyLrsgN+NwVDiUeVC3DxncMKA==,Sandy,1,NA,0,0
50,MFIhbKyLrsgN+NwVDiUeVC3DxncMKA==,Sandy,0,M,0,0
20,MFIhbKyLrsgN+NwVDiUeVC3DxncMKA==,Sandy,1,NA,0,0
25,MFIhbKyLrsgN+NwVDiUeVC3DxncMKA==,Sandy,0,NA,0,0
50,MFIhbKyLrsgN+NwVDiUeVC3DxncMKA==,Sandy,0,M,0,0
125,MFIhbKyLrsgN+NwVDiUeVC3DxncMKA==,Sandy,0,NA,0,0
20,MFIhbKyLrsgN+NwVDiUeVC3DxncMKA==,Sandy,0,M,0,0
50,MFIhbKyLrsgN+NwVDiUeVC3DxncMKA==,Sandy,0,F,0,0
100,MFIhbKyLrsgN+NwVDiUeVC3DxncMKA==,Sandy,0,F,0,0
20,MFIhbKyLrsgN+NwVDiUeVC3DxncMKA==,Sandy,0,M,0,0
50,MFIhbKyLrsgN+NwVDiUeVC3DxncMKA==,Sandy,0,NA,0,0
50,MFIhbKyLrsgN+NwVDiUeVC3DxncMKA==,Sandy,0,F,0,0
100,MFIhbKyLrsgN+NwVDiUeVC3DxncMKA==,Sandy,0,M,0,0
50,MFIhbKyLrsgN+NwVDiUeVC3DxncMKA==,Sandy,0,M,0,0
50,MFIhbKyLrsgN+NwVDiUeVC3DxncMKA==,Sandy,0,F,0,0
50,MFIhbKyLrsgN+NwVDiUeVC3DxncMKA==,Sandy,0,F,0,0
250,MFIhbKyLrsgN+NwVDiUeVC3DxncMKA==,Sandy,0,NA,0,1
250,MFIhbKyLrsgN+NwVDiUeVC3DxncMKA==,Sandy,0,NA,0,0
50,MFIhbKyLrsgN+NwVDiUeVC3DxncMKA==,Sandy,0,F,0,0
500,MFIhbKyLrsgN+NwVDiUeVC3DxncMKA==,Sandy,0,F,0,0
50,MFIhbKyLrsgN+NwVDiUeVC3DxncMKA==,Sandy,0,F,0,0
40,MFIhbKyLrsgN+NwVDiUeVC3DxncMKA==,Sandy,1,NA,0,0
100,MFIhbKyLrsgN+NwVDiUeVC3DxncMKA==,Sandy,0,NA,0,0
50,MFIhbKyLrsgN+NwVDiUeVC3DxncMKA==,Sandy,0,F,0,0
10,/yejqAlBloaSpWwFnuRzTy3DxnQRPA==,Sandy,0,F,0,0
500,/yejqAlBloaSpWwFnuRzTy3DxnQRPA==,Sandy,0,M,1,0
5,2dS6JtB4CT//Yuc5ST3S/S3Dxnscaw==,Sandy,1,NA,0,0
25,2dS6JtB4CT//Yuc5ST3S/S3Dxnscaw==,Sandy,0,M,0,0
25,2dS6JtB4CT//Yuc5ST3S/S3Dxnscaw==,Sandy,0,F,0,0
25,2dS6JtB4CT//Yuc5ST3S/S3Dxnscaw==,Sandy,0,M,0,0
20,2dS6JtB4CT//Yuc5ST3S/S3Dxnscaw==,Sandy,0,F,0,0
25,2dS6JtB4CT//Yuc5ST3S/S3Dxnscaw==,Sandy,1,NA,0,0
75,2dS6JtB4CT//Yuc5ST3S/S3Dxnscaw==,Sandy,0,NA,0,0
25,2dS6JtB4CT//Yuc5ST3S/S3Dxnscaw==,Sandy,0,NA,0,0
200,2dS6JtB4CT//Yuc5ST3S/S3Dxnscaw==,Sandy,0,M,0,0
25,2dS6JtB4CT//Yuc5ST3S/S3Dxnscaw==,Sandy,0,NA,0,0
25,2dS6JtB4CT//Yuc5ST3S/S3Dxnscaw==,Sandy,0,F,0,0
1000,2dS6JtB4CT//Yuc5ST3S/S3Dxnscaw==,Sandy,0,M,0,0
100,2dS6JtB4CT//Yuc5ST3S/S3Dxnscaw==,Sandy,0,M,0,0
100,2dS6JtB4CT//Yuc5ST3S/S3Dxnscaw==,Sandy,0,F,0,0
50,2dS6JtB4CT//Yuc5ST3S/S3Dxnscaw==,Sandy,0,NA,0,0
1000,2dS6JtB4CT//Yuc5ST3S/S3Dxnscaw==,Sandy,0,NA,0,0
20,2dS6JtB4CT//Yuc5ST3S/S3Dxnscaw==,Sandy,0,F,0,0
100,2dS6JtB4CT//Yuc5ST3S/S3Dxnscaw==,Sandy,0,NA,0,0
50,2dS6JtB4CT//Yuc5ST3S/S3Dxnscaw==,Sandy,0,F,0,1
10,2dS6JtB4CT//Yuc5ST3S/S3Dxnscaw==,Sandy,0,F,0,1
100,2dS6JtB4CT//Yuc5ST3S/S3Dxnscaw==,Sandy,0,F,0,0
25,2dS6JtB4CT//Yuc5ST3S/S3Dxnscaw==,Sandy,0,F,0,0
50,2dS6JtB4CT//Yuc5ST3S/S3Dxnscaw==,Sandy,1,NA,0,0
100,2dS6JtB4CT//Yuc5ST3S/S3Dxnscaw==,Sandy,0,F,0,0
100,2dS6JtB4CT//Yuc5ST3S/S3Dxnscaw==,Sandy,1,NA,0,0
100,2dS6JtB4CT//Yuc5ST3S/S3Dxnscaw==,Sandy,0,NA,0,0
100,2dS6JtB4CT//Yuc5ST3S/S3Dxnscaw==,Sandy,0,M,0,1
200,2dS6JtB4CT//Yuc5ST3S/S3Dxnscaw==,Sandy,0,M,0,0
10,2dS6JtB4CT//Yuc5ST3S/S3Dxnscaw==,Sandy,0,F,0,0
100,2dS6JtB4CT//Yuc5ST3S/S3Dxnscaw==,Sandy,0,NA,0,0
100,2dS6JtB4CT//Yuc5ST3S/S3Dxnscaw==,Sandy,0,M,0,0
100,2dS6JtB4CT//Yuc5ST3S/S3Dxnscaw==,Sandy,0,M,0,0
100,2dS6JtB4CT//Yuc5ST3S/S3Dxnscaw==,Sandy,0,M,0,0
75,2dS6JtB4CT//Yuc5ST3S/S3Dxnscaw==,Sandy,0,F,0,0
50,2dS6JtB4CT//Yuc5ST3S/S3Dxnscaw==,Sandy,0,NA,0,0
100,2dS6JtB4CT//Yuc5ST3S/S3Dxnscaw==,Sandy,0,M,0,0
50,2dS6JtB4CT//Yuc5ST3S/S3Dxnscaw==,Sandy,0,F,0,0
40,2dS6JtB4CT//Yuc5ST3S/S3Dxnscaw==,Sandy,0,NA,0,0
100,2dS6JtB4CT//Yuc5ST3S/S3Dxnscaw==,Sandy,0,NA,0,0
200,2dS6JtB4CT//Yuc5ST3S/S3Dxnscaw==,Sandy,0,F,0,0
100,2dS6JtB4CT//Yuc5ST3S/S3Dxnscaw==,Sandy,0,NA,0,0
100,2dS6JtB4CT//Yuc5ST3S/S3Dxnscaw==,Sandy,0,NA,0,0
500,2dS6JtB4CT//Yuc5ST3S/S3Dxnscaw==,Sandy,0,M,0,0
50,2dS6JtB4CT//Yuc5ST3S/S3Dxnscaw==,Sandy,0,NA,0,1
50,2dS6JtB4CT//Yuc5ST3S/S3Dxnscaw==,Sandy,0,F,0,0
200,2dS6JtB4CT//Yuc5ST3S/S3Dxnscaw==,Sandy,1,NA,0,0
100,2dS6JtB4CT//Yuc5ST3S/S3Dxnscaw==,Sandy,0,M,0,0
300,2dS6JtB4CT//Yuc5ST3S/S3Dxnscaw==,Sandy,0,NA,0,0
30,2dS6JtB4CT//Yuc5ST3S/S3Dxnscaw==,Sandy,1,NA,0,0
100,2dS6JtB4CT//Yuc5ST3S/S3Dxnscaw==,Sandy,0,NA,0,0
50,2dS6JtB4CT//Yuc5ST3S/S3Dxnscaw==,Sandy,0,F,0,0
100,2dS6JtB4CT//Yuc5ST3S/S3Dxnscaw==,Sandy,0,M,0,0
50,2dS6JtB4CT//Yuc5ST3S/S3Dxnscaw==,Sandy,0,F,0,0
100,2dS6JtB4CT//Yuc5ST3S/S3Dxnscaw==,Sandy,0,M,0,0
100,2dS6JtB4CT//Yuc5ST3S/S3Dxnscaw==,Sandy,0,M,0,0
150,2dS6JtB4CT//Yuc5ST3S/S3Dxnscaw==,Sandy,0,F,0,0
20,2dS6JtB4CT//Yuc5ST3S/S3Dxnscaw==,Sandy,1,NA,0,0
200,2dS6JtB4CT//Yuc5ST3S/S3Dxnscaw==,Sandy,1,NA,0,0
200,2dS6JtB4CT//Yuc5ST3S/S3Dxnscaw==,Sandy,0,NA,0,1
50,2dS6JtB4CT//Yuc5ST3S/S3Dxnscaw==,Sandy,0,M,0,0
50,2dS6JtB4CT//Yuc5ST3S/S3Dxnscaw==,Sandy,0,F,0,0
50,2dS6JtB4CT//Yuc5ST3S/S3Dxnscaw==,Sandy,0,F,0,0
100,2dS6JtB4CT//Yuc5ST3S/S3Dxnscaw==,Sandy,0,M,0,0
300,2dS6JtB4CT//Yuc5ST3S/S3Dxnscaw==,Sandy,0,M,0,0
150,2dS6JtB4CT//Yuc5ST3S/S3Dxnscaw==,Sandy,1,NA,0,0
100,2dS6JtB4CT//Yuc5ST3S/S3Dxnscaw==,Sandy,0,NA,0,0
20,2dS6JtB4CT//Yuc5ST3S/S3Dxnscaw==,Sandy,1,NA,0,0
10,2dS6JtB4CT//Yuc5ST3S/S3Dxnscaw==,Sandy,0,M,0,0
100,2dS6JtB4CT//Yuc5ST3S/S3Dxnscaw==,Sandy,0,M,0,0
100,2dS6JtB4CT//Yuc5ST3S/S3Dxnscaw==,Sandy,1,NA,0,0
100,2dS6JtB4CT//Yuc5ST3S/S3Dxnscaw==,Sandy,0,F,0,0
100,2dS6JtB4CT//Yuc5ST3S/S3Dxnscaw==,Sandy,0,F,0,0
100,2dS6JtB4CT//Yuc5ST3S/S3Dxnscaw==,Sandy,0,F,0,1
50,2dS6JtB4CT//Yuc5ST3S/S3Dxnscaw==,Sandy,1,NA,0,0
20,2dS6JtB4CT//Yuc5ST3S/S3Dxnscaw==,Sandy,1,NA,0,0
50,2dS6JtB4CT//Yuc5ST3S/S3Dxnscaw==,Sandy,0,NA,0,1
50,2dS6JtB4CT//Yuc5ST3S/S3Dxnscaw==,Sandy,1,NA,0,0
20,0/D9AIkxY+LYQJlvfIdPfC3Dxm4YKA==,Sandy,0,F,0,0
50,0/D9AIkxY+LYQJlvfIdPfC3Dxm4YKA==,Sandy,0,M,0,0
25,0/D9AIkxY+LYQJlvfIdPfC3Dxm4YKA==,Sandy,1,NA,0,0
50,0/D9AIkxY+LYQJlvfIdPfC3Dxm4YKA==,Sandy,0,NA,0,0
25,0/D9AIkxY+LYQJlvfIdPfC3Dxm4YKA==,Sandy,0,NA,0,0
50,0/D9AIkxY+LYQJlvfIdPfC3Dxm4YKA==,Sandy,0,F,0,0
100,0/D9AIkxY+LYQJlvfIdPfC3Dxm4YKA==,Sandy,0,NA,0,0
50,0/D9AIkxY+LYQJlvfIdPfC3Dxm4YKA==,Sandy,0,NA,0,0
50,0/D9AIkxY+LYQJlvfIdPfC3Dxm4YKA==,Sandy,0,NA,0,0
25,0/D9AIkxY+LYQJlvfIdPfC3Dxm4YKA==,Sandy,0,F,0,0
50,ZeTnPZSkenW/amMMLSGlqy3DxX4Zaw==,Sandy,0,M,0,0
300,ZeTnPZSkenW/amMMLSGlqy3DxX4Zaw==,Sandy,0,M,0,0
300,ZeTnPZSkenW/amMMLSGlqy3DxX4Zaw==,Sandy,0,F,0,0
40,ZeTnPZSkenW/amMMLSGlqy3DxX4Zaw==,Sandy,0,F,0,0
50,ZeTnPZSkenW/amMMLSGlqy3DxX4Zaw==,Sandy,0,NA,0,0
50,ZeTnPZSkenW/amMMLSGlqy3DxX4Zaw==,Sandy,0,M,0,0
50,ZeTnPZSkenW/amMMLSGlqy3DxX4Zaw==,Sandy,0,F,0,0
50,ZeTnPZSkenW/amMMLSGlqy3DxX4Zaw==,Sandy,0,M,0,0
250,ZeTnPZSkenW/amMMLSGlqy3DxX4Zaw==,Sandy,0,NA,0,1
25,ZeTnPZSkenW/amMMLSGlqy3DxX4Zaw==,Sandy,0,F,0,0
100,ZeTnPZSkenW/amMMLSGlqy3DxX4Zaw==,Sandy,1,NA,0,0
50,ZeTnPZSkenW/amMMLSGlqy3DxX4Zaw==,Sandy,0,M,0,0
50,ZeTnPZSkenW/amMMLSGlqy3DxX4Zaw==,Sandy,0,M,0,0
50,ZeTnPZSkenW/amMMLSGlqy3DxX4Zaw==,Sandy,0,M,0,0
70,ZeTnPZSkenW/amMMLSGlqy3DxX4Zaw==,Sandy,1,NA,0,0
100,ZeTnPZSkenW/amMMLSGlqy3DxX4Zaw==,Sandy,0,M,0,0
50,ZeTnPZSkenW/amMMLSGlqy3DxX4Zaw==,Sandy,0,M,0,1
50,ZeTnPZSkenW/amMMLSGlqy3DxX4Zaw==,Sandy,1,NA,0,0
50,ZeTnPZSkenW/amMMLSGlqy3DxX4Zaw==,Sandy,1,NA,0,0
50,ZeTnPZSkenW/amMMLSGlqy3DxX4Zaw==,Sandy,0,M,0,0
50,ZeTnPZSkenW/amMMLSGlqy3DxX4Zaw==,Sandy,0,M,0,0
50,ZeTnPZSkenW/amMMLSGlqy3DxX4Zaw==,Sandy,1,NA,0,0
20,ZeTnPZSkenW/amMMLSGlqy3DxX4Zaw==,Sandy,1,NA,0,0
50,ZeTnPZSkenW/amMMLSGlqy3DxX4Zaw==,Sandy,1,NA,0,0
50,ZeTnPZSkenW/amMMLSGlqy3DxX4Zaw==,Sandy,1,NA,0,0
150,ZeTnPZSkenW/amMMLSGlqy3DxX4Zaw==,Sandy,0,F,0,1
300,ZeTnPZSkenW/amMMLSGlqy3DxX4Zaw==,Sandy,1,NA,0,0
75,ZeTnPZSkenW/amMMLSGlqy3DxX4Zaw==,Sandy,0,M,0,0
50,ZeTnPZSkenW/amMMLSGlqy3DxX4Zaw==,Sandy,1,NA,0,0
100,ZeTnPZSkenW/amMMLSGlqy3DxX4Zaw==,Sandy,0,M,0,0
50,ZeTnPZSkenW/amMMLSGlqy3DxX4Zaw==,Sandy,1,NA,0,0
50,ZeTnPZSkenW/amMMLSGlqy3DxX4Zaw==,Sandy,1,NA,0,0
10,ZeTnPZSkenW/amMMLSGlqy3DxX4Zaw==,Sandy,1,NA,0,0
50,ZeTnPZSkenW/amMMLSGlqy3DxX4Zaw==,Sandy,0,F,0,0
50,ZeTnPZSkenW/amMMLSGlqy3DxX4Zaw==,Sandy,0,NA,0,0
50,ZeTnPZSkenW/amMMLSGlqy3DxX4Zaw==,Sandy,0,M,0,0
25,iHgtNVXhVLnWXbqSKVex5S3DxWURaw==,Sandy,1,NA,NA,0
50,iHgtNVXhVLnWXbqSKVex5S3DxWURaw==,Sandy,1,NA,NA,0
50,iHgtNVXhVLnWXbqSKVex5S3DxWURaw==,Sandy,0,F,NA,0
1500,iHgtNVXhVLnWXbqSKVex5S3DxWURaw==,Sandy,0,M,NA,0
50,iHgtNVXhVLnWXbqSKVex5S3DxWURaw==,Sandy,0,F,NA,0
20,D8I283TF3xepv/AD5Kq3my3DxHQOKA==,Sandy,0,M,0,0
20,D8I283TF3xepv/AD5Kq3my3DxHQOKA==,Sandy,0,F,0,0
20,D8I283TF3xepv/AD5Kq3my3DxHQOKA==,Sandy,0,F,0,0
135,D8I283TF3xepv/AD5Kq3my3DxHQOKA==,Sandy,0,F,0,1
20,D8I283TF3xepv/AD5Kq3my3DxHQOKA==,Sandy,0,F,0,1
100,D8I283TF3xepv/AD5Kq3my3DxHQOKA==,Sandy,0,F,0,0
150,D8I283TF3xepv/AD5Kq3my3DxHQOKA==,Sandy,0,NA,0,1
100,D8I283TF3xepv/AD5Kq3my3DxHQOKA==,Sandy,1,NA,0,0
50,D8I283TF3xepv/AD5Kq3my3DxHQOKA==,Sandy,0,NA,0,0
30,D8I283TF3xepv/AD5Kq3my3DxHQOKA==,Sandy,0,M,0,0
50,D8I283TF3xepv/AD5Kq3my3DxHQOKA==,Sandy,0,M,0,0
50,D8I283TF3xepv/AD5Kq3my3DxHQOKA==,Sandy,1,NA,0,0
50,D8I283TF3xepv/AD5Kq3my3DxHQOKA==,Sandy,0,F,0,0
50,D8I283TF3xepv/AD5Kq3my3DxHQOKA==,Sandy,0,NA,0,0
25,D8I283TF3xepv/AD5Kq3my3DxHQOKA==,Sandy,0,F,0,0
5,D8I283TF3xepv/AD5Kq3my3DxHQOKA==,Sandy,0,F,0,0
50,D8I283TF3xepv/AD5Kq3my3DxHQOKA==,Sandy,0,F,0,0
50,D8I283TF3xepv/AD5Kq3my3DxHQOKA==,Sandy,0,F,0,0
15,D8I283TF3xepv/AD5Kq3my3DxHQOKA==,Sandy,0,F,0,0
30,D8I283TF3xepv/AD5Kq3my3DxHQOKA==,Sandy,0,M,0,0
25,D8I283TF3xepv/AD5Kq3my3DxHQOKA==,Sandy,0,M,0,0
30,D8I283TF3xepv/AD5Kq3my3DxHQOKA==,Sandy,0,F,0,0
25,D8I283TF3xepv/AD5Kq3my3DxHQOKA==,Sandy,0,F,0,0
50,D8I283TF3xepv/AD5Kq3my3DxHQOKA==,Sandy,0,F,0,0
50,D8I283TF3xepv/AD5Kq3my3DxHQOKA==,Sandy,0,F,0,1
25,D8I283TF3xepv/AD5Kq3my3DxHQOKA==,Sandy,0,NA,0,0
25,D8I283TF3xepv/AD5Kq3my3DxHQOKA==,Sandy,0,NA,0,0
50,D8I283TF3xepv/AD5Kq3my3DxHQOKA==,Sandy,0,F,0,0
35,D8I283TF3xepv/AD5Kq3my3DxHQOKA==,Sandy,0,NA,0,0
25,D8I283TF3xepv/AD5Kq3my3DxHQOKA==,Sandy,0,F,0,0
25,D8I283TF3xepv/AD5Kq3my3DxHQOKA==,Sandy,0,F,0,0
100,D8I283TF3xepv/AD5Kq3my3DxHQOKA==,Sandy,0,NA,0,0
20,D8I283TF3xepv/AD5Kq3my3DxHQOKA==,Sandy,0,NA,0,0
20,D8I283TF3xepv/AD5Kq3my3DxHQOKA==,Sandy,0,M,0,0
50,D8I283TF3xepv/AD5Kq3my3DxHQOKA==,Sandy,0,NA,0,0
25,D8I283TF3xepv/AD5Kq3my3DxHQOKA==,Sandy,0,F,0,0
20,D8I283TF3xepv/AD5Kq3my3DxHQOKA==,Sandy,0,F,0,0
25,D8I283TF3xepv/AD5Kq3my3DxHQOKA==,Sandy,0,F,0,0
25,D8I283TF3xepv/AD5Kq3my3DxHQOKA==,Sandy,0,F,0,0
30,D8I283TF3xepv/AD5Kq3my3DxHQOKA==,Sandy,0,M,0,0
30,D8I283TF3xepv/AD5Kq3my3DxHQOKA==,Sandy,0,F,0,1
35,D8I283TF3xepv/AD5Kq3my3DxHQOKA==,Sandy,0,F,0,0
10,KZPl8cpTLfjb+3CbJEHiZC3DyydIKA==,Sandy,0,F,0,0
5,KZPl8cpTLfjb+3CbJEHiZC3DyydIKA==,Sandy,0,F,0,0
5,KZPl8cpTLfjb+3CbJEHiZC3DyydIKA==,Sandy,0,NA,0,0
5,KZPl8cpTLfjb+3CbJEHiZC3DyydIKA==,Sandy,0,F,0,0
10,KZPl8cpTLfjb+3CbJEHiZC3DyydIKA==,Sandy,0,F,0,0
25,KZPl8cpTLfjb+3CbJEHiZC3DyydIKA==,Sandy,0,F,0,0
10,KZPl8cpTLfjb+3CbJEHiZC3DyydIKA==,Sandy,0,M,0,0
50,KZPl8cpTLfjb+3CbJEHiZC3DyydIKA==,Sandy,0,M,0,0
20,KZPl8cpTLfjb+3CbJEHiZC3DyydIKA==,Sandy,0,M,0,0
30,KZPl8cpTLfjb+3CbJEHiZC3DyydIKA==,Sandy,0,F,0,0
50,KZPl8cpTLfjb+3CbJEHiZC3DyydIKA==,Sandy,0,NA,0,0
50,KZPl8cpTLfjb+3CbJEHiZC3DyydIKA==,Sandy,1,NA,0,0
100,nBtVffUet3z8dBwe+P1WcS3Dy2NINA==,Sandy,1,NA,0,0
25,nBtVffUet3z8dBwe+P1WcS3Dy2NINA==,Sandy,1,NA,0,0
75,nBtVffUet3z8dBwe+P1WcS3Dy2NINA==,Sandy,0,NA,0,0
10,nBtVffUet3z8dBwe+P1WcS3Dy2NINA==,Sandy,0,NA,0,0
25,nBtVffUet3z8dBwe+P1WcS3Dy2NINA==,Sandy,1,NA,0,0
50,nBtVffUet3z8dBwe+P1WcS3Dy2NINA==,Sandy,0,F,0,0
50,nBtVffUet3z8dBwe+P1WcS3Dy2NINA==,Sandy,0,F,0,0
50,nBtVffUet3z8dBwe+P1WcS3Dy2NINA==,Sandy,1,NA,0,0
50,nBtVffUet3z8dBwe+P1WcS3Dy2NINA==,Sandy,1,NA,0,0
20,nBtVffUet3z8dBwe+P1WcS3Dy2NINA==,Sandy,1,NA,0,0
25,nBtVffUet3z8dBwe+P1WcS3Dy2NINA==,Sandy,1,NA,0,0
25,nBtVffUet3z8dBwe+P1WcS3Dy2NINA==,Sandy,1,NA,0,0
50,nBtVffUet3z8dBwe+P1WcS3Dy2NINA==,Sandy,1,NA,0,0
25,nBtVffUet3z8dBwe+P1WcS3Dy2NINA==,Sandy,1,NA,0,0
20,nBtVffUet3z8dBwe+P1WcS3Dy2NINA==,Sandy,1,NA,0,0
400,nBtVffUet3z8dBwe+P1WcS3Dy2NINA==,Sandy,1,NA,0,0
30,nBtVffUet3z8dBwe+P1WcS3Dy2NINA==,Sandy,1,NA,0,0
50,nBtVffUet3z8dBwe+P1WcS3Dy2NINA==,Sandy,1,NA,0,0
500,nBtVffUet3z8dBwe+P1WcS3Dy2NINA==,Sandy,1,NA,0,0
5,nBtVffUet3z8dBwe+P1WcS3Dy2NINA==,Sandy,1,NA,0,0
50,nBtVffUet3z8dBwe+P1WcS3Dy2NINA==,Sandy,1,NA,0,0
110,AMZF+xKHCjr+6BzWzU0Iii3DyiANMA==,Sandy,1,NA,0,0
30,AMZF+xKHCjr+6BzWzU0Iii3DyiANMA==,Sandy,0,F,0,0
25,AMZF+xKHCjr+6BzWzU0Iii3DyiANMA==,Sandy,1,NA,0,0
100,AMZF+xKHCjr+6BzWzU0Iii3DyiANMA==,Sandy,1,NA,0,0
100,+7FBvi7NoRus1aQ3qrrwty3DyCQSKA==,Sandy,0,NA,0,0
200,+7FBvi7NoRus1aQ3qrrwty3DyCQSKA==,Sandy,1,NA,0,0
50,+7FBvi7NoRus1aQ3qrrwty3DyCQSKA==,Sandy,0,F,0,0
50,+7FBvi7NoRus1aQ3qrrwty3DyCQSKA==,Sandy,1,NA,0,0
50,+7FBvi7NoRus1aQ3qrrwty3DyCQSKA==,Sandy,0,F,0,0
100,+7FBvi7NoRus1aQ3qrrwty3DyCQSKA==,Sandy,0,NA,0,0
50,+7FBvi7NoRus1aQ3qrrwty3DyCQSKA==,Sandy,0,F,0,0
200,+7FBvi7NoRus1aQ3qrrwty3DyCQSKA==,Sandy,0,F,0,0
50,+7FBvi7NoRus1aQ3qrrwty3DyCQSKA==,Sandy,0,NA,0,0
50,+7FBvi7NoRus1aQ3qrrwty3DyCQSKA==,Sandy,0,F,0,0
50,+7FBvi7NoRus1aQ3qrrwty3DyCQSKA==,Sandy,0,M,0,0
100,+7FBvi7NoRus1aQ3qrrwty3DyCQSKA==,Sandy,0,M,0,0
100,+7FBvi7NoRus1aQ3qrrwty3DyCQSKA==,Sandy,0,NA,0,0
50,+7FBvi7NoRus1aQ3qrrwty3DyCQSKA==,Sandy,0,F,0,0
400,+7FBvi7NoRus1aQ3qrrwty3DyCQSKA==,Sandy,1,NA,0,0
100,+7FBvi7NoRus1aQ3qrrwty3DyCQSKA==,Sandy,0,M,0,0
100,+7FBvi7NoRus1aQ3qrrwty3DyCQSKA==,Sandy,0,M,0,0
10,+7FBvi7NoRus1aQ3qrrwty3DyCQSKA==,Sandy,0,F,0,0
25,+7FBvi7NoRus1aQ3qrrwty3DyCQSKA==,Sandy,0,F,0,0
25,+7FBvi7NoRus1aQ3qrrwty3DyCQSKA==,Sandy,0,F,0,0
100,+7FBvi7NoRus1aQ3qrrwty3DyCQSKA==,Sandy,0,F,0,0
50,+7FBvi7NoRus1aQ3qrrwty3DyCQSKA==,Sandy,0,F,0,0
50,+7FBvi7NoRus1aQ3qrrwty3DyCQSKA==,Sandy,0,F,0,0
50,+7FBvi7NoRus1aQ3qrrwty3DyCQSKA==,Sandy,0,F,0,0
25,C7qY3He1KZFL6Z7rVmp/OS3Dz31Oaw==,Sandy,1,NA,0,0
100,C7qY3He1KZFL6Z7rVmp/OS3Dz31Oaw==,Sandy,0,F,0,0
100,C7qY3He1KZFL6Z7rVmp/OS3Dz31Oaw==,Sandy,1,NA,0,0
200,C7qY3He1KZFL6Z7rVmp/OS3Dz31Oaw==,Sandy,1,NA,0,0
50,C7qY3He1KZFL6Z7rVmp/OS3Dz31Oaw==,Sandy,0,M,0,0
100,C7qY3He1KZFL6Z7rVmp/OS3Dz31Oaw==,Sandy,0,M,0,0
25,C7qY3He1KZFL6Z7rVmp/OS3Dz31Oaw==,Sandy,0,M,0,1
105,C7qY3He1KZFL6Z7rVmp/OS3Dz31Oaw==,Sandy,0,F,0,1
25,C7qY3He1KZFL6Z7rVmp/OS3Dz31Oaw==,Sandy,0,F,0,0
200,C7qY3He1KZFL6Z7rVmp/OS3Dz31Oaw==,Sandy,0,F,0,1
50,C7qY3He1KZFL6Z7rVmp/OS3Dz31Oaw==,Sandy,0,M,0,0
100,C7qY3He1KZFL6Z7rVmp/OS3Dz31Oaw==,Sandy,0,M,0,0
50,C7qY3He1KZFL6Z7rVmp/OS3Dz31Oaw==,Sandy,1,NA,0,0
30,C7qY3He1KZFL6Z7rVmp/OS3Dz31Oaw==,Sandy,1,NA,0,0
50,C7qY3He1KZFL6Z7rVmp/OS3Dz31Oaw==,Sandy,1,NA,0,0
100,C7qY3He1KZFL6Z7rVmp/OS3Dz31Oaw==,Sandy,0,F,1,0
50,C7qY3He1KZFL6Z7rVmp/OS3Dz31Oaw==,Sandy,0,F,0,0
25,C7qY3He1KZFL6Z7rVmp/OS3Dz31Oaw==,Sandy,0,F,0,0
35,C7qY3He1KZFL6Z7rVmp/OS3Dz31Oaw==,Sandy,0,F,0,0
50,C7qY3He1KZFL6Z7rVmp/OS3Dz31Oaw==,Sandy,0,M,0,0
20,C7qY3He1KZFL6Z7rVmp/OS3Dz31Oaw==,Sandy,0,F,0,0
100,C7qY3He1KZFL6Z7rVmp/OS3Dz31Oaw==,Sandy,1,NA,0,0
50,C7qY3He1KZFL6Z7rVmp/OS3Dz31Oaw==,Sandy,0,M,0,0
25,C7qY3He1KZFL6Z7rVmp/OS3Dz31Oaw==,Sandy,0,NA,0,0
20,C7qY3He1KZFL6Z7rVmp/OS3Dz31Oaw==,Sandy,0,NA,0,0
100,C7qY3He1KZFL6Z7rVmp/OS3Dz31Oaw==,Sandy,0,F,1,0
20,Lmtvbs/W2B3rS/MCqB0fWi3Dz2EWbw==,Sandy,0,F,0,0
20,Lmtvbs/W2B3rS/MCqB0fWi3Dz2EWbw==,Sandy,1,NA,0,0
10,Lmtvbs/W2B3rS/MCqB0fWi3Dz2EWbw==,Sandy,1,NA,0,0
50,Lmtvbs/W2B3rS/MCqB0fWi3Dz2EWbw==,Sandy,0,M,0,0
25,Lmtvbs/W2B3rS/MCqB0fWi3Dz2EWbw==,Sandy,0,F,0,0
25,Lmtvbs/W2B3rS/MCqB0fWi3Dz2EWbw==,Sandy,0,F,0,0
100,Lmtvbs/W2B3rS/MCqB0fWi3Dz2EWbw==,Sandy,1,NA,0,0
50,Lmtvbs/W2B3rS/MCqB0fWi3Dz2EWbw==,Sandy,0,M,0,0
34,Lmtvbs/W2B3rS/MCqB0fWi3Dz2EWbw==,Sandy,0,NA,0,0
25,Lmtvbs/W2B3rS/MCqB0fWi3Dz2EWbw==,Sandy,0,M,0,0
40,Lmtvbs/W2B3rS/MCqB0fWi3Dz2EWbw==,Sandy,0,NA,0,0
50,Lmtvbs/W2B3rS/MCqB0fWi3Dz2EWbw==,Sandy,0,F,0,0
50,Lmtvbs/W2B3rS/MCqB0fWi3Dz2EWbw==,Sandy,0,NA,0,0
5,Lmtvbs/W2B3rS/MCqB0fWi3Dz2EWbw==,Sandy,0,M,0,0
50,Lmtvbs/W2B3rS/MCqB0fWi3Dz2EWbw==,Sandy,0,M,0,0
31,Lmtvbs/W2B3rS/MCqB0fWi3Dz2EWbw==,Sandy,0,F,0,0
10,Lmtvbs/W2B3rS/MCqB0fWi3Dz2EWbw==,Sandy,0,F,0,0
10,Lmtvbs/W2B3rS/MCqB0fWi3Dz2EWbw==,Sandy,0,M,0,0
20,Lmtvbs/W2B3rS/MCqB0fWi3Dz2EWbw==,Sandy,0,F,0,0
10,Lmtvbs/W2B3rS/MCqB0fWi3Dz2EWbw==,Sandy,0,NA,0,0
10,Lmtvbs/W2B3rS/MCqB0fWi3Dz2EWbw==,Sandy,1,NA,0,0
15,Lmtvbs/W2B3rS/MCqB0fWi3Dz2EWbw==,Sandy,0,F,0,0
250,Lmtvbs/W2B3rS/MCqB0fWi3Dz2EWbw==,Sandy,1,NA,0,0
10,Lmtvbs/W2B3rS/MCqB0fWi3Dz2EWbw==,Sandy,0,F,0,0
50,Lmtvbs/W2B3rS/MCqB0fWi3Dz2EWbw==,Sandy,0,NA,0,0
40,Lmtvbs/W2B3rS/MCqB0fWi3Dz2EWbw==,Sandy,0,NA,0,0
25,Lmtvbs/W2B3rS/MCqB0fWi3Dz2EWbw==,Sandy,1,NA,0,0
30,Lmtvbs/W2B3rS/MCqB0fWi3Dz2EWbw==,Sandy,0,NA,0,0
50,Lmtvbs/W2B3rS/MCqB0fWi3Dz2EWbw==,Sandy,0,NA,0,0
20,Lmtvbs/W2B3rS/MCqB0fWi3Dz2EWbw==,Sandy,1,NA,0,0
40,Lmtvbs/W2B3rS/MCqB0fWi3Dz2EWbw==,Sandy,0,F,0,0
35,Lmtvbs/W2B3rS/MCqB0fWi3Dz2EWbw==,Sandy,0,M,0,0
50,Lmtvbs/W2B3rS/MCqB0fWi3Dz2EWbw==,Sandy,0,NA,0,0
40,Lmtvbs/W2B3rS/MCqB0fWi3Dz2EWbw==,Sandy,0,F,0,0
982,K6UHfn3nRpLxdwleGDu4rS3DznsTOA==,Sandy,0,NA,0,0
30,K6UHfn3nRpLxdwleGDu4rS3DznsTOA==,Sandy,0,F,0,0
100,K6UHfn3nRpLxdwleGDu4rS3DznsTOA==,Sandy,0,NA,0,0
100,K6UHfn3nRpLxdwleGDu4rS3DznsTOA==,Sandy,0,M,0,0
30,K6UHfn3nRpLxdwleGDu4rS3DznsTOA==,Sandy,0,M,0,0
50,K6UHfn3nRpLxdwleGDu4rS3DznsTOA==,Sandy,0,M,0,1
50,K6UHfn3nRpLxdwleGDu4rS3DznsTOA==,Sandy,0,NA,0,1
25,K6UHfn3nRpLxdwleGDu4rS3DznsTOA==,Sandy,0,F,0,0
25,K6UHfn3nRpLxdwleGDu4rS3DznsTOA==,Sandy,0,F,0,0
25,K6UHfn3nRpLxdwleGDu4rS3DznsTOA==,Sandy,0,F,0,1
20,K6UHfn3nRpLxdwleGDu4rS3DznsTOA==,Sandy,0,NA,0,0
25,K6UHfn3nRpLxdwleGDu4rS3DznsTOA==,Sandy,0,F,0,0
25,K6UHfn3nRpLxdwleGDu4rS3DznsTOA==,Sandy,0,F,0,0
25,K6UHfn3nRpLxdwleGDu4rS3DznsTOA==,Sandy,0,F,0,0
50,K6UHfn3nRpLxdwleGDu4rS3DznsTOA==,Sandy,0,F,0,0
50,K6UHfn3nRpLxdwleGDu4rS3DznsTOA==,Sandy,0,F,0,0
25,K6UHfn3nRpLxdwleGDu4rS3DznsTOA==,Sandy,0,F,0,0
100,K6UHfn3nRpLxdwleGDu4rS3DznsTOA==,Sandy,0,NA,0,1
100,K6UHfn3nRpLxdwleGDu4rS3DznsTOA==,Sandy,0,NA,0,0
25,K6UHfn3nRpLxdwleGDu4rS3DznsTOA==,Sandy,0,F,0,0
25,K6UHfn3nRpLxdwleGDu4rS3DznsTOA==,Sandy,0,F,0,0
25,K6UHfn3nRpLxdwleGDu4rS3DznsTOA==,Sandy,0,F,0,0
100,K6UHfn3nRpLxdwleGDu4rS3DznsTOA==,Sandy,0,F,0,1
50,K6UHfn3nRpLxdwleGDu4rS3DznsTOA==,Sandy,0,F,0,0
50,K6UHfn3nRpLxdwleGDu4rS3DznsTOA==,Sandy,0,F,0,0
25,K6UHfn3nRpLxdwleGDu4rS3DznsTOA==,Sandy,0,NA,0,0
50,K6UHfn3nRpLxdwleGDu4rS3DznsTOA==,Sandy,0,M,0,0
50,K6UHfn3nRpLxdwleGDu4rS3DznsTOA==,Sandy,0,F,0,0
25,K6UHfn3nRpLxdwleGDu4rS3DznsTOA==,Sandy,1,NA,0,0
25,K6UHfn3nRpLxdwleGDu4rS3DznsTOA==,Sandy,0,F,0,0
100,K6UHfn3nRpLxdwleGDu4rS3DznsTOA==,Sandy,0,F,0,0
200,K6UHfn3nRpLxdwleGDu4rS3DznsTOA==,Sandy,0,M,0,0
50,K6UHfn3nRpLxdwleGDu4rS3DznsTOA==,Sandy,0,NA,0,0
25,K6UHfn3nRpLxdwleGDu4rS3DznsTOA==,Sandy,0,F,0,1
100,K6UHfn3nRpLxdwleGDu4rS3DznsTOA==,Sandy,0,F,1,0
100,YFmnV5f8Y8voFTY8sUGkiC3DzHACaw==,Sandy,0,F,0,1
60,YFmnV5f8Y8voFTY8sUGkiC3DzHACaw==,Sandy,0,NA,0,0
30,YFmnV5f8Y8voFTY8sUGkiC3DzHACaw==,Sandy,0,M,0,0
250,YFmnV5f8Y8voFTY8sUGkiC3DzHACaw==,Sandy,0,M,0,0
100,YFmnV5f8Y8voFTY8sUGkiC3DzHACaw==,Sandy,0,M,0,0
50,YFmnV5f8Y8voFTY8sUGkiC3DzHACaw==,Sandy,1,NA,0,0
50,YFmnV5f8Y8voFTY8sUGkiC3DzHACaw==,Sandy,1,NA,0,0
100,YFmnV5f8Y8voFTY8sUGkiC3DzHACaw==,Sandy,1,NA,0,0
100,YFmnV5f8Y8voFTY8sUGkiC3DzHACaw==,Sandy,0,M,0,0
100,YFmnV5f8Y8voFTY8sUGkiC3DzHACaw==,Sandy,0,NA,0,0
100,YFmnV5f8Y8voFTY8sUGkiC3DzHACaw==,Sandy,0,F,0,0
100,YFmnV5f8Y8voFTY8sUGkiC3DzHACaw==,Sandy,0,NA,0,0
250,YFmnV5f8Y8voFTY8sUGkiC3DzHACaw==,Sandy,0,NA,0,0
100,YFmnV5f8Y8voFTY8sUGkiC3DzHACaw==,Sandy,0,NA,0,0
20,YFmnV5f8Y8voFTY8sUGkiC3DzHACaw==,Sandy,1,NA,0,0
20,YFmnV5f8Y8voFTY8sUGkiC3DzHACaw==,Sandy,1,NA,0,0
20,YFmnV5f8Y8voFTY8sUGkiC3DzHACaw==,Sandy,1,NA,0,0
50,YFmnV5f8Y8voFTY8sUGkiC3DzHACaw==,Sandy,0,F,0,0
25,YFmnV5f8Y8voFTY8sUGkiC3DzHACaw==,Sandy,1,NA,0,0
100,YFmnV5f8Y8voFTY8sUGkiC3DzHACaw==,Sandy,0,NA,0,0
100,YFmnV5f8Y8voFTY8sUGkiC3DzHACaw==,Sandy,0,NA,0,0
100,YFmnV5f8Y8voFTY8sUGkiC3DzHACaw==,Sandy,0,NA,0,0
100,YFmnV5f8Y8voFTY8sUGkiC3DzHACaw==,Sandy,1,NA,0,0
25,YFmnV5f8Y8voFTY8sUGkiC3DzHACaw==,Sandy,1,NA,0,0
50,YFmnV5f8Y8voFTY8sUGkiC3DzHACaw==,Sandy,0,F,0,0
1000,YFmnV5f8Y8voFTY8sUGkiC3DzHACaw==,Sandy,0,NA,0,0
50,epQygVbkcv+w9BkX3Vnrjy3D0yAJZw==,Sandy,0,F,0,0
25,epQygVbkcv+w9BkX3Vnrjy3D0yAJZw==,Sandy,0,F,0,0
50,epQygVbkcv+w9BkX3Vnrjy3D0yAJZw==,Sandy,0,F,0,0
50,epQygVbkcv+w9BkX3Vnrjy3D0yAJZw==,Sandy,0,F,0,1
500,epQygVbkcv+w9BkX3Vnrjy3D0yAJZw==,Sandy,0,M,0,0
50,epQygVbkcv+w9BkX3Vnrjy3D0yAJZw==,Sandy,1,NA,0,0
75,epQygVbkcv+w9BkX3Vnrjy3D0yAJZw==,Sandy,0,F,0,0
20,epQygVbkcv+w9BkX3Vnrjy3D0yAJZw==,Sandy,0,F,0,0
50,epQygVbkcv+w9BkX3Vnrjy3D0yAJZw==,Sandy,0,F,0,0
25,epQygVbkcv+w9BkX3Vnrjy3D0yAJZw==,Sandy,0,M,0,0
50,epQygVbkcv+w9BkX3Vnrjy3D0yAJZw==,Sandy,1,NA,0,0
25,epQygVbkcv+w9BkX3Vnrjy3D0yAJZw==,Sandy,0,F,0,0
18,epQygVbkcv+w9BkX3Vnrjy3D0yAJZw==,Sandy,1,NA,0,0
100,epQygVbkcv+w9BkX3Vnrjy3D0yAJZw==,Sandy,0,M,0,1
100,epQygVbkcv+w9BkX3Vnrjy3D0yAJZw==,Sandy,0,F,0,0
50,epQygVbkcv+w9BkX3Vnrjy3D0yAJZw==,Sandy,0,F,0,0
50,epQygVbkcv+w9BkX3Vnrjy3D0yAJZw==,Sandy,0,NA,0,0
100,epQygVbkcv+w9BkX3Vnrjy3D0yAJZw==,Sandy,0,F,0,0
50,epQygVbkcv+w9BkX3Vnrjy3D0yAJZw==,Sandy,0,M,0,0
100,epQygVbkcv+w9BkX3Vnrjy3D0yAJZw==,Sandy,0,NA,0,1
100,epQygVbkcv+w9BkX3Vnrjy3D0yAJZw==,Sandy,0,F,0,0
25,epQygVbkcv+w9BkX3Vnrjy3D0yAJZw==,Sandy,0,F,0,0
100,epQygVbkcv+w9BkX3Vnrjy3D0yAJZw==,Sandy,0,NA,0,0
25,epQygVbkcv+w9BkX3Vnrjy3D0yAJZw==,Sandy,0,NA,0,0
100,epQygVbkcv+w9BkX3Vnrjy3D0yAJZw==,Sandy,1,NA,0,0
18,epQygVbkcv+w9BkX3Vnrjy3D0yAJZw==,Sandy,1,NA,0,0
1400,mRs0gXdeQF9mGp33uOhsfi3D035KNA==,Sandy,0,NA,0,0
100,mRs0gXdeQF9mGp33uOhsfi3D035KNA==,Sandy,0,M,0,0
300,mRs0gXdeQF9mGp33uOhsfi3D035KNA==,Sandy,0,NA,0,0
5555,mRs0gXdeQF9mGp33uOhsfi3D035KNA==,Sandy,1,NA,0,0
300,mRs0gXdeQF9mGp33uOhsfi3D035KNA==,Sandy,0,NA,0,0
500,mRs0gXdeQF9mGp33uOhsfi3D035KNA==,Sandy,0,NA,0,0
500,mRs0gXdeQF9mGp33uOhsfi3D035KNA==,Sandy,0,NA,0,0
100,mRs0gXdeQF9mGp33uOhsfi3D035KNA==,Sandy,0,NA,0,0
50,mRs0gXdeQF9mGp33uOhsfi3D035KNA==,Sandy,0,M,0,0
200,mRs0gXdeQF9mGp33uOhsfi3D035KNA==,Sandy,0,M,0,0
200,mRs0gXdeQF9mGp33uOhsfi3D035KNA==,Sandy,0,NA,0,0
100,mRs0gXdeQF9mGp33uOhsfi3D035KNA==,Sandy,0,NA,0,0
100,mRs0gXdeQF9mGp33uOhsfi3D035KNA==,Sandy,0,NA,0,0
20,mRs0gXdeQF9mGp33uOhsfi3D035KNA==,Sandy,0,F,0,0
100,mRs0gXdeQF9mGp33uOhsfi3D035KNA==,Sandy,0,F,0,1
300,mRs0gXdeQF9mGp33uOhsfi3D035KNA==,Sandy,0,NA,0,0
100,mRs0gXdeQF9mGp33uOhsfi3D035KNA==,Sandy,0,NA,0,0
25,mRs0gXdeQF9mGp33uOhsfi3D035KNA==,Sandy,0,M,0,0
100,mRs0gXdeQF9mGp33uOhsfi3D035KNA==,Sandy,0,F,0,0
100,mRs0gXdeQF9mGp33uOhsfi3D035KNA==,Sandy,0,F,0,0
100,mRs0gXdeQF9mGp33uOhsfi3D035KNA==,Sandy,0,F,0,0
100,mRs0gXdeQF9mGp33uOhsfi3D035KNA==,Sandy,0,F,0,1
20,mRs0gXdeQF9mGp33uOhsfi3D035KNA==,Sandy,0,F,0,0
100,mRs0gXdeQF9mGp33uOhsfi3D035KNA==,Sandy,0,F,0,0
50,mRs0gXdeQF9mGp33uOhsfi3D035KNA==,Sandy,0,F,0,0
50,mRs0gXdeQF9mGp33uOhsfi3D035KNA==,Sandy,0,F,0,0
50,mRs0gXdeQF9mGp33uOhsfi3D035KNA==,Sandy,0,NA,0,0
50,mRs0gXdeQF9mGp33uOhsfi3D035KNA==,Sandy,0,M,0,0
50,mRs0gXdeQF9mGp33uOhsfi3D035KNA==,Sandy,0,F,0,0
100,mRs0gXdeQF9mGp33uOhsfi3D035KNA==,Sandy,0,NA,0,0
100,mRs0gXdeQF9mGp33uOhsfi3D035KNA==,Sandy,0,NA,0,0
500,mRs0gXdeQF9mGp33uOhsfi3D035KNA==,Sandy,0,NA,0,0
200,mRs0gXdeQF9mGp33uOhsfi3D035KNA==,Sandy,1,NA,0,0
20,mRs0gXdeQF9mGp33uOhsfi3D035KNA==,Sandy,1,NA,0,0
100,mRs0gXdeQF9mGp33uOhsfi3D035KNA==,Sandy,0,M,0,0
360,mRs0gXdeQF9mGp33uOhsfi3D035KNA==,Sandy,0,M,0,0
50,mRs0gXdeQF9mGp33uOhsfi3D035KNA==,Sandy,0,F,0,0
200,mRs0gXdeQF9mGp33uOhsfi3D035KNA==,Sandy,0,M,0,0
100,mRs0gXdeQF9mGp33uOhsfi3D035KNA==,Sandy,0,NA,0,0
200,mRs0gXdeQF9mGp33uOhsfi3D035KNA==,Sandy,1,NA,0,0
50,mRs0gXdeQF9mGp33uOhsfi3D035KNA==,Sandy,0,F,0,0
3405,mRs0gXdeQF9mGp33uOhsfi3D035KNA==,Sandy,0,NA,0,0
100,mRs0gXdeQF9mGp33uOhsfi3D035KNA==,Sandy,0,NA,0,0
40,mRs0gXdeQF9mGp33uOhsfi3D035KNA==,Sandy,0,F,0,0
30,mRs0gXdeQF9mGp33uOhsfi3D035KNA==,Sandy,0,F,0,0
25,mRs0gXdeQF9mGp33uOhsfi3D035KNA==,Sandy,0,M,0,0
20,mRs0gXdeQF9mGp33uOhsfi3D035KNA==,Sandy,0,F,0,0
50,mRs0gXdeQF9mGp33uOhsfi3D035KNA==,Sandy,0,F,0,0
100,mRs0gXdeQF9mGp33uOhsfi3D035KNA==,Sandy,0,F,0,0
100,mRs0gXdeQF9mGp33uOhsfi3D035KNA==,Sandy,0,NA,0,0
10,mRs0gXdeQF9mGp33uOhsfi3D035KNA==,Sandy,0,F,0,0
200,mRs0gXdeQF9mGp33uOhsfi3D035KNA==,Sandy,0,F,0,1
50,mRs0gXdeQF9mGp33uOhsfi3D035KNA==,Sandy,0,NA,0,1
500,mRs0gXdeQF9mGp33uOhsfi3D035KNA==,Sandy,0,NA,0,0
10,mRs0gXdeQF9mGp33uOhsfi3D035KNA==,Sandy,0,F,0,0
50,mRs0gXdeQF9mGp33uOhsfi3D035KNA==,Sandy,0,NA,0,0
50,mRs0gXdeQF9mGp33uOhsfi3D035KNA==,Sandy,0,F,0,0
300,mRs0gXdeQF9mGp33uOhsfi3D035KNA==,Sandy,0,NA,0,0
50,mRs0gXdeQF9mGp33uOhsfi3D035KNA==,Sandy,0,F,0,1
10,mRs0gXdeQF9mGp33uOhsfi3D035KNA==,Sandy,1,NA,0,0
50,mRs0gXdeQF9mGp33uOhsfi3D035KNA==,Sandy,0,F,0,1
10,mRs0gXdeQF9mGp33uOhsfi3D035KNA==,Sandy,0,F,0,0
25,mRs0gXdeQF9mGp33uOhsfi3D035KNA==,Sandy,0,F,0,1
50,mRs0gXdeQF9mGp33uOhsfi3D035KNA==,Sandy,0,F,0,0
100,mRs0gXdeQF9mGp33uOhsfi3D035KNA==,Sandy,0,F,0,1
20,mRs0gXdeQF9mGp33uOhsfi3D035KNA==,Sandy,0,F,0,0
25,mRs0gXdeQF9mGp33uOhsfi3D035KNA==,Sandy,0,NA,0,0
50,mRs0gXdeQF9mGp33uOhsfi3D035KNA==,Sandy,0,M,0,0
50,mRs0gXdeQF9mGp33uOhsfi3D035KNA==,Sandy,0,M,0,1
200,mRs0gXdeQF9mGp33uOhsfi3D035KNA==,Sandy,0,NA,0,0
50,mRs0gXdeQF9mGp33uOhsfi3D035KNA==,Sandy,0,M,0,0
50,mRs0gXdeQF9mGp33uOhsfi3D035KNA==,Sandy,0,F,0,0
100,mRs0gXdeQF9mGp33uOhsfi3D035KNA==,Sandy,0,F,0,0
40,mRs0gXdeQF9mGp33uOhsfi3D035KNA==,Sandy,0,M,0,0
50,mRs0gXdeQF9mGp33uOhsfi3D035KNA==,Sandy,0,M,0,0
50,mRs0gXdeQF9mGp33uOhsfi3D035KNA==,Sandy,0,M,0,0
300,mRs0gXdeQF9mGp33uOhsfi3D035KNA==,Sandy,0,NA,0,0
100,mRs0gXdeQF9mGp33uOhsfi3D035KNA==,Sandy,0,M,0,0
20,mRs0gXdeQF9mGp33uOhsfi3D035KNA==,Sandy,0,NA,0,1
20,mRs0gXdeQF9mGp33uOhsfi3D035KNA==,Sandy,1,NA,0,0
25,mRs0gXdeQF9mGp33uOhsfi3D035KNA==,Sandy,1,NA,0,0
100,mRs0gXdeQF9mGp33uOhsfi3D035KNA==,Sandy,0,M,0,0
30,mRs0gXdeQF9mGp33uOhsfi3D035KNA==,Sandy,0,M,0,0
100,mRs0gXdeQF9mGp33uOhsfi3D035KNA==,Sandy,0,F,0,1
100,mRs0gXdeQF9mGp33uOhsfi3D035KNA==,Sandy,0,F,0,0
100,mRs0gXdeQF9mGp33uOhsfi3D035KNA==,Sandy,0,M,0,0
50,mRs0gXdeQF9mGp33uOhsfi3D035KNA==,Sandy,0,F,0,0
200,mRs0gXdeQF9mGp33uOhsfi3D035KNA==,Sandy,0,M,0,0
25,mRs0gXdeQF9mGp33uOhsfi3D035KNA==,Sandy,0,M,0,0
50,mRs0gXdeQF9mGp33uOhsfi3D035KNA==,Sandy,0,M,0,0
100,mRs0gXdeQF9mGp33uOhsfi3D035KNA==,Sandy,0,M,0,0
50,mRs0gXdeQF9mGp33uOhsfi3D035KNA==,Sandy,0,F,0,1
50,mRs0gXdeQF9mGp33uOhsfi3D035KNA==,Sandy,0,F,0,0
20,mRs0gXdeQF9mGp33uOhsfi3D035KNA==,Sandy,0,NA,0,0
100,mRs0gXdeQF9mGp33uOhsfi3D035KNA==,Sandy,0,M,0,0
100,mRs0gXdeQF9mGp33uOhsfi3D035KNA==,Sandy,0,F,0,0
50,mRs0gXdeQF9mGp33uOhsfi3D035KNA==,Sandy,0,M,0,0
100,mRs0gXdeQF9mGp33uOhsfi3D035KNA==,Sandy,0,M,0,0
100,mRs0gXdeQF9mGp33uOhsfi3D035KNA==,Sandy,0,NA,0,0
100,mRs0gXdeQF9mGp33uOhsfi3D035KNA==,Sandy,0,M,0,0
50,mRs0gXdeQF9mGp33uOhsfi3D035KNA==,Sandy,0,NA,0,1
25,mRs0gXdeQF9mGp33uOhsfi3D035KNA==,Sandy,0,M,0,0
50,mRs0gXdeQF9mGp33uOhsfi3D035KNA==,Sandy,0,M,0,1
50,mRs0gXdeQF9mGp33uOhsfi3D035KNA==,Sandy,0,F,0,0
1000,mRs0gXdeQF9mGp33uOhsfi3D035KNA==,Sandy,0,NA,1,0
300,mRs0gXdeQF9mGp33uOhsfi3D035KNA==,Sandy,0,NA,0,0
100,mRs0gXdeQF9mGp33uOhsfi3D035KNA==,Sandy,0,NA,0,0
30,mRs0gXdeQF9mGp33uOhsfi3D035KNA==,Sandy,1,NA,0,0
300,mRs0gXdeQF9mGp33uOhsfi3D035KNA==,Sandy,0,NA,0,0
50,mRs0gXdeQF9mGp33uOhsfi3D035KNA==,Sandy,0,M,0,0
100,mRs0gXdeQF9mGp33uOhsfi3D035KNA==,Sandy,0,F,0,1
25,mRs0gXdeQF9mGp33uOhsfi3D035KNA==,Sandy,0,F,0,0
100,mRs0gXdeQF9mGp33uOhsfi3D035KNA==,Sandy,1,NA,0,0
100,mRs0gXdeQF9mGp33uOhsfi3D035KNA==,Sandy,1,NA,0,0
50,mRs0gXdeQF9mGp33uOhsfi3D035KNA==,Sandy,0,M,0,1
50,mRs0gXdeQF9mGp33uOhsfi3D035KNA==,Sandy,0,NA,0,0
50,mRs0gXdeQF9mGp33uOhsfi3D035KNA==,Sandy,0,M,0,0
100,mRs0gXdeQF9mGp33uOhsfi3D035KNA==,Sandy,1,NA,0,0
100,mRs0gXdeQF9mGp33uOhsfi3D035KNA==,Sandy,0,M,0,0
100,mRs0gXdeQF9mGp33uOhsfi3D035KNA==,Sandy,0,NA,0,0
100,mRs0gXdeQF9mGp33uOhsfi3D035KNA==,Sandy,0,M,0,0
100,mRs0gXdeQF9mGp33uOhsfi3D035KNA==,Sandy,0,M,0,0
100,mRs0gXdeQF9mGp33uOhsfi3D035KNA==,Sandy,0,F,0,0
100,mRs0gXdeQF9mGp33uOhsfi3D035KNA==,Sandy,0,F,0,0
75,mRs0gXdeQF9mGp33uOhsfi3D035KNA==,Sandy,0,M,0,0
50,mRs0gXdeQF9mGp33uOhsfi3D035KNA==,Sandy,0,NA,0,0
50,mRs0gXdeQF9mGp33uOhsfi3D035KNA==,Sandy,0,NA,0,1
20,mRs0gXdeQF9mGp33uOhsfi3D035KNA==,Sandy,0,M,0,0
100,mRs0gXdeQF9mGp33uOhsfi3D035KNA==,Sandy,0,NA,0,0
50,mRs0gXdeQF9mGp33uOhsfi3D035KNA==,Sandy,0,F,0,0
50,mRs0gXdeQF9mGp33uOhsfi3D035KNA==,Sandy,1,NA,0,0
20,mRs0gXdeQF9mGp33uOhsfi3D035KNA==,Sandy,0,F,0,1
20,mRs0gXdeQF9mGp33uOhsfi3D035KNA==,Sandy,0,M,0,1
100,mRs0gXdeQF9mGp33uOhsfi3D035KNA==,Sandy,0,F,0,0
20,mRs0gXdeQF9mGp33uOhsfi3D035KNA==,Sandy,0,M,0,0
25,mRs0gXdeQF9mGp33uOhsfi3D035KNA==,Sandy,0,F,0,0
100,mRs0gXdeQF9mGp33uOhsfi3D035KNA==,Sandy,0,NA,0,0
50,mRs0gXdeQF9mGp33uOhsfi3D035KNA==,Sandy,0,NA,0,0
200,mRs0gXdeQF9mGp33uOhsfi3D035KNA==,Sandy,0,M,0,0
100,mRs0gXdeQF9mGp33uOhsfi3D035KNA==,Sandy,0,M,0,0
10,mRs0gXdeQF9mGp33uOhsfi3D035KNA==,Sandy,0,NA,0,0
25,mRs0gXdeQF9mGp33uOhsfi3D035KNA==,Sandy,0,NA,0,0
25,mRs0gXdeQF9mGp33uOhsfi3D035KNA==,Sandy,0,F,0,0
40,mRs0gXdeQF9mGp33uOhsfi3D035KNA==,Sandy,0,F,0,0
100,mRs0gXdeQF9mGp33uOhsfi3D035KNA==,Sandy,0,F,0,0
100,mRs0gXdeQF9mGp33uOhsfi3D035KNA==,Sandy,0,NA,0,0
25,mRs0gXdeQF9mGp33uOhsfi3D035KNA==,Sandy,0,F,0,0
5,mRs0gXdeQF9mGp33uOhsfi3D035KNA==,Sandy,0,F,0,0
40,mRs0gXdeQF9mGp33uOhsfi3D035KNA==,Sandy,0,F,0,0
50,mRs0gXdeQF9mGp33uOhsfi3D035KNA==,Sandy,0,M,0,0
100,mRs0gXdeQF9mGp33uOhsfi3D035KNA==,Sandy,0,F,0,0
50,mRs0gXdeQF9mGp33uOhsfi3D035KNA==,Sandy,0,M,0,0
25,mRs0gXdeQF9mGp33uOhsfi3D035KNA==,Sandy,0,NA,0,0
50,mRs0gXdeQF9mGp33uOhsfi3D035KNA==,Sandy,0,F,0,0
15,mRs0gXdeQF9mGp33uOhsfi3D035KNA==,Sandy,1,NA,0,0
25,mRs0gXdeQF9mGp33uOhsfi3D035KNA==,Sandy,0,F,0,0
50,mRs0gXdeQF9mGp33uOhsfi3D035KNA==,Sandy,0,M,0,0
25,mRs0gXdeQF9mGp33uOhsfi3D035KNA==,Sandy,0,F,0,0
25,mRs0gXdeQF9mGp33uOhsfi3D035KNA==,Sandy,0,NA,0,0
250,mRs0gXdeQF9mGp33uOhsfi3D035KNA==,Sandy,0,NA,0,0
250,mRs0gXdeQF9mGp33uOhsfi3D035KNA==,Sandy,0,NA,0,0
250,mRs0gXdeQF9mGp33uOhsfi3D035KNA==,Sandy,0,NA,0,0
50,mRs0gXdeQF9mGp33uOhsfi3D035KNA==,Sandy,0,F,0,1
50,mRs0gXdeQF9mGp33uOhsfi3D035KNA==,Sandy,0,F,0,0
25,mRs0gXdeQF9mGp33uOhsfi3D035KNA==,Sandy,0,M,0,0
50,mRs0gXdeQF9mGp33uOhsfi3D035KNA==,Sandy,0,NA,0,0
100,mRs0gXdeQF9mGp33uOhsfi3D035KNA==,Sandy,0,NA,0,0
25,mRs0gXdeQF9mGp33uOhsfi3D035KNA==,Sandy,0,F,0,0
50,mRs0gXdeQF9mGp33uOhsfi3D035KNA==,Sandy,0,F,0,0
50,mRs0gXdeQF9mGp33uOhsfi3D035KNA==,Sandy,0,NA,0,0
100,mRs0gXdeQF9mGp33uOhsfi3D035KNA==,Sandy,0,F,0,0
500,mRs0gXdeQF9mGp33uOhsfi3D035KNA==,Sandy,0,NA,0,0
50,mRs0gXdeQF9mGp33uOhsfi3D035KNA==,Sandy,1,NA,0,0
20,mRs0gXdeQF9mGp33uOhsfi3D035KNA==,Sandy,1,NA,0,0
50,mRs0gXdeQF9mGp33uOhsfi3D035KNA==,Sandy,0,NA,0,0
20,mRs0gXdeQF9mGp33uOhsfi3D035KNA==,Sandy,0,M,0,0
50,mRs0gXdeQF9mGp33uOhsfi3D035KNA==,Sandy,0,NA,0,0
100,mRs0gXdeQF9mGp33uOhsfi3D035KNA==,Sandy,0,F,0,1
100,mRs0gXdeQF9mGp33uOhsfi3D035KNA==,Sandy,0,NA,0,0
250,mRs0gXdeQF9mGp33uOhsfi3D035KNA==,Sandy,0,M,0,0
10,mRs0gXdeQF9mGp33uOhsfi3D035KNA==,Sandy,0,F,0,0
50,mRs0gXdeQF9mGp33uOhsfi3D035KNA==,Sandy,0,F,0,1
50,mRs0gXdeQF9mGp33uOhsfi3D035KNA==,Sandy,0,F,0,0
25,mRs0gXdeQF9mGp33uOhsfi3D035KNA==,Sandy,0,NA,0,1
25,mRs0gXdeQF9mGp33uOhsfi3D035KNA==,Sandy,0,F,0,0
50,mRs0gXdeQF9mGp33uOhsfi3D035KNA==,Sandy,0,F,0,0
200,mRs0gXdeQF9mGp33uOhsfi3D035KNA==,Sandy,0,F,0,0
25,mRs0gXdeQF9mGp33uOhsfi3D035KNA==,Sandy,0,M,0,0
100,mRs0gXdeQF9mGp33uOhsfi3D035KNA==,Sandy,0,F,0,0
100,mRs0gXdeQF9mGp33uOhsfi3D035KNA==,Sandy,0,F,0,1
20,mRs0gXdeQF9mGp33uOhsfi3D035KNA==,Sandy,0,F,0,0
100,mRs0gXdeQF9mGp33uOhsfi3D035KNA==,Sandy,0,F,0,0
20,mRs0gXdeQF9mGp33uOhsfi3D035KNA==,Sandy,0,F,0,0
100,mRs0gXdeQF9mGp33uOhsfi3D035KNA==,Sandy,0,F,0,0
50,mRs0gXdeQF9mGp33uOhsfi3D035KNA==,Sandy,0,M,0,0
50,mRs0gXdeQF9mGp33uOhsfi3D035KNA==,Sandy,0,F,0,0
100,yI9+L+zRDzMUxqh7Fww9CS3D0mIfbw==,Sandy,0,M,0,0
100,yI9+L+zRDzMUxqh7Fww9CS3D0mIfbw==,Sandy,0,NA,0,0
25,yI9+L+zRDzMUxqh7Fww9CS3D0mIfbw==,Sandy,0,NA,0,0
25,yI9+L+zRDzMUxqh7Fww9CS3D0mIfbw==,Sandy,0,F,0,1
500,yI9+L+zRDzMUxqh7Fww9CS3D0mIfbw==,Sandy,0,M,0,0
25,yI9+L+zRDzMUxqh7Fww9CS3D0mIfbw==,Sandy,0,F,0,0
50,yI9+L+zRDzMUxqh7Fww9CS3D0mIfbw==,Sandy,0,F,0,1
50,yI9+L+zRDzMUxqh7Fww9CS3D0mIfbw==,Sandy,0,M,0,1
50,yI9+L+zRDzMUxqh7Fww9CS3D0mIfbw==,Sandy,0,F,0,0
20,yI9+L+zRDzMUxqh7Fww9CS3D0mIfbw==,Sandy,0,F,0,0
100,yI9+L+zRDzMUxqh7Fww9CS3D0mIfbw==,Sandy,0,F,0,0
50,yI9+L+zRDzMUxqh7Fww9CS3D0mIfbw==,Sandy,0,F,0,0
100,yI9+L+zRDzMUxqh7Fww9CS3D0mIfbw==,Sandy,0,NA,0,0
50,yI9+L+zRDzMUxqh7Fww9CS3D0mIfbw==,Sandy,0,F,0,0
15,yI9+L+zRDzMUxqh7Fww9CS3D0mIfbw==,Sandy,0,M,0,0
20,yI9+L+zRDzMUxqh7Fww9CS3D0mIfbw==,Sandy,0,M,0,0
40,yI9+L+zRDzMUxqh7Fww9CS3D0mIfbw==,Sandy,0,F,0,0
15,yI9+L+zRDzMUxqh7Fww9CS3D0mIfbw==,Sandy,0,F,0,0
25,yI9+L+zRDzMUxqh7Fww9CS3D0mIfbw==,Sandy,0,M,0,0
25,yI9+L+zRDzMUxqh7Fww9CS3D0mIfbw==,Sandy,0,F,0,0
75,yI9+L+zRDzMUxqh7Fww9CS3D0mIfbw==,Sandy,0,NA,1,0
20,TMr6M8Mm9wY/h36DlqmXqC3D0mAOLA==,Sandy,0,F,0,0
30,TMr6M8Mm9wY/h36DlqmXqC3D0mAOLA==,Sandy,0,NA,0,0
100,TMr6M8Mm9wY/h36DlqmXqC3D0mAOLA==,Sandy,0,NA,0,0
50,TMr6M8Mm9wY/h36DlqmXqC3D0mAOLA==,Sandy,0,NA,0,0
25,TMr6M8Mm9wY/h36DlqmXqC3D0mAOLA==,Sandy,0,F,0,0
20,TMr6M8Mm9wY/h36DlqmXqC3D0mAOLA==,Sandy,0,NA,0,0
50,TMr6M8Mm9wY/h36DlqmXqC3D0mAOLA==,Sandy,0,F,0,0
100,TMr6M8Mm9wY/h36DlqmXqC3D0mAOLA==,Sandy,0,M,0,0
40,TMr6M8Mm9wY/h36DlqmXqC3D0mAOLA==,Sandy,0,M,0,0
50,mOo0kVpRy1QfIgZPrBfo0y3D1n0CMA==,Sandy,1,NA,0,0
600,mOo0kVpRy1QfIgZPrBfo0y3D1n0CMA==,Sandy,1,NA,0,0
100,mOo0kVpRy1QfIgZPrBfo0y3D1n0CMA==,Sandy,0,NA,0,0
500,mOo0kVpRy1QfIgZPrBfo0y3D1n0CMA==,Sandy,0,M,0,0
25,mOo0kVpRy1QfIgZPrBfo0y3D1n0CMA==,Sandy,0,F,0,0
50,mOo0kVpRy1QfIgZPrBfo0y3D1n0CMA==,Sandy,0,NA,0,0
100,mOo0kVpRy1QfIgZPrBfo0y3D1n0CMA==,Sandy,0,F,0,0
100,mOo0kVpRy1QfIgZPrBfo0y3D1n0CMA==,Sandy,0,NA,0,0
50,mOo0kVpRy1QfIgZPrBfo0y3D1n0CMA==,Sandy,0,NA,0,0
60,mOo0kVpRy1QfIgZPrBfo0y3D1n0CMA==,Sandy,1,NA,0,0
100,mOo0kVpRy1QfIgZPrBfo0y3D1n0CMA==,Sandy,0,F,0,0
50,mOo0kVpRy1QfIgZPrBfo0y3D1n0CMA==,Sandy,0,NA,0,0
50,mOo0kVpRy1QfIgZPrBfo0y3D1n0CMA==,Sandy,0,F,0,0
100,mOo0kVpRy1QfIgZPrBfo0y3D1n0CMA==,Sandy,0,NA,0,0
100,mOo0kVpRy1QfIgZPrBfo0y3D1n0CMA==,Sandy,0,F,0,0
63,mOo0kVpRy1QfIgZPrBfo0y3D1n0CMA==,Sandy,0,F,0,0
132,mOo0kVpRy1QfIgZPrBfo0y3D1n0CMA==,Sandy,0,M,0,0
100,mOo0kVpRy1QfIgZPrBfo0y3D1n0CMA==,Sandy,0,M,0,0
5,mOo0kVpRy1QfIgZPrBfo0y3D1n0CMA==,Sandy,0,M,0,0
20,mOo0kVpRy1QfIgZPrBfo0y3D1n0CMA==,Sandy,0,NA,0,0
50,mOo0kVpRy1QfIgZPrBfo0y3D1n0CMA==,Sandy,0,NA,0,0
50,mOo0kVpRy1QfIgZPrBfo0y3D1n0CMA==,Sandy,0,F,0,0
250,mOo0kVpRy1QfIgZPrBfo0y3D1n0CMA==,Sandy,0,M,0,0
400,mOo0kVpRy1QfIgZPrBfo0y3D1n0CMA==,Sandy,0,M,0,0
100,mOo0kVpRy1QfIgZPrBfo0y3D1n0CMA==,Sandy,0,F,0,0
100,mOo0kVpRy1QfIgZPrBfo0y3D1n0CMA==,Sandy,0,NA,0,0
50,mOo0kVpRy1QfIgZPrBfo0y3D1n0CMA==,Sandy,0,NA,0,0
100,mOo0kVpRy1QfIgZPrBfo0y3D1n0CMA==,Sandy,0,M,0,0
50,mOo0kVpRy1QfIgZPrBfo0y3D1n0CMA==,Sandy,0,M,0,0
300,mOo0kVpRy1QfIgZPrBfo0y3D1n0CMA==,Sandy,0,NA,0,0
250,mOo0kVpRy1QfIgZPrBfo0y3D1n0CMA==,Sandy,0,M,0,0
250,mOo0kVpRy1QfIgZPrBfo0y3D1n0CMA==,Sandy,0,NA,0,0
50,mOo0kVpRy1QfIgZPrBfo0y3D1n0CMA==,Sandy,0,F,0,0
250,mOo0kVpRy1QfIgZPrBfo0y3D1n0CMA==,Sandy,0,M,1,0
100,mOo0kVpRy1QfIgZPrBfo0y3D1n0CMA==,Sandy,0,NA,0,0
50,mOo0kVpRy1QfIgZPrBfo0y3D1n0CMA==,Sandy,0,F,0,0
150,mOo0kVpRy1QfIgZPrBfo0y3D1n0CMA==,Sandy,0,NA,0,0
100,mOo0kVpRy1QfIgZPrBfo0y3D1n0CMA==,Sandy,0,M,0,0
50,mOo0kVpRy1QfIgZPrBfo0y3D1n0CMA==,Sandy,0,F,0,0
20,mOo0kVpRy1QfIgZPrBfo0y3D1n0CMA==,Sandy,1,NA,0,0
50,mOo0kVpRy1QfIgZPrBfo0y3D1n0CMA==,Sandy,0,F,0,0
100,mOo0kVpRy1QfIgZPrBfo0y3D1n0CMA==,Sandy,0,NA,0,0
100,mOo0kVpRy1QfIgZPrBfo0y3D1n0CMA==,Sandy,0,NA,0,0
100,mOo0kVpRy1QfIgZPrBfo0y3D1n0CMA==,Sandy,0,M,0,0
100,mOo0kVpRy1QfIgZPrBfo0y3D1n0CMA==,Sandy,0,M,0,0
100,mOo0kVpRy1QfIgZPrBfo0y3D1n0CMA==,Sandy,0,M,0,0
100,mOo0kVpRy1QfIgZPrBfo0y3D1n0CMA==,Sandy,0,M,0,0
100,mOo0kVpRy1QfIgZPrBfo0y3D1n0CMA==,Sandy,0,NA,0,0
10,mOo0kVpRy1QfIgZPrBfo0y3D1n0CMA==,Sandy,1,NA,0,0
100,mOo0kVpRy1QfIgZPrBfo0y3D1n0CMA==,Sandy,0,M,0,0
200,mOo0kVpRy1QfIgZPrBfo0y3D1n0CMA==,Sandy,0,M,0,0
100,mOo0kVpRy1QfIgZPrBfo0y3D1n0CMA==,Sandy,0,M,0,0
100,mOo0kVpRy1QfIgZPrBfo0y3D1n0CMA==,Sandy,0,M,0,0
100,mOo0kVpRy1QfIgZPrBfo0y3D1n0CMA==,Sandy,0,M,0,0
500,mOo0kVpRy1QfIgZPrBfo0y3D1n0CMA==,Sandy,1,NA,0,0
100,mOo0kVpRy1QfIgZPrBfo0y3D1n0CMA==,Sandy,0,F,0,0
100,ZlBKTj2uaeszhmJOzgf+Mi3D1mNLaw==,Sandy,1,NA,0,0
50,ZlBKTj2uaeszhmJOzgf+Mi3D1mNLaw==,Sandy,1,NA,0,0
25,ZlBKTj2uaeszhmJOzgf+Mi3D1mNLaw==,Sandy,1,NA,0,0
50,ZlBKTj2uaeszhmJOzgf+Mi3D1mNLaw==,Sandy,0,NA,0,0
100,ZlBKTj2uaeszhmJOzgf+Mi3D1mNLaw==,Sandy,0,M,0,0
20,ZlBKTj2uaeszhmJOzgf+Mi3D1mNLaw==,Sandy,1,NA,0,0
150,ZlBKTj2uaeszhmJOzgf+Mi3D1mNLaw==,Sandy,0,F,0,0
100,ZlBKTj2uaeszhmJOzgf+Mi3D1mNLaw==,Sandy,0,M,0,0
100,ZlBKTj2uaeszhmJOzgf+Mi3D1mNLaw==,Sandy,0,M,0,0
25,ZlBKTj2uaeszhmJOzgf+Mi3D1mNLaw==,Sandy,0,M,0,0
100,ZlBKTj2uaeszhmJOzgf+Mi3D1mNLaw==,Sandy,0,NA,0,0
25,ZlBKTj2uaeszhmJOzgf+Mi3D1mNLaw==,Sandy,1,NA,0,0
150,ZlBKTj2uaeszhmJOzgf+Mi3D1mNLaw==,Sandy,0,F,0,0
50,ZlBKTj2uaeszhmJOzgf+Mi3D1mNLaw==,Sandy,1,NA,0,0
100,ZlBKTj2uaeszhmJOzgf+Mi3D1mNLaw==,Sandy,0,F,0,0
120,ZlBKTj2uaeszhmJOzgf+Mi3D1mNLaw==,Sandy,0,NA,0,0
100,ZlBKTj2uaeszhmJOzgf+Mi3D1mNLaw==,Sandy,0,F,0,0
150,ZlBKTj2uaeszhmJOzgf+Mi3D1mNLaw==,Sandy,0,NA,0,0
25,ZlBKTj2uaeszhmJOzgf+Mi3D1mNLaw==,Sandy,0,F,0,0
100,ZlBKTj2uaeszhmJOzgf+Mi3D1mNLaw==,Sandy,0,M,0,0
25,ZlBKTj2uaeszhmJOzgf+Mi3D1mNLaw==,Sandy,0,NA,0,0
100,ZlBKTj2uaeszhmJOzgf+Mi3D1mNLaw==,Sandy,0,NA,0,0
250,ZlBKTj2uaeszhmJOzgf+Mi3D1mNLaw==,Sandy,1,NA,0,0
50,ZlBKTj2uaeszhmJOzgf+Mi3D1mNLaw==,Sandy,0,F,0,0
100,ZlBKTj2uaeszhmJOzgf+Mi3D1mNLaw==,Sandy,1,NA,0,0
100,ZlBKTj2uaeszhmJOzgf+Mi3D1mNLaw==,Sandy,0,F,0,0
30,ZlBKTj2uaeszhmJOzgf+Mi3D1mNLaw==,Sandy,0,F,0,0
100,ZlBKTj2uaeszhmJOzgf+Mi3D1mNLaw==,Sandy,0,NA,0,0
20,ZlBKTj2uaeszhmJOzgf+Mi3D1mNLaw==,Sandy,1,NA,0,0
100,ZlBKTj2uaeszhmJOzgf+Mi3D1mNLaw==,Sandy,1,NA,0,0
50,ZlBKTj2uaeszhmJOzgf+Mi3D1mNLaw==,Sandy,0,NA,0,0
25,ZlBKTj2uaeszhmJOzgf+Mi3D1mNLaw==,Sandy,0,M,0,0
50,ZlBKTj2uaeszhmJOzgf+Mi3D1mNLaw==,Sandy,0,NA,0,0
100,ZlBKTj2uaeszhmJOzgf+Mi3D1mNLaw==,Sandy,0,NA,0,0
200,ZlBKTj2uaeszhmJOzgf+Mi3D1mNLaw==,Sandy,1,NA,0,0
25,ZlBKTj2uaeszhmJOzgf+Mi3D1mNLaw==,Sandy,0,M,0,0
222,ZlBKTj2uaeszhmJOzgf+Mi3D1mNLaw==,Sandy,1,NA,0,0
50,ZlBKTj2uaeszhmJOzgf+Mi3D1mNLaw==,Sandy,0,NA,0,0
100,ZlBKTj2uaeszhmJOzgf+Mi3D1mNLaw==,Sandy,1,NA,0,0
50,ZlBKTj2uaeszhmJOzgf+Mi3D1mNLaw==,Sandy,0,NA,0,0
50,ZlBKTj2uaeszhmJOzgf+Mi3D1mNLaw==,Sandy,0,F,0,0
50,ZlBKTj2uaeszhmJOzgf+Mi3D1mNLaw==,Sandy,0,NA,0,0
50,ZlBKTj2uaeszhmJOzgf+Mi3D1mNLaw==,Sandy,1,NA,0,0
10,ZlBKTj2uaeszhmJOzgf+Mi3D1mNLaw==,Sandy,0,M,0,0
25,ZlBKTj2uaeszhmJOzgf+Mi3D1mNLaw==,Sandy,0,M,0,0
50,ZlBKTj2uaeszhmJOzgf+Mi3D1mNLaw==,Sandy,0,NA,0,0
100,ZlBKTj2uaeszhmJOzgf+Mi3D1mNLaw==,Sandy,1,NA,0,0
100,ZlBKTj2uaeszhmJOzgf+Mi3D1mNLaw==,Sandy,0,NA,0,0
100,ZlBKTj2uaeszhmJOzgf+Mi3D1mNLaw==,Sandy,0,NA,0,0
50,ZlBKTj2uaeszhmJOzgf+Mi3D1mNLaw==,Sandy,0,NA,0,0
50,ZlBKTj2uaeszhmJOzgf+Mi3D1mNLaw==,Sandy,0,F,0,0
100,ZlBKTj2uaeszhmJOzgf+Mi3D1mNLaw==,Sandy,0,M,0,0
50,ZlBKTj2uaeszhmJOzgf+Mi3D1mNLaw==,Sandy,0,F,0,0
50,ZlBKTj2uaeszhmJOzgf+Mi3D1mNLaw==,Sandy,1,NA,0,0
100,ZlBKTj2uaeszhmJOzgf+Mi3D1mNLaw==,Sandy,1,NA,0,0
75,ZlBKTj2uaeszhmJOzgf+Mi3D1mNLaw==,Sandy,0,F,0,0
100,ZlBKTj2uaeszhmJOzgf+Mi3D1mNLaw==,Sandy,0,M,0,0
250,ZlBKTj2uaeszhmJOzgf+Mi3D1mNLaw==,Sandy,0,M,0,0
300,ZlBKTj2uaeszhmJOzgf+Mi3D1mNLaw==,Sandy,0,NA,0,0
50,ZlBKTj2uaeszhmJOzgf+Mi3D1mNLaw==,Sandy,0,F,0,0
418,ZlBKTj2uaeszhmJOzgf+Mi3D1mNLaw==,Sandy,0,NA,0,0
50,ZlBKTj2uaeszhmJOzgf+Mi3D1mNLaw==,Sandy,0,F,0,0
200,ZlBKTj2uaeszhmJOzgf+Mi3D1mNLaw==,Sandy,0,F,0,0
50,ZlBKTj2uaeszhmJOzgf+Mi3D1mNLaw==,Sandy,0,F,0,0
100,ZlBKTj2uaeszhmJOzgf+Mi3D1mNLaw==,Sandy,0,NA,0,0
50,ZlBKTj2uaeszhmJOzgf+Mi3D1mNLaw==,Sandy,1,NA,0,0
50,ZlBKTj2uaeszhmJOzgf+Mi3D1mNLaw==,Sandy,0,F,1,0
200,ZlBKTj2uaeszhmJOzgf+Mi3D1mNLaw==,Sandy,0,M,0,0
200,ZlBKTj2uaeszhmJOzgf+Mi3D1mNLaw==,Sandy,0,M,0,0
211,9m+tUe0oqkZl4uNEEOmynC3D1SIMKA==,Sandy,0,M,0,0
200,9m+tUe0oqkZl4uNEEOmynC3D1SIMKA==,Sandy,0,M,0,0
50,9m+tUe0oqkZl4uNEEOmynC3D1SIMKA==,Sandy,0,NA,0,0
50,9m+tUe0oqkZl4uNEEOmynC3D1SIMKA==,Sandy,0,M,0,0
50,9m+tUe0oqkZl4uNEEOmynC3D1SIMKA==,Sandy,0,M,0,0
250,9m+tUe0oqkZl4uNEEOmynC3D1SIMKA==,Sandy,0,F,0,0
25,9m+tUe0oqkZl4uNEEOmynC3D1SIMKA==,Sandy,0,F,0,0
100,9m+tUe0oqkZl4uNEEOmynC3D1SIMKA==,Sandy,0,NA,0,0
250,9m+tUe0oqkZl4uNEEOmynC3D1SIMKA==,Sandy,0,F,0,0
25,9m+tUe0oqkZl4uNEEOmynC3D1SIMKA==,Sandy,0,F,0,0
50,9m+tUe0oqkZl4uNEEOmynC3D1SIMKA==,Sandy,0,F,0,0
20,9m+tUe0oqkZl4uNEEOmynC3D1SIMKA==,Sandy,0,F,0,0
100,9m+tUe0oqkZl4uNEEOmynC3D1SIMKA==,Sandy,0,F,0,0
30,9m+tUe0oqkZl4uNEEOmynC3D1SIMKA==,Sandy,0,NA,0,0
15,9m+tUe0oqkZl4uNEEOmynC3D1SIMKA==,Sandy,0,F,0,0
20,9m+tUe0oqkZl4uNEEOmynC3D1SIMKA==,Sandy,0,F,0,0
50,9m+tUe0oqkZl4uNEEOmynC3D1SIMKA==,Sandy,0,F,0,0
25,9m+tUe0oqkZl4uNEEOmynC3D1SIMKA==,Sandy,0,F,0,0
50,9m+tUe0oqkZl4uNEEOmynC3D1SIMKA==,Sandy,0,M,0,0
20,9m+tUe0oqkZl4uNEEOmynC3D1SIMKA==,Sandy,0,F,0,0
25,9m+tUe0oqkZl4uNEEOmynC3D1SIMKA==,Sandy,0,F,0,0
40,9m+tUe0oqkZl4uNEEOmynC3D1SIMKA==,Sandy,0,F,0,0
20,9m+tUe0oqkZl4uNEEOmynC3D1SIMKA==,Sandy,0,F,0,0
50,9m+tUe0oqkZl4uNEEOmynC3D1SIMKA==,Sandy,0,M,0,0
100,9m+tUe0oqkZl4uNEEOmynC3D1SIMKA==,Sandy,0,NA,0,1
20,9m+tUe0oqkZl4uNEEOmynC3D1SIMKA==,Sandy,0,F,0,0
50,9m+tUe0oqkZl4uNEEOmynC3D1SIMKA==,Sandy,0,NA,0,0
20,9m+tUe0oqkZl4uNEEOmynC3D1SIMKA==,Sandy,0,F,0,0
20,9m+tUe0oqkZl4uNEEOmynC3D1SIMKA==,Sandy,0,F,0,0
30,9m+tUe0oqkZl4uNEEOmynC3D1SIMKA==,Sandy,0,F,0,0
25,9m+tUe0oqkZl4uNEEOmynC3D1SIMKA==,Sandy,0,F,0,1
25,9m+tUe0oqkZl4uNEEOmynC3D1SIMKA==,Sandy,0,NA,0,0
10,9m+tUe0oqkZl4uNEEOmynC3D1SIMKA==,Sandy,0,F,0,0
100,9m+tUe0oqkZl4uNEEOmynC3D1SIMKA==,Sandy,0,NA,0,1
100,9m+tUe0oqkZl4uNEEOmynC3D1SIMKA==,Sandy,0,NA,0,0
20,9m+tUe0oqkZl4uNEEOmynC3D1SIMKA==,Sandy,0,F,0,0
20,9m+tUe0oqkZl4uNEEOmynC3D1SIMKA==,Sandy,0,NA,0,0
20,9m+tUe0oqkZl4uNEEOmynC3D1SIMKA==,Sandy,0,NA,0,0
25,W3qbZ0i6RPPZkMqnVb2wyi3D1CcYbw==,Sandy,1,NA,0,0
50,W3qbZ0i6RPPZkMqnVb2wyi3D1CcYbw==,Sandy,0,F,0,1
100,W3qbZ0i6RPPZkMqnVb2wyi3D1CcYbw==,Sandy,0,F,0,0
25,W3qbZ0i6RPPZkMqnVb2wyi3D1CcYbw==,Sandy,0,F,0,0
50,W3qbZ0i6RPPZkMqnVb2wyi3D1CcYbw==,Sandy,0,F,0,0
50,W3qbZ0i6RPPZkMqnVb2wyi3D1CcYbw==,Sandy,0,F,0,0
50,W3qbZ0i6RPPZkMqnVb2wyi3D1CcYbw==,Sandy,0,F,0,0
100,W3qbZ0i6RPPZkMqnVb2wyi3D1CcYbw==,Sandy,0,F,0,0
100,W3qbZ0i6RPPZkMqnVb2wyi3D1CcYbw==,Sandy,0,F,0,0
25,W3qbZ0i6RPPZkMqnVb2wyi3D1CcYbw==,Sandy,0,M,0,0
100,W3qbZ0i6RPPZkMqnVb2wyi3D1CcYbw==,Sandy,0,M,0,0
100,W3qbZ0i6RPPZkMqnVb2wyi3D1CcYbw==,Sandy,0,NA,0,1
250,W3qbZ0i6RPPZkMqnVb2wyi3D1CcYbw==,Sandy,0,NA,0,1
100,W3qbZ0i6RPPZkMqnVb2wyi3D1CcYbw==,Sandy,0,F,0,0
100,W3qbZ0i6RPPZkMqnVb2wyi3D1CcYbw==,Sandy,0,NA,0,0
50,W3qbZ0i6RPPZkMqnVb2wyi3D1CcYbw==,Sandy,0,M,0,0
25,W3qbZ0i6RPPZkMqnVb2wyi3D1CcYbw==,Sandy,0,F,0,1
20,W3qbZ0i6RPPZkMqnVb2wyi3D1CcYbw==,Sandy,0,F,0,0
100,W3qbZ0i6RPPZkMqnVb2wyi3D1CcYbw==,Sandy,0,F,0,0
100,W3qbZ0i6RPPZkMqnVb2wyi3D1CcYbw==,Sandy,0,F,0,0
20,W3qbZ0i6RPPZkMqnVb2wyi3D1CcYbw==,Sandy,0,F,0,0
50,W3qbZ0i6RPPZkMqnVb2wyi3D1CcYbw==,Sandy,0,F,0,1
50,W3qbZ0i6RPPZkMqnVb2wyi3D1CcYbw==,Sandy,0,F,0,0
50,W3qbZ0i6RPPZkMqnVb2wyi3D1CcYbw==,Sandy,0,F,0,1
250,W3qbZ0i6RPPZkMqnVb2wyi3D1CcYbw==,Sandy,0,NA,0,0
100,W3qbZ0i6RPPZkMqnVb2wyi3D1CcYbw==,Sandy,0,F,0,0
100,W3qbZ0i6RPPZkMqnVb2wyi3D1CcYbw==,Sandy,0,NA,0,0
50,W3qbZ0i6RPPZkMqnVb2wyi3D1CcYbw==,Sandy,0,NA,0,0
100,W3qbZ0i6RPPZkMqnVb2wyi3D1CcYbw==,Sandy,0,NA,0,0
50,W3qbZ0i6RPPZkMqnVb2wyi3D1CcYbw==,Sandy,0,NA,0,0
300,W3qbZ0i6RPPZkMqnVb2wyi3D1CcYbw==,Sandy,0,NA,0,0
50,W3qbZ0i6RPPZkMqnVb2wyi3D1CcYbw==,Sandy,0,F,0,0
50,W3qbZ0i6RPPZkMqnVb2wyi3D1CcYbw==,Sandy,0,NA,0,0
100,W3qbZ0i6RPPZkMqnVb2wyi3D1CcYbw==,Sandy,0,F,0,0
100,W3qbZ0i6RPPZkMqnVb2wyi3D1CcYbw==,Sandy,0,NA,0,0
25,W3qbZ0i6RPPZkMqnVb2wyi3D1CcYbw==,Sandy,0,F,0,1
250,W3qbZ0i6RPPZkMqnVb2wyi3D1CcYbw==,Sandy,1,NA,0,0
50,W3qbZ0i6RPPZkMqnVb2wyi3D1CcYbw==,Sandy,0,F,0,0
40,W3qbZ0i6RPPZkMqnVb2wyi3D1CcYbw==,Sandy,1,NA,0,0
100,W3qbZ0i6RPPZkMqnVb2wyi3D1CcYbw==,Sandy,0,F,1,0
500,W3qbZ0i6RPPZkMqnVb2wyi3D1CcYbw==,Sandy,0,NA,0,0
50,W3qbZ0i6RPPZkMqnVb2wyi3D1CcYbw==,Sandy,0,F,0,0
25,W3qbZ0i6RPPZkMqnVb2wyi3D1CcYbw==,Sandy,0,NA,0,0
25,W3qbZ0i6RPPZkMqnVb2wyi3D1CcYbw==,Sandy,0,F,0,0
50,W3qbZ0i6RPPZkMqnVb2wyi3D1CcYbw==,Sandy,0,NA,0,0
30,W3qbZ0i6RPPZkMqnVb2wyi3D1CcYbw==,Sandy,0,F,0,0
25,W3qbZ0i6RPPZkMqnVb2wyi3D1CcYbw==,Sandy,0,F,0,0
50,W3qbZ0i6RPPZkMqnVb2wyi3D1CcYbw==,Sandy,0,NA,0,0
50,W3qbZ0i6RPPZkMqnVb2wyi3D1CcYbw==,Sandy,0,F,0,0
50,W3qbZ0i6RPPZkMqnVb2wyi3D1CcYbw==,Sandy,1,NA,0,0
20,W3qbZ0i6RPPZkMqnVb2wyi3D1CcYbw==,Sandy,0,F,0,0
50,W3qbZ0i6RPPZkMqnVb2wyi3D1CcYbw==,Sandy,0,F,0,0
25,W3qbZ0i6RPPZkMqnVb2wyi3D1CcYbw==,Sandy,1,NA,0,0
20,W3qbZ0i6RPPZkMqnVb2wyi3D1CcYbw==,Sandy,0,F,0,0
25,W3qbZ0i6RPPZkMqnVb2wyi3D1CcYbw==,Sandy,1,NA,0,0
300,8XiiU0ENav0OtI83xwBLiC3D1HcUMA==,Sandy,0,M,0,0
75,8XiiU0ENav0OtI83xwBLiC3D1HcUMA==,Sandy,0,F,0,0
50,8XiiU0ENav0OtI83xwBLiC3D1HcUMA==,Sandy,1,NA,0,0
500,8XiiU0ENav0OtI83xwBLiC3D1HcUMA==,Sandy,0,M,0,0
400,8XiiU0ENav0OtI83xwBLiC3D1HcUMA==,Sandy,0,NA,0,0
30,8XiiU0ENav0OtI83xwBLiC3D1HcUMA==,Sandy,0,F,0,0
40,8XiiU0ENav0OtI83xwBLiC3D1HcUMA==,Sandy,0,M,0,0
50,8XiiU0ENav0OtI83xwBLiC3D1HcUMA==,Sandy,1,NA,0,0
50,8XiiU0ENav0OtI83xwBLiC3D1HcUMA==,Sandy,1,NA,0,0
100,8XiiU0ENav0OtI83xwBLiC3D1HcUMA==,Sandy,0,F,0,0
1000,8XiiU0ENav0OtI83xwBLiC3D1HcUMA==,Sandy,0,F,0,0
50,8XiiU0ENav0OtI83xwBLiC3D1HcUMA==,Sandy,0,F,0,0
50,8XiiU0ENav0OtI83xwBLiC3D1HcUMA==,Sandy,0,M,0,1
50,8XiiU0ENav0OtI83xwBLiC3D1HcUMA==,Sandy,0,F,0,0
100,8XiiU0ENav0OtI83xwBLiC3D1HcUMA==,Sandy,1,NA,0,0
20,8XiiU0ENav0OtI83xwBLiC3D1HcUMA==,Sandy,0,F,0,0
50,8XiiU0ENav0OtI83xwBLiC3D1HcUMA==,Sandy,0,NA,0,0
100,8XiiU0ENav0OtI83xwBLiC3D1HcUMA==,Sandy,1,NA,0,0
75,8XiiU0ENav0OtI83xwBLiC3D1HcUMA==,Sandy,1,NA,0,0
100,8XiiU0ENav0OtI83xwBLiC3D1HcUMA==,Sandy,0,M,0,0
500,8XiiU0ENav0OtI83xwBLiC3D1HcUMA==,Sandy,1,NA,0,0
500,8XiiU0ENav0OtI83xwBLiC3D1HcUMA==,Sandy,1,NA,0,0
75,8XiiU0ENav0OtI83xwBLiC3D1HcUMA==,Sandy,1,NA,0,0
100,8XiiU0ENav0OtI83xwBLiC3D1HcUMA==,Sandy,0,F,0,0
100,8XiiU0ENav0OtI83xwBLiC3D1HcUMA==,Sandy,0,M,0,0
75,8XiiU0ENav0OtI83xwBLiC3D1HcUMA==,Sandy,0,F,0,0
30,8XiiU0ENav0OtI83xwBLiC3D1HcUMA==,Sandy,0,F,0,0
25,8XiiU0ENav0OtI83xwBLiC3D1HcUMA==,Sandy,0,M,0,0
25,8XiiU0ENav0OtI83xwBLiC3D1HcUMA==,Sandy,0,M,0,0
25,H/0ARxwMQQf+R06T3DtIKS3D1H8TZw==,Sandy,1,NA,0,0
50,H/0ARxwMQQf+R06T3DtIKS3D1H8TZw==,Sandy,0,F,0,0
500,H/0ARxwMQQf+R06T3DtIKS3D1H8TZw==,Sandy,1,NA,0,0
20,H/0ARxwMQQf+R06T3DtIKS3D1H8TZw==,Sandy,0,M,0,0
50,H/0ARxwMQQf+R06T3DtIKS3D1H8TZw==,Sandy,0,F,0,0
100,H/0ARxwMQQf+R06T3DtIKS3D1H8TZw==,Sandy,0,NA,0,0
10,H/0ARxwMQQf+R06T3DtIKS3D1H8TZw==,Sandy,1,NA,0,0
50,H/0ARxwMQQf+R06T3DtIKS3D1H8TZw==,Sandy,0,F,0,0
50,H/0ARxwMQQf+R06T3DtIKS3D1H8TZw==,Sandy,0,F,0,0
50,H/0ARxwMQQf+R06T3DtIKS3D1H8TZw==,Sandy,0,M,0,1
100,H/0ARxwMQQf+R06T3DtIKS3D1H8TZw==,Sandy,0,NA,0,0
100,H/0ARxwMQQf+R06T3DtIKS3D1H8TZw==,Sandy,0,F,0,0
50,H/0ARxwMQQf+R06T3DtIKS3D1H8TZw==,Sandy,0,M,0,0
500,H/0ARxwMQQf+R06T3DtIKS3D1H8TZw==,Sandy,0,F,0,0
200,H/0ARxwMQQf+R06T3DtIKS3D1H8TZw==,Sandy,0,F,0,0
300,H/0ARxwMQQf+R06T3DtIKS3D1H8TZw==,Sandy,1,NA,0,0
50,H/0ARxwMQQf+R06T3DtIKS3D1H8TZw==,Sandy,0,F,0,0
100,H/0ARxwMQQf+R06T3DtIKS3D1H8TZw==,Sandy,0,NA,0,0
100,H/0ARxwMQQf+R06T3DtIKS3D1H8TZw==,Sandy,0,F,0,0
175,kZ7KQzZXy44smqkKZc1gDi3D2n8TNA==,Sandy,0,M,0,0
100,kZ7KQzZXy44smqkKZc1gDi3D2n8TNA==,Sandy,0,M,0,0
30,kZ7KQzZXy44smqkKZc1gDi3D2n8TNA==,Sandy,0,NA,0,0
75,kZ7KQzZXy44smqkKZc1gDi3D2n8TNA==,Sandy,0,M,0,0
20,kZ7KQzZXy44smqkKZc1gDi3D2n8TNA==,Sandy,1,NA,0,0
50,kZ7KQzZXy44smqkKZc1gDi3D2n8TNA==,Sandy,1,NA,0,0
50,kZ7KQzZXy44smqkKZc1gDi3D2n8TNA==,Sandy,0,M,0,0
50,kZ7KQzZXy44smqkKZc1gDi3D2n8TNA==,Sandy,0,M,0,0
100,kZ7KQzZXy44smqkKZc1gDi3D2n8TNA==,Sandy,1,NA,0,0
25,kZ7KQzZXy44smqkKZc1gDi3D2n8TNA==,Sandy,0,M,0,0
50,kZ7KQzZXy44smqkKZc1gDi3D2n8TNA==,Sandy,0,F,0,0
75,kZ7KQzZXy44smqkKZc1gDi3D2n8TNA==,Sandy,0,NA,0,0
50,kZ7KQzZXy44smqkKZc1gDi3D2n8TNA==,Sandy,0,M,0,0
50,kZ7KQzZXy44smqkKZc1gDi3D2n8TNA==,Sandy,0,F,0,0
50,kZ7KQzZXy44smqkKZc1gDi3D2n8TNA==,Sandy,0,NA,0,0
200,kZ7KQzZXy44smqkKZc1gDi3D2n8TNA==,Sandy,0,M,0,0
200,kZ7KQzZXy44smqkKZc1gDi3D2n8TNA==,Sandy,0,M,0,0
50,kZ7KQzZXy44smqkKZc1gDi3D2n8TNA==,Sandy,1,NA,0,0
100,kZ7KQzZXy44smqkKZc1gDi3D2n8TNA==,Sandy,0,F,0,0
150,kZ7KQzZXy44smqkKZc1gDi3D2n8TNA==,Sandy,1,NA,0,0
50,kZ7KQzZXy44smqkKZc1gDi3D2n8TNA==,Sandy,0,M,0,0
100,kZ7KQzZXy44smqkKZc1gDi3D2n8TNA==,Sandy,0,M,0,0
100,kZ7KQzZXy44smqkKZc1gDi3D2n8TNA==,Sandy,0,M,0,0
50,kZ7KQzZXy44smqkKZc1gDi3D2n8TNA==,Sandy,0,M,0,0
50,kZ7KQzZXy44smqkKZc1gDi3D2n8TNA==,Sandy,0,M,0,0
50,kZ7KQzZXy44smqkKZc1gDi3D2n8TNA==,Sandy,0,M,0,0
50,kZ7KQzZXy44smqkKZc1gDi3D2n8TNA==,Sandy,0,NA,0,0
100,kZ7KQzZXy44smqkKZc1gDi3D2n8TNA==,Sandy,0,M,0,0
50,kZ7KQzZXy44smqkKZc1gDi3D2n8TNA==,Sandy,0,M,0,0
50,kZ7KQzZXy44smqkKZc1gDi3D2n8TNA==,Sandy,0,M,0,0
100,kZ7KQzZXy44smqkKZc1gDi3D2n8TNA==,Sandy,1,NA,0,0
50,kZ7KQzZXy44smqkKZc1gDi3D2n8TNA==,Sandy,0,M,0,0
50,kZ7KQzZXy44smqkKZc1gDi3D2n8TNA==,Sandy,0,M,0,0
100,MWNwOwLevzinOAAFlyasLy3D2XkQNA==,Sandy,0,F,0,0
25,MWNwOwLevzinOAAFlyasLy3D2XkQNA==,Sandy,0,M,0,0
30,MWNwOwLevzinOAAFlyasLy3D2XkQNA==,Sandy,0,F,0,0
50,MWNwOwLevzinOAAFlyasLy3D2XkQNA==,Sandy,1,NA,0,0
25,MWNwOwLevzinOAAFlyasLy3D2XkQNA==,Sandy,0,F,0,0
100,qyQE3G2k6WASTTZEzpycGi3D2WYSZw==,Sandy,0,F,1,0
100,qyQE3G2k6WASTTZEzpycGi3D2WYSZw==,Sandy,1,NA,0,0
20,qyQE3G2k6WASTTZEzpycGi3D2WYSZw==,Sandy,0,NA,0,0
45,qyQE3G2k6WASTTZEzpycGi3D2WYSZw==,Sandy,0,NA,0,0
100,qyQE3G2k6WASTTZEzpycGi3D2WYSZw==,Sandy,0,M,0,0
50,qyQE3G2k6WASTTZEzpycGi3D2WYSZw==,Sandy,0,M,0,0
20,qyQE3G2k6WASTTZEzpycGi3D2WYSZw==,Sandy,0,NA,0,0
20,qyQE3G2k6WASTTZEzpycGi3D2WYSZw==,Sandy,0,F,0,0
5,qyQE3G2k6WASTTZEzpycGi3D2WYSZw==,Sandy,1,NA,0,0
5,qyQE3G2k6WASTTZEzpycGi3D2WYSZw==,Sandy,0,F,0,0
20,qyQE3G2k6WASTTZEzpycGi3D2WYSZw==,Sandy,0,F,0,0
40,qyQE3G2k6WASTTZEzpycGi3D2WYSZw==,Sandy,1,NA,0,0
30,qyQE3G2k6WASTTZEzpycGi3D2WYSZw==,Sandy,0,M,0,0
10,qyQE3G2k6WASTTZEzpycGi3D2WYSZw==,Sandy,1,NA,0,0
30,qyQE3G2k6WASTTZEzpycGi3D2WYSZw==,Sandy,1,NA,0,0
100,qyQE3G2k6WASTTZEzpycGi3D2WYSZw==,Sandy,0,F,0,0
75,qyQE3G2k6WASTTZEzpycGi3D2WYSZw==,Sandy,0,M,0,0
50,qyQE3G2k6WASTTZEzpycGi3D2WYSZw==,Sandy,1,NA,0,0
20,qyQE3G2k6WASTTZEzpycGi3D2WYSZw==,Sandy,1,NA,0,0
35,qyQE3G2k6WASTTZEzpycGi3D2WYSZw==,Sandy,0,M,0,0
20,qyQE3G2k6WASTTZEzpycGi3D2WYSZw==,Sandy,1,NA,0,0
50,qyQE3G2k6WASTTZEzpycGi3D2WYSZw==,Sandy,0,F,0,0
10,qyQE3G2k6WASTTZEzpycGi3D2WYSZw==,Sandy,1,NA,0,0
15,WgWc6A2rSo7RsqaW2YlUIy3MkmMPPA==,Sandy,1,NA,0,0
800,WgWc6A2rSo7RsqaW2YlUIy3MkmMPPA==,Sandy,1,NA,0,0
35,WgWc6A2rSo7RsqaW2YlUIy3MkmMPPA==,Sandy,0,F,0,0
18,WgWc6A2rSo7RsqaW2YlUIy3MkmMPPA==,Sandy,0,F,0,0
25,WgWc6A2rSo7RsqaW2YlUIy3MkmMPPA==,Sandy,0,F,0,0
25,WgWc6A2rSo7RsqaW2YlUIy3MkmMPPA==,Sandy,0,M,0,0
15,WgWc6A2rSo7RsqaW2YlUIy3MkmMPPA==,Sandy,0,F,0,0
36,WgWc6A2rSo7RsqaW2YlUIy3MkmMPPA==,Sandy,1,NA,0,0
20,WgWc6A2rSo7RsqaW2YlUIy3MkmMPPA==,Sandy,1,NA,0,0
100,WgWc6A2rSo7RsqaW2YlUIy3MkmMPPA==,Sandy,1,NA,0,0
100,WgWc6A2rSo7RsqaW2YlUIy3MkmMPPA==,Sandy,1,NA,0,0
25,WgWc6A2rSo7RsqaW2YlUIy3MkmMPPA==,Sandy,1,NA,0,0
100,WgWc6A2rSo7RsqaW2YlUIy3MkmMPPA==,Sandy,0,NA,0,0
100,WgWc6A2rSo7RsqaW2YlUIy3MkmMPPA==,Sandy,0,M,0,0
50,WgWc6A2rSo7RsqaW2YlUIy3MkmMPPA==,Sandy,0,F,0,1
20,WgWc6A2rSo7RsqaW2YlUIy3MkmMPPA==,Sandy,0,M,0,0
25,WgWc6A2rSo7RsqaW2YlUIy3MkmMPPA==,Sandy,1,NA,0,0
25,WgWc6A2rSo7RsqaW2YlUIy3MkmMPPA==,Sandy,0,F,0,0
75,WgWc6A2rSo7RsqaW2YlUIy3MkmMPPA==,Sandy,0,NA,0,0
25,WgWc6A2rSo7RsqaW2YlUIy3MkmMPPA==,Sandy,0,M,0,0
15,WgWc6A2rSo7RsqaW2YlUIy3MkmMPPA==,Sandy,0,M,0,0
20,WgWc6A2rSo7RsqaW2YlUIy3MkmMPPA==,Sandy,0,M,0,0
200,WgWc6A2rSo7RsqaW2YlUIy3MkmMPPA==,Sandy,1,NA,0,0
30,WgWc6A2rSo7RsqaW2YlUIy3MkmMPPA==,Sandy,0,NA,0,0
25,WgWc6A2rSo7RsqaW2YlUIy3MkmMPPA==,Sandy,1,NA,0,0
25,WgWc6A2rSo7RsqaW2YlUIy3MkmMPPA==,Sandy,0,NA,0,0
50,WgWc6A2rSo7RsqaW2YlUIy3MkmMPPA==,Sandy,0,NA,0,0
25,WgWc6A2rSo7RsqaW2YlUIy3MkmMPPA==,Sandy,0,F,0,0
50,WgWc6A2rSo7RsqaW2YlUIy3MkmMPPA==,Sandy,0,F,0,0
300,WgWc6A2rSo7RsqaW2YlUIy3MkmMPPA==,Sandy,1,NA,0,0
25,WgWc6A2rSo7RsqaW2YlUIy3MkmMPPA==,Sandy,0,M,0,0
1800,WgWc6A2rSo7RsqaW2YlUIy3MkmMPPA==,Sandy,1,NA,0,0
36,WgWc6A2rSo7RsqaW2YlUIy3MkmMPPA==,Sandy,1,NA,0,0
36,WgWc6A2rSo7RsqaW2YlUIy3MkmMPPA==,Sandy,1,NA,0,0
18,WgWc6A2rSo7RsqaW2YlUIy3MkmMPPA==,Sandy,0,NA,0,1
20,WgWc6A2rSo7RsqaW2YlUIy3MkmMPPA==,Sandy,1,NA,0,0
50,WgWc6A2rSo7RsqaW2YlUIy3MkmMPPA==,Sandy,1,NA,0,0
50,WgWc6A2rSo7RsqaW2YlUIy3MkmMPPA==,Sandy,1,NA,0,0
50,WgWc6A2rSo7RsqaW2YlUIy3MkmMPPA==,Sandy,1,NA,0,0
50,WgWc6A2rSo7RsqaW2YlUIy3MkmMPPA==,Sandy,1,NA,0,0
18,WgWc6A2rSo7RsqaW2YlUIy3MkmMPPA==,Sandy,1,NA,0,0
250,WgWc6A2rSo7RsqaW2YlUIy3MkmMPPA==,Sandy,1,NA,0,0
100,WgWc6A2rSo7RsqaW2YlUIy3MkmMPPA==,Sandy,1,NA,0,0
50,WgWc6A2rSo7RsqaW2YlUIy3MkmMPPA==,Sandy,0,F,0,1
50,WgWc6A2rSo7RsqaW2YlUIy3MkmMPPA==,Sandy,0,NA,0,0
500,WgWc6A2rSo7RsqaW2YlUIy3MkmMPPA==,Sandy,1,NA,0,0
100,WgWc6A2rSo7RsqaW2YlUIy3MkmMPPA==,Sandy,1,NA,0,0
50,WgWc6A2rSo7RsqaW2YlUIy3MkmMPPA==,Sandy,0,NA,0,1
25,WgWc6A2rSo7RsqaW2YlUIy3MkmMPPA==,Sandy,0,F,0,0
25,WgWc6A2rSo7RsqaW2YlUIy3MkmMPPA==,Sandy,0,M,0,0
50,WgWc6A2rSo7RsqaW2YlUIy3MkmMPPA==,Sandy,1,NA,0,0
50,xiY6GsBJKaZ1MR44WP5FKy3MkH4KPA==,Sandy,0,M,0,0
50,xiY6GsBJKaZ1MR44WP5FKy3MkH4KPA==,Sandy,0,M,0,0
50,xiY6GsBJKaZ1MR44WP5FKy3MkH4KPA==,Sandy,0,M,0,0
100,xiY6GsBJKaZ1MR44WP5FKy3MkH4KPA==,Sandy,0,M,0,0
100,xiY6GsBJKaZ1MR44WP5FKy3MkH4KPA==,Sandy,0,M,0,0
250,xiY6GsBJKaZ1MR44WP5FKy3MkH4KPA==,Sandy,0,M,0,0
50,p91W/tjJQlX/BwnWSGAj6C3MlnAQaw==,Sandy,0,NA,0,0
50,p91W/tjJQlX/BwnWSGAj6C3MlnAQaw==,Sandy,0,F,0,0
1000,p91W/tjJQlX/BwnWSGAj6C3MlnAQaw==,Sandy,0,M,0,0
50,p91W/tjJQlX/BwnWSGAj6C3MlnAQaw==,Sandy,0,F,0,0
150,p91W/tjJQlX/BwnWSGAj6C3MlnAQaw==,Sandy,0,F,1,0
300,p91W/tjJQlX/BwnWSGAj6C3MlnAQaw==,Sandy,0,M,0,0
50,p91W/tjJQlX/BwnWSGAj6C3MlnAQaw==,Sandy,0,F,0,0
50,yNVVcuZsvtgVAnc7xav+LS3MlHdCMA==,Education,0,M,0,0
100,yNVVcuZsvtgVAnc7xav+LS3MlHdCMA==,Education,0,M,0,0
100,yNVVcuZsvtgVAnc7xav+LS3MlHdCMA==,Education,0,M,0,0
30,yNVVcuZsvtgVAnc7xav+LS3MlHdCMA==,Education,0,M,0,0
60,yNVVcuZsvtgVAnc7xav+LS3MlHdCMA==,Education,0,F,0,0
50,yNVVcuZsvtgVAnc7xav+LS3MlHdCMA==,Education,0,F,0,0
100,yNVVcuZsvtgVAnc7xav+LS3MlHdCMA==,Education,0,M,0,0
20,yNVVcuZsvtgVAnc7xav+LS3MlHdCMA==,Education,0,NA,0,0
275,yNVVcuZsvtgVAnc7xav+LS3MlHdCMA==,Education,0,NA,0,0
20,yNVVcuZsvtgVAnc7xav+LS3MlHdCMA==,Education,1,NA,0,0
60,yNVVcuZsvtgVAnc7xav+LS3MlHdCMA==,Education,0,F,0,0
20,yNVVcuZsvtgVAnc7xav+LS3MlHdCMA==,Education,0,M,0,0
50,yNVVcuZsvtgVAnc7xav+LS3MlHdCMA==,Education,0,NA,0,0
75,yNVVcuZsvtgVAnc7xav+LS3MlHdCMA==,Education,0,M,0,0
100,yNVVcuZsvtgVAnc7xav+LS3MlHdCMA==,Education,0,NA,0,0
125,yNVVcuZsvtgVAnc7xav+LS3MlHdCMA==,Education,0,NA,0,0
45,yNVVcuZsvtgVAnc7xav+LS3MlHdCMA==,Education,0,NA,0,0
25,yNVVcuZsvtgVAnc7xav+LS3MlHdCMA==,Education,0,NA,0,0
75,yNVVcuZsvtgVAnc7xav+LS3MlHdCMA==,Education,0,M,0,0
20,yNVVcuZsvtgVAnc7xav+LS3MlHdCMA==,Education,0,M,1,0
25,yNVVcuZsvtgVAnc7xav+LS3MlHdCMA==,Education,0,F,0,0
230,yNVVcuZsvtgVAnc7xav+LS3MlHdCMA==,Education,0,M,0,0
150,yNVVcuZsvtgVAnc7xav+LS3MlHdCMA==,Education,0,M,0,0
50,yNVVcuZsvtgVAnc7xav+LS3MlHdCMA==,Education,0,NA,0,0
120,yNVVcuZsvtgVAnc7xav+LS3MlHdCMA==,Education,0,NA,0,0
5,yNVVcuZsvtgVAnc7xav+LS3MlHdCMA==,Education,0,NA,1,0
40,yNVVcuZsvtgVAnc7xav+LS3MlHdCMA==,Education,1,NA,0,0
5,yNVVcuZsvtgVAnc7xav+LS3MlHdCMA==,Education,0,NA,0,0
25,yNVVcuZsvtgVAnc7xav+LS3MlHdCMA==,Education,0,M,0,0
20,yNVVcuZsvtgVAnc7xav+LS3MlHdCMA==,Education,0,NA,0,0
100,yNVVcuZsvtgVAnc7xav+LS3MlHdCMA==,Education,0,NA,0,0
50,yNVVcuZsvtgVAnc7xav+LS3MlHdCMA==,Education,0,F,0,0
100,yNVVcuZsvtgVAnc7xav+LS3MlHdCMA==,Education,0,F,0,0
50,yNVVcuZsvtgVAnc7xav+LS3MlHdCMA==,Education,0,NA,0,0
50,/pc8be2qZD8c7RC5t39/3i3MlHEPPA==,Sandy,0,NA,0,0
20,/pc8be2qZD8c7RC5t39/3i3MlHEPPA==,Sandy,1,NA,0,0
100,/pc8be2qZD8c7RC5t39/3i3MlHEPPA==,Sandy,0,F,0,0
50,/pc8be2qZD8c7RC5t39/3i3MlHEPPA==,Sandy,0,F,0,0
50,/pc8be2qZD8c7RC5t39/3i3MlHEPPA==,Sandy,0,F,0,0
50,/pc8be2qZD8c7RC5t39/3i3MlHEPPA==,Sandy,0,F,0,0
10,/pc8be2qZD8c7RC5t39/3i3MlHEPPA==,Sandy,1,NA,0,0
50,/pc8be2qZD8c7RC5t39/3i3MlHEPPA==,Sandy,0,F,0,0
100,/pc8be2qZD8c7RC5t39/3i3MlHEPPA==,Sandy,0,M,0,0
300,/pc8be2qZD8c7RC5t39/3i3MlHEPPA==,Sandy,0,F,0,0
25,/pc8be2qZD8c7RC5t39/3i3MlHEPPA==,Sandy,0,NA,0,0
20,/pc8be2qZD8c7RC5t39/3i3MlHEPPA==,Sandy,0,NA,0,0
100,/pc8be2qZD8c7RC5t39/3i3MlHEPPA==,Sandy,0,F,0,0
50,/pc8be2qZD8c7RC5t39/3i3MlHEPPA==,Sandy,0,NA,0,0
50,/pc8be2qZD8c7RC5t39/3i3MlHEPPA==,Sandy,0,F,0,0
10,/pc8be2qZD8c7RC5t39/3i3MlHEPPA==,Sandy,0,M,0,0
50,/pc8be2qZD8c7RC5t39/3i3MlHEPPA==,Sandy,0,F,0,0
100,/pc8be2qZD8c7RC5t39/3i3MlHEPPA==,Sandy,0,M,0,0
20,/pc8be2qZD8c7RC5t39/3i3MlHEPPA==,Sandy,0,F,0,0
50,/pc8be2qZD8c7RC5t39/3i3MlHEPPA==,Sandy,0,F,0,0
50,/pc8be2qZD8c7RC5t39/3i3MlHEPPA==,Sandy,0,NA,0,0
20,/pc8be2qZD8c7RC5t39/3i3MlHEPPA==,Sandy,0,NA,0,0
105,FKgqnYy+4rgqHC22+7Ni0S3MmiRNZw==,Sandy,0,M,1,0
25,FKgqnYy+4rgqHC22+7Ni0S3MmiRNZw==,Sandy,0,F,0,0
220,FKgqnYy+4rgqHC22+7Ni0S3MmiRNZw==,Sandy,0,M,1,0
50,FKgqnYy+4rgqHC22+7Ni0S3MmiRNZw==,Sandy,0,NA,0,0
175,FKgqnYy+4rgqHC22+7Ni0S3MmiRNZw==,Sandy,0,F,0,0
25,FKgqnYy+4rgqHC22+7Ni0S3MmiRNZw==,Sandy,0,F,0,0
100,FKgqnYy+4rgqHC22+7Ni0S3MmiRNZw==,Sandy,0,NA,0,0
100,FKgqnYy+4rgqHC22+7Ni0S3MmiRNZw==,Sandy,1,NA,0,0
259,FKgqnYy+4rgqHC22+7Ni0S3MmiRNZw==,Sandy,0,M,1,0
148,FKgqnYy+4rgqHC22+7Ni0S3MmiRNZw==,Sandy,0,F,1,0
50,FKgqnYy+4rgqHC22+7Ni0S3MmiRNZw==,Sandy,0,F,0,0
25,FKgqnYy+4rgqHC22+7Ni0S3MmiRNZw==,Sandy,0,F,0,0
130,FKgqnYy+4rgqHC22+7Ni0S3MmiRNZw==,Sandy,0,F,0,0
683,FKgqnYy+4rgqHC22+7Ni0S3MmiRNZw==,Sandy,0,NA,0,0
25,FKgqnYy+4rgqHC22+7Ni0S3MmiRNZw==,Sandy,1,NA,0,0
30,FKgqnYy+4rgqHC22+7Ni0S3MmiRNZw==,Sandy,0,F,0,0
20,FKgqnYy+4rgqHC22+7Ni0S3MmiRNZw==,Sandy,0,F,0,0
20,FKgqnYy+4rgqHC22+7Ni0S3MmiRNZw==,Sandy,0,F,0,0
5,FKgqnYy+4rgqHC22+7Ni0S3MmiRNZw==,Sandy,0,F,0,0
25,FKgqnYy+4rgqHC22+7Ni0S3MmiRNZw==,Sandy,0,F,0,0
20,FKgqnYy+4rgqHC22+7Ni0S3MmiRNZw==,Sandy,0,F,0,0
20,FKgqnYy+4rgqHC22+7Ni0S3MmiRNZw==,Sandy,0,F,0,0
20,FKgqnYy+4rgqHC22+7Ni0S3MmiRNZw==,Sandy,0,M,0,0
20,FKgqnYy+4rgqHC22+7Ni0S3MmiRNZw==,Sandy,0,F,0,0
20,FKgqnYy+4rgqHC22+7Ni0S3MmiRNZw==,Sandy,0,NA,0,0
30,FKgqnYy+4rgqHC22+7Ni0S3MmiRNZw==,Sandy,0,F,0,0
20,FKgqnYy+4rgqHC22+7Ni0S3MmiRNZw==,Sandy,0,F,0,0
20,FKgqnYy+4rgqHC22+7Ni0S3MmiRNZw==,Sandy,0,F,0,0
40,FKgqnYy+4rgqHC22+7Ni0S3MmiRNZw==,Sandy,0,M,0,0
30,FKgqnYy+4rgqHC22+7Ni0S3MmiRNZw==,Sandy,0,F,0,0
5,FKgqnYy+4rgqHC22+7Ni0S3MmiRNZw==,Sandy,1,NA,0,0
50,FKgqnYy+4rgqHC22+7Ni0S3MmiRNZw==,Sandy,0,F,0,0
40,FKgqnYy+4rgqHC22+7Ni0S3MmiRNZw==,Sandy,1,NA,0,0
30,FKgqnYy+4rgqHC22+7Ni0S3MmiRNZw==,Sandy,0,M,0,0
123,FKgqnYy+4rgqHC22+7Ni0S3MmiRNZw==,Sandy,0,NA,0,0
20,FKgqnYy+4rgqHC22+7Ni0S3MmiRNZw==,Sandy,0,F,0,0
25,FKgqnYy+4rgqHC22+7Ni0S3MmiRNZw==,Sandy,0,F,0,0
5,FKgqnYy+4rgqHC22+7Ni0S3MmiRNZw==,Sandy,0,NA,0,0
20,FKgqnYy+4rgqHC22+7Ni0S3MmiRNZw==,Sandy,0,M,0,0
100,FKgqnYy+4rgqHC22+7Ni0S3MmiRNZw==,Sandy,0,M,0,0
35,FKgqnYy+4rgqHC22+7Ni0S3MmiRNZw==,Sandy,0,F,0,0
10,FKgqnYy+4rgqHC22+7Ni0S3MmiRNZw==,Sandy,0,M,0,0
25,FKgqnYy+4rgqHC22+7Ni0S3MmiRNZw==,Sandy,0,F,0,0
25,FKgqnYy+4rgqHC22+7Ni0S3MmiRNZw==,Sandy,0,M,1,0
10,FKgqnYy+4rgqHC22+7Ni0S3MmiRNZw==,Sandy,0,F,0,0
200,FKgqnYy+4rgqHC22+7Ni0S3MmiRNZw==,Sandy,0,F,0,0
50,rjcx5mwDQoO7fhRQnxi06y3MwiALaw==,Sandy,0,M,0,0
20,rjcx5mwDQoO7fhRQnxi06y3MwiALaw==,Sandy,0,F,0,0
5,rjcx5mwDQoO7fhRQnxi06y3MwiALaw==,Sandy,0,F,0,0
20,rjcx5mwDQoO7fhRQnxi06y3MwiALaw==,Sandy,0,F,0,0
20,rjcx5mwDQoO7fhRQnxi06y3MwiALaw==,Sandy,0,NA,0,0
100,rjcx5mwDQoO7fhRQnxi06y3MwiALaw==,Sandy,0,NA,0,0
75,rjcx5mwDQoO7fhRQnxi06y3MwiALaw==,Sandy,1,NA,0,0
250,rjcx5mwDQoO7fhRQnxi06y3MwiALaw==,Sandy,0,M,0,0
50,rjcx5mwDQoO7fhRQnxi06y3MwiALaw==,Sandy,0,F,0,0
100,rjcx5mwDQoO7fhRQnxi06y3MwiALaw==,Sandy,0,NA,0,1
100,rjcx5mwDQoO7fhRQnxi06y3MwiALaw==,Sandy,0,NA,0,0
20,rjcx5mwDQoO7fhRQnxi06y3MwiALaw==,Sandy,0,F,0,0
250,rjcx5mwDQoO7fhRQnxi06y3MwiALaw==,Sandy,0,NA,0,0
100,rjcx5mwDQoO7fhRQnxi06y3MwiALaw==,Sandy,0,NA,1,0
100,gSLEFXY71f+MmQyx3Qc7Zi3Mwm8Jaw==,Sandy,0,NA,0,0
200,gSLEFXY71f+MmQyx3Qc7Zi3Mwm8Jaw==,Sandy,1,NA,0,0
200,gSLEFXY71f+MmQyx3Qc7Zi3Mwm8Jaw==,Sandy,0,NA,0,0
100,gSLEFXY71f+MmQyx3Qc7Zi3Mwm8Jaw==,Sandy,0,NA,0,1
75,gSLEFXY71f+MmQyx3Qc7Zi3Mwm8Jaw==,Sandy,0,F,0,0
100,gSLEFXY71f+MmQyx3Qc7Zi3Mwm8Jaw==,Sandy,0,M,0,0
5,gSLEFXY71f+MmQyx3Qc7Zi3Mwm8Jaw==,Sandy,1,NA,0,0
75,gSLEFXY71f+MmQyx3Qc7Zi3Mwm8Jaw==,Sandy,1,NA,0,0
700,gSLEFXY71f+MmQyx3Qc7Zi3Mwm8Jaw==,Sandy,0,M,0,0
250,gSLEFXY71f+MmQyx3Qc7Zi3Mwm8Jaw==,Sandy,0,NA,0,0
200,gSLEFXY71f+MmQyx3Qc7Zi3Mwm8Jaw==,Sandy,0,M,0,1
50,gSLEFXY71f+MmQyx3Qc7Zi3Mwm8Jaw==,Sandy,0,NA,0,1
25,gSLEFXY71f+MmQyx3Qc7Zi3Mwm8Jaw==,Sandy,0,M,0,0
268,gSLEFXY71f+MmQyx3Qc7Zi3Mwm8Jaw==,Sandy,0,M,0,0
100,gSLEFXY71f+MmQyx3Qc7Zi3Mwm8Jaw==,Sandy,0,NA,0,0
100,gSLEFXY71f+MmQyx3Qc7Zi3Mwm8Jaw==,Sandy,0,M,0,0
100,gSLEFXY71f+MmQyx3Qc7Zi3Mwm8Jaw==,Sandy,0,NA,0,0
50,gSLEFXY71f+MmQyx3Qc7Zi3Mwm8Jaw==,Sandy,0,NA,1,0
100,gSLEFXY71f+MmQyx3Qc7Zi3Mwm8Jaw==,Sandy,0,F,0,0
25,gSLEFXY71f+MmQyx3Qc7Zi3Mwm8Jaw==,Sandy,0,M,0,0
25,gSLEFXY71f+MmQyx3Qc7Zi3Mwm8Jaw==,Sandy,0,NA,0,1
200,gSLEFXY71f+MmQyx3Qc7Zi3Mwm8Jaw==,Sandy,0,NA,0,0
20,gSLEFXY71f+MmQyx3Qc7Zi3Mwm8Jaw==,Sandy,1,NA,0,0
100,gSLEFXY71f+MmQyx3Qc7Zi3Mwm8Jaw==,Sandy,0,F,0,0
100,gSLEFXY71f+MmQyx3Qc7Zi3Mwm8Jaw==,Sandy,0,NA,0,0
50,gSLEFXY71f+MmQyx3Qc7Zi3Mwm8Jaw==,Sandy,0,M,0,0
100,gSLEFXY71f+MmQyx3Qc7Zi3Mwm8Jaw==,Sandy,0,NA,0,0
25,gSLEFXY71f+MmQyx3Qc7Zi3Mwm8Jaw==,Sandy,0,NA,0,0
250,gSLEFXY71f+MmQyx3Qc7Zi3Mwm8Jaw==,Sandy,0,NA,0,0
50,gSLEFXY71f+MmQyx3Qc7Zi3Mwm8Jaw==,Sandy,0,M,0,1
100,gSLEFXY71f+MmQyx3Qc7Zi3Mwm8Jaw==,Sandy,0,NA,0,0
200,gSLEFXY71f+MmQyx3Qc7Zi3Mwm8Jaw==,Sandy,0,NA,0,1
100,gSLEFXY71f+MmQyx3Qc7Zi3Mwm8Jaw==,Sandy,0,NA,0,0
100,gSLEFXY71f+MmQyx3Qc7Zi3Mwm8Jaw==,Sandy,0,M,0,0
100,gSLEFXY71f+MmQyx3Qc7Zi3Mwm8Jaw==,Sandy,0,F,0,0
100,gSLEFXY71f+MmQyx3Qc7Zi3Mwm8Jaw==,Sandy,0,F,0,1
200,gSLEFXY71f+MmQyx3Qc7Zi3Mwm8Jaw==,Sandy,0,NA,0,1
200,gSLEFXY71f+MmQyx3Qc7Zi3Mwm8Jaw==,Sandy,0,NA,0,0
50,gSLEFXY71f+MmQyx3Qc7Zi3Mwm8Jaw==,Sandy,0,F,0,0
200,gSLEFXY71f+MmQyx3Qc7Zi3Mwm8Jaw==,Sandy,0,M,0,0
50,gSLEFXY71f+MmQyx3Qc7Zi3Mwm8Jaw==,Sandy,0,F,0,1
50,gSLEFXY71f+MmQyx3Qc7Zi3Mwm8Jaw==,Sandy,0,M,0,0
50,gSLEFXY71f+MmQyx3Qc7Zi3Mwm8Jaw==,Sandy,0,M,0,0
100,gSLEFXY71f+MmQyx3Qc7Zi3Mwm8Jaw==,Sandy,0,F,0,0
250,gSLEFXY71f+MmQyx3Qc7Zi3Mwm8Jaw==,Sandy,0,NA,0,1
50,gSLEFXY71f+MmQyx3Qc7Zi3Mwm8Jaw==,Sandy,0,M,0,0
100,gSLEFXY71f+MmQyx3Qc7Zi3Mwm8Jaw==,Sandy,0,M,1,0
100,gSLEFXY71f+MmQyx3Qc7Zi3Mwm8Jaw==,Sandy,0,M,1,0
100,eU13Fz6ODe6kK0zFC9YKGi3MxyANZw==,Sandy,0,F,0,0
200,eU13Fz6ODe6kK0zFC9YKGi3MxyANZw==,Sandy,0,F,0,1
50,eU13Fz6ODe6kK0zFC9YKGi3MxyANZw==,Sandy,0,F,0,1
25,eU13Fz6ODe6kK0zFC9YKGi3MxyANZw==,Sandy,0,F,0,1
150,eU13Fz6ODe6kK0zFC9YKGi3MxyANZw==,Sandy,0,M,0,0
20,eU13Fz6ODe6kK0zFC9YKGi3MxyANZw==,Sandy,1,NA,0,0
100,eU13Fz6ODe6kK0zFC9YKGi3MxyANZw==,Sandy,0,F,0,0
100,eU13Fz6ODe6kK0zFC9YKGi3MxyANZw==,Sandy,0,NA,0,0
25,eU13Fz6ODe6kK0zFC9YKGi3MxyANZw==,Sandy,0,M,0,0
50,eU13Fz6ODe6kK0zFC9YKGi3MxyANZw==,Sandy,0,M,0,0
1000,eU13Fz6ODe6kK0zFC9YKGi3MxyANZw==,Sandy,0,M,0,0
100,eU13Fz6ODe6kK0zFC9YKGi3MxyANZw==,Sandy,0,F,0,1
200,eU13Fz6ODe6kK0zFC9YKGi3MxyANZw==,Sandy,1,NA,0,0
100,eU13Fz6ODe6kK0zFC9YKGi3MxyANZw==,Sandy,0,M,0,1
100,eU13Fz6ODe6kK0zFC9YKGi3MxyANZw==,Sandy,0,M,0,0
50,eU13Fz6ODe6kK0zFC9YKGi3MxyANZw==,Sandy,0,F,0,1
100,eU13Fz6ODe6kK0zFC9YKGi3MxyANZw==,Sandy,0,M,0,0
100,eU13Fz6ODe6kK0zFC9YKGi3MxyANZw==,Sandy,0,NA,0,0
20,eU13Fz6ODe6kK0zFC9YKGi3MxyANZw==,Sandy,0,F,0,0
50,eU13Fz6ODe6kK0zFC9YKGi3MxyANZw==,Sandy,0,F,0,0
250,eU13Fz6ODe6kK0zFC9YKGi3MxyANZw==,Sandy,0,F,0,0
50,eU13Fz6ODe6kK0zFC9YKGi3MxyANZw==,Sandy,0,F,0,0
500,eU13Fz6ODe6kK0zFC9YKGi3MxyANZw==,Sandy,0,M,0,0
100,eU13Fz6ODe6kK0zFC9YKGi3MxyANZw==,Sandy,0,F,0,0
100,eU13Fz6ODe6kK0zFC9YKGi3MxyANZw==,Sandy,0,F,0,1
40,eU13Fz6ODe6kK0zFC9YKGi3MxyANZw==,Sandy,1,NA,0,0
100,eU13Fz6ODe6kK0zFC9YKGi3MxyANZw==,Sandy,1,NA,0,0
50,eU13Fz6ODe6kK0zFC9YKGi3MxyANZw==,Sandy,0,F,0,0
100,eU13Fz6ODe6kK0zFC9YKGi3MxyANZw==,Sandy,0,F,0,1
100,eU13Fz6ODe6kK0zFC9YKGi3MxyANZw==,Sandy,0,M,0,0
20,eU13Fz6ODe6kK0zFC9YKGi3MxyANZw==,Sandy,1,NA,0,0
200,eU13Fz6ODe6kK0zFC9YKGi3MxyANZw==,Sandy,0,NA,0,0
20,eU13Fz6ODe6kK0zFC9YKGi3MxyANZw==,Sandy,0,F,0,0
100,eU13Fz6ODe6kK0zFC9YKGi3MxyANZw==,Sandy,0,F,0,1
20,eU13Fz6ODe6kK0zFC9YKGi3MxyANZw==,Sandy,1,NA,0,0
25,eU13Fz6ODe6kK0zFC9YKGi3MxyANZw==,Sandy,1,NA,0,0
500,eU13Fz6ODe6kK0zFC9YKGi3MxyANZw==,Sandy,0,M,0,0
100,eU13Fz6ODe6kK0zFC9YKGi3MxyANZw==,Sandy,0,M,0,0
300,eU13Fz6ODe6kK0zFC9YKGi3MxyANZw==,Sandy,0,NA,0,1
1000,eU13Fz6ODe6kK0zFC9YKGi3MxyANZw==,Sandy,0,F,0,1
25,eU13Fz6ODe6kK0zFC9YKGi3MxyANZw==,Sandy,0,M,0,0
300,eU13Fz6ODe6kK0zFC9YKGi3MxyANZw==,Sandy,0,NA,0,0
100,eU13Fz6ODe6kK0zFC9YKGi3MxyANZw==,Sandy,1,NA,0,0
500,eU13Fz6ODe6kK0zFC9YKGi3MxyANZw==,Sandy,0,M,0,0
75,eU13Fz6ODe6kK0zFC9YKGi3MxyANZw==,Sandy,0,F,0,0
1500,eU13Fz6ODe6kK0zFC9YKGi3MxyANZw==,Sandy,0,NA,0,0
75,eU13Fz6ODe6kK0zFC9YKGi3MxyANZw==,Sandy,1,NA,0,0
50,eU13Fz6ODe6kK0zFC9YKGi3MxyANZw==,Sandy,0,F,0,0
250,eU13Fz6ODe6kK0zFC9YKGi3MxyANZw==,Sandy,0,F,0,1
250,eU13Fz6ODe6kK0zFC9YKGi3MxyANZw==,Sandy,0,M,0,0
300,eU13Fz6ODe6kK0zFC9YKGi3MxyANZw==,Sandy,0,NA,0,0
20,eU13Fz6ODe6kK0zFC9YKGi3MxyANZw==,Sandy,0,F,0,0
300,eU13Fz6ODe6kK0zFC9YKGi3MxyANZw==,Sandy,0,NA,0,1
250,eU13Fz6ODe6kK0zFC9YKGi3MxyANZw==,Sandy,1,NA,0,0
100,eU13Fz6ODe6kK0zFC9YKGi3MxyANZw==,Sandy,1,NA,0,0
100,eU13Fz6ODe6kK0zFC9YKGi3MxyANZw==,Sandy,0,M,0,0
100,eU13Fz6ODe6kK0zFC9YKGi3MxyANZw==,Sandy,0,F,0,1
100,eU13Fz6ODe6kK0zFC9YKGi3MxyANZw==,Sandy,0,NA,0,0
250,eU13Fz6ODe6kK0zFC9YKGi3MxyANZw==,Sandy,1,NA,0,0
50,eU13Fz6ODe6kK0zFC9YKGi3MxyANZw==,Sandy,0,F,0,0
200,eU13Fz6ODe6kK0zFC9YKGi3MxyANZw==,Sandy,0,M,0,0
50,eU13Fz6ODe6kK0zFC9YKGi3MxyANZw==,Sandy,0,F,0,0
25,eU13Fz6ODe6kK0zFC9YKGi3MxyANZw==,Sandy,0,F,0,0
100,eU13Fz6ODe6kK0zFC9YKGi3MxyANZw==,Sandy,0,NA,0,0
100,eU13Fz6ODe6kK0zFC9YKGi3MxyANZw==,Sandy,0,F,0,1
200,eU13Fz6ODe6kK0zFC9YKGi3MxyANZw==,Sandy,0,M,0,0
35,eU13Fz6ODe6kK0zFC9YKGi3MxyANZw==,Sandy,0,NA,0,0
100,eU13Fz6ODe6kK0zFC9YKGi3MxyANZw==,Sandy,0,F,0,1
100,eU13Fz6ODe6kK0zFC9YKGi3MxyANZw==,Sandy,0,F,0,0
100,eU13Fz6ODe6kK0zFC9YKGi3MxyANZw==,Sandy,1,NA,0,0
1000,eU13Fz6ODe6kK0zFC9YKGi3MxyANZw==,Sandy,0,M,0,0
25,eU13Fz6ODe6kK0zFC9YKGi3MxyANZw==,Sandy,0,NA,0,0
100,eU13Fz6ODe6kK0zFC9YKGi3MxyANZw==,Sandy,0,F,0,0
25,eU13Fz6ODe6kK0zFC9YKGi3MxyANZw==,Sandy,1,NA,0,0
100,eU13Fz6ODe6kK0zFC9YKGi3MxyANZw==,Sandy,0,F,0,0
50,eU13Fz6ODe6kK0zFC9YKGi3MxyANZw==,Sandy,0,NA,0,0
100,eU13Fz6ODe6kK0zFC9YKGi3MxyANZw==,Sandy,0,F,0,0
100,eU13Fz6ODe6kK0zFC9YKGi3MxyANZw==,Sandy,0,M,0,1
100,eU13Fz6ODe6kK0zFC9YKGi3MxyANZw==,Sandy,0,F,0,0
1500,eU13Fz6ODe6kK0zFC9YKGi3MxyANZw==,Sandy,0,M,0,0
300,eU13Fz6ODe6kK0zFC9YKGi3MxyANZw==,Sandy,0,NA,0,0
100,eU13Fz6ODe6kK0zFC9YKGi3MxyANZw==,Sandy,0,F,0,0
100,eU13Fz6ODe6kK0zFC9YKGi3MxyANZw==,Sandy,0,M,0,0
50,eU13Fz6ODe6kK0zFC9YKGi3MxyANZw==,Sandy,0,F,0,0
25,eU13Fz6ODe6kK0zFC9YKGi3MxyANZw==,Sandy,1,NA,0,0
100,eU13Fz6ODe6kK0zFC9YKGi3MxyANZw==,Sandy,0,M,0,0
50,eU13Fz6ODe6kK0zFC9YKGi3MxyANZw==,Sandy,0,NA,0,0
100,eU13Fz6ODe6kK0zFC9YKGi3MxyANZw==,Sandy,0,F,0,0
100,eU13Fz6ODe6kK0zFC9YKGi3MxyANZw==,Sandy,0,F,0,1
50,eU13Fz6ODe6kK0zFC9YKGi3MxyANZw==,Sandy,0,F,0,0
100,pSm9/Ln1SkmFKYFBguo5Xi3MxSAQPA==,Sandy,0,F,0,0
100,pSm9/Ln1SkmFKYFBguo5Xi3MxSAQPA==,Sandy,0,M,0,0
25,pSm9/Ln1SkmFKYFBguo5Xi3MxSAQPA==,Sandy,1,NA,0,0
50,pSm9/Ln1SkmFKYFBguo5Xi3MxSAQPA==,Sandy,1,NA,0,0
50,pSm9/Ln1SkmFKYFBguo5Xi3MxSAQPA==,Sandy,0,F,0,0
20,pSm9/Ln1SkmFKYFBguo5Xi3MxSAQPA==,Sandy,0,F,0,0
50,pSm9/Ln1SkmFKYFBguo5Xi3MxSAQPA==,Sandy,0,NA,0,0
60,pSm9/Ln1SkmFKYFBguo5Xi3MxSAQPA==,Sandy,0,NA,0,0
25,pSm9/Ln1SkmFKYFBguo5Xi3MxSAQPA==,Sandy,0,NA,0,0
10,pSm9/Ln1SkmFKYFBguo5Xi3MxSAQPA==,Sandy,0,M,0,0
50,pSm9/Ln1SkmFKYFBguo5Xi3MxSAQPA==,Sandy,0,NA,0,1
100,pSm9/Ln1SkmFKYFBguo5Xi3MxSAQPA==,Sandy,0,M,0,0
250,pSm9/Ln1SkmFKYFBguo5Xi3MxSAQPA==,Sandy,1,NA,0,0
20,pSm9/Ln1SkmFKYFBguo5Xi3MxSAQPA==,Sandy,0,M,0,0
50,pSm9/Ln1SkmFKYFBguo5Xi3MxSAQPA==,Sandy,0,M,0,0
200,pSm9/Ln1SkmFKYFBguo5Xi3MxSAQPA==,Sandy,1,NA,0,0
50,pSm9/Ln1SkmFKYFBguo5Xi3MxSAQPA==,Sandy,1,NA,0,0
50,pSm9/Ln1SkmFKYFBguo5Xi3MxSAQPA==,Sandy,0,M,0,0
10,pSm9/Ln1SkmFKYFBguo5Xi3MxSAQPA==,Sandy,0,F,0,0
50,pSm9/Ln1SkmFKYFBguo5Xi3MxSAQPA==,Sandy,0,M,0,0
20,pSm9/Ln1SkmFKYFBguo5Xi3MxSAQPA==,Sandy,1,NA,0,0
30,pSm9/Ln1SkmFKYFBguo5Xi3MxSAQPA==,Sandy,0,NA,0,0
100,pSm9/Ln1SkmFKYFBguo5Xi3MxSAQPA==,Sandy,1,NA,0,0
50,pSm9/Ln1SkmFKYFBguo5Xi3MxSAQPA==,Sandy,0,NA,0,1
50,pSm9/Ln1SkmFKYFBguo5Xi3MxSAQPA==,Sandy,1,NA,0,0
100,pSm9/Ln1SkmFKYFBguo5Xi3MxSAQPA==,Sandy,0,NA,0,0
50,pSm9/Ln1SkmFKYFBguo5Xi3MxSAQPA==,Sandy,0,NA,0,0
20,pSm9/Ln1SkmFKYFBguo5Xi3MxSAQPA==,Sandy,0,NA,0,0
50,pSm9/Ln1SkmFKYFBguo5Xi3MxSAQPA==,Sandy,0,M,0,0
50,pSm9/Ln1SkmFKYFBguo5Xi3MxSAQPA==,Sandy,0,F,0,1
20,pSm9/Ln1SkmFKYFBguo5Xi3MxSAQPA==,Sandy,1,NA,0,0
50,pSm9/Ln1SkmFKYFBguo5Xi3MxSAQPA==,Sandy,0,F,0,0
25,pSm9/Ln1SkmFKYFBguo5Xi3MxSAQPA==,Sandy,0,F,0,0
50,pSm9/Ln1SkmFKYFBguo5Xi3MxSAQPA==,Sandy,0,M,0,0
100,pSm9/Ln1SkmFKYFBguo5Xi3MxSAQPA==,Sandy,0,NA,0,0
100,pSm9/Ln1SkmFKYFBguo5Xi3MxSAQPA==,Sandy,0,F,0,0
50,pSm9/Ln1SkmFKYFBguo5Xi3MxSAQPA==,Sandy,0,NA,0,1
100,pSm9/Ln1SkmFKYFBguo5Xi3MxSAQPA==,Sandy,0,M,0,0
100,pSm9/Ln1SkmFKYFBguo5Xi3MxSAQPA==,Sandy,0,M,0,0
100,pSm9/Ln1SkmFKYFBguo5Xi3MxSAQPA==,Sandy,0,F,0,0
25,pSm9/Ln1SkmFKYFBguo5Xi3MxSAQPA==,Sandy,0,F,0,0
100,pSm9/Ln1SkmFKYFBguo5Xi3MxSAQPA==,Sandy,0,F,0,0
100,pSm9/Ln1SkmFKYFBguo5Xi3MxSAQPA==,Sandy,0,M,0,0
200,pSm9/Ln1SkmFKYFBguo5Xi3MxSAQPA==,Sandy,0,NA,0,0
50,pSm9/Ln1SkmFKYFBguo5Xi3MxSAQPA==,Sandy,0,M,0,1
50,pSm9/Ln1SkmFKYFBguo5Xi3MxSAQPA==,Sandy,0,NA,0,0
20,pSm9/Ln1SkmFKYFBguo5Xi3MxSAQPA==,Sandy,0,NA,0,0
100,pSm9/Ln1SkmFKYFBguo5Xi3MxSAQPA==,Sandy,0,F,0,0
50,pSm9/Ln1SkmFKYFBguo5Xi3MxSAQPA==,Sandy,0,M,0,0
20,pSm9/Ln1SkmFKYFBguo5Xi3MxSAQPA==,Sandy,0,M,0,0
100,pSm9/Ln1SkmFKYFBguo5Xi3MxSAQPA==,Sandy,0,F,0,0
20,pSm9/Ln1SkmFKYFBguo5Xi3MxSAQPA==,Sandy,1,NA,0,0
50,pSm9/Ln1SkmFKYFBguo5Xi3MxSAQPA==,Sandy,0,NA,0,0
25,pSm9/Ln1SkmFKYFBguo5Xi3MxSAQPA==,Sandy,0,M,0,0
100,pSm9/Ln1SkmFKYFBguo5Xi3MxSAQPA==,Sandy,0,F,0,0
20,pSm9/Ln1SkmFKYFBguo5Xi3MxSAQPA==,Sandy,0,F,0,0
20,pSm9/Ln1SkmFKYFBguo5Xi3MxSAQPA==,Sandy,1,NA,0,0
50,pSm9/Ln1SkmFKYFBguo5Xi3MxSAQPA==,Sandy,0,M,0,0
15,pSm9/Ln1SkmFKYFBguo5Xi3MxSAQPA==,Sandy,0,F,0,0
15,pSm9/Ln1SkmFKYFBguo5Xi3MxSAQPA==,Sandy,0,F,0,0
20,pSm9/Ln1SkmFKYFBguo5Xi3MxSAQPA==,Sandy,0,F,0,0
250,pSm9/Ln1SkmFKYFBguo5Xi3MxSAQPA==,Sandy,0,M,0,0
20,pSm9/Ln1SkmFKYFBguo5Xi3MxSAQPA==,Sandy,0,M,0,0
50,pSm9/Ln1SkmFKYFBguo5Xi3MxSAQPA==,Sandy,0,F,0,0
20,pSm9/Ln1SkmFKYFBguo5Xi3MxSAQPA==,Sandy,0,F,0,1
25,pSm9/Ln1SkmFKYFBguo5Xi3MxSAQPA==,Sandy,0,F,0,0
30,pSm9/Ln1SkmFKYFBguo5Xi3MxSAQPA==,Sandy,0,F,0,0
100,pSm9/Ln1SkmFKYFBguo5Xi3MxSAQPA==,Sandy,0,F,0,0
50,pSm9/Ln1SkmFKYFBguo5Xi3MxSAQPA==,Sandy,1,NA,0,0
100,pSm9/Ln1SkmFKYFBguo5Xi3MxSAQPA==,Sandy,0,NA,0,0
5,pSm9/Ln1SkmFKYFBguo5Xi3MxSAQPA==,Sandy,0,M,0,0
100,pSm9/Ln1SkmFKYFBguo5Xi3MxSAQPA==,Sandy,0,M,0,0
50,pSm9/Ln1SkmFKYFBguo5Xi3MxSAQPA==,Sandy,1,NA,0,0
100,pSm9/Ln1SkmFKYFBguo5Xi3MxSAQPA==,Sandy,0,M,0,0
30,pSm9/Ln1SkmFKYFBguo5Xi3MxSAQPA==,Sandy,0,F,0,0
30,pSm9/Ln1SkmFKYFBguo5Xi3MxSAQPA==,Sandy,0,M,0,0
100,pSm9/Ln1SkmFKYFBguo5Xi3MxSAQPA==,Sandy,0,F,0,0
100,pSm9/Ln1SkmFKYFBguo5Xi3MxSAQPA==,Sandy,0,M,0,0
100,pSm9/Ln1SkmFKYFBguo5Xi3MxSAQPA==,Sandy,0,M,0,0
100,pSm9/Ln1SkmFKYFBguo5Xi3MxSAQPA==,Sandy,0,M,0,0
60,pSm9/Ln1SkmFKYFBguo5Xi3MxSAQPA==,Sandy,0,F,0,0
100,pSm9/Ln1SkmFKYFBguo5Xi3MxSAQPA==,Sandy,0,M,0,0
100,pSm9/Ln1SkmFKYFBguo5Xi3MxSAQPA==,Sandy,0,M,0,0
100,pSm9/Ln1SkmFKYFBguo5Xi3MxSAQPA==,Sandy,1,NA,0,0
25,pSm9/Ln1SkmFKYFBguo5Xi3MxSAQPA==,Sandy,1,NA,0,0
30,pSm9/Ln1SkmFKYFBguo5Xi3MxSAQPA==,Sandy,0,F,0,1
100,pSm9/Ln1SkmFKYFBguo5Xi3MxSAQPA==,Sandy,0,F,0,0
100,pSm9/Ln1SkmFKYFBguo5Xi3MxSAQPA==,Sandy,0,F,0,0
500,pSm9/Ln1SkmFKYFBguo5Xi3MxSAQPA==,Sandy,1,NA,0,0
50,pSm9/Ln1SkmFKYFBguo5Xi3MxSAQPA==,Sandy,0,M,0,0
50,pSm9/Ln1SkmFKYFBguo5Xi3MxSAQPA==,Sandy,0,F,0,1
200,pSm9/Ln1SkmFKYFBguo5Xi3MxSAQPA==,Sandy,0,NA,0,0
50,pSm9/Ln1SkmFKYFBguo5Xi3MxSAQPA==,Sandy,0,F,0,0
25,pSm9/Ln1SkmFKYFBguo5Xi3MxSAQPA==,Sandy,0,F,0,0
40,pSm9/Ln1SkmFKYFBguo5Xi3MxSAQPA==,Sandy,0,NA,0,0
200,pSm9/Ln1SkmFKYFBguo5Xi3MxSAQPA==,Sandy,0,F,0,1
50,pSm9/Ln1SkmFKYFBguo5Xi3MxSAQPA==,Sandy,1,NA,0,0
20,pSm9/Ln1SkmFKYFBguo5Xi3MxSAQPA==,Sandy,0,F,0,0
50,pSm9/Ln1SkmFKYFBguo5Xi3MxSAQPA==,Sandy,0,NA,0,0
50,pSm9/Ln1SkmFKYFBguo5Xi3MxSAQPA==,Sandy,0,F,0,0
100,pSm9/Ln1SkmFKYFBguo5Xi3MxSAQPA==,Sandy,0,F,0,0
150,pSm9/Ln1SkmFKYFBguo5Xi3MxSAQPA==,Sandy,0,M,0,0
40,pSm9/Ln1SkmFKYFBguo5Xi3MxSAQPA==,Sandy,0,M,0,0
100,pSm9/Ln1SkmFKYFBguo5Xi3MxSAQPA==,Sandy,0,M,0,0
25,pSm9/Ln1SkmFKYFBguo5Xi3MxSAQPA==,Sandy,0,NA,0,0
10,pSm9/Ln1SkmFKYFBguo5Xi3MxSAQPA==,Sandy,0,F,0,0
25,pSm9/Ln1SkmFKYFBguo5Xi3MxSAQPA==,Sandy,0,F,0,0
100,cohQkAA5MYDoBmVp1zvZeC3My3wUbw==,Sandy,1,NA,0,0
25,cohQkAA5MYDoBmVp1zvZeC3My3wUbw==,Sandy,0,F,0,0
50,cohQkAA5MYDoBmVp1zvZeC3My3wUbw==,Sandy,0,NA,0,0
50,cohQkAA5MYDoBmVp1zvZeC3My3wUbw==,Sandy,0,F,0,0
100,cohQkAA5MYDoBmVp1zvZeC3My3wUbw==,Sandy,1,NA,0,0
33,cohQkAA5MYDoBmVp1zvZeC3My3wUbw==,Sandy,0,M,0,0
150,cohQkAA5MYDoBmVp1zvZeC3My3wUbw==,Sandy,0,M,0,0
100,cohQkAA5MYDoBmVp1zvZeC3My3wUbw==,Sandy,1,NA,0,0
100,cohQkAA5MYDoBmVp1zvZeC3My3wUbw==,Sandy,1,NA,0,0
1000,cohQkAA5MYDoBmVp1zvZeC3My3wUbw==,Sandy,0,M,0,0
100,cohQkAA5MYDoBmVp1zvZeC3My3wUbw==,Sandy,0,NA,0,1
50,cohQkAA5MYDoBmVp1zvZeC3My3wUbw==,Sandy,0,M,0,0
50,cohQkAA5MYDoBmVp1zvZeC3My3wUbw==,Sandy,1,NA,0,0
100,cohQkAA5MYDoBmVp1zvZeC3My3wUbw==,Sandy,0,M,0,0
400,cohQkAA5MYDoBmVp1zvZeC3My3wUbw==,Sandy,1,NA,0,0
25,cohQkAA5MYDoBmVp1zvZeC3My3wUbw==,Sandy,1,NA,0,0
25,cohQkAA5MYDoBmVp1zvZeC3My3wUbw==,Sandy,1,NA,0,0
100,cohQkAA5MYDoBmVp1zvZeC3My3wUbw==,Sandy,0,F,0,0
25,cohQkAA5MYDoBmVp1zvZeC3My3wUbw==,Sandy,0,NA,0,0
350,cohQkAA5MYDoBmVp1zvZeC3My3wUbw==,Sandy,0,M,0,0
100,cohQkAA5MYDoBmVp1zvZeC3My3wUbw==,Sandy,0,M,0,0
25,cohQkAA5MYDoBmVp1zvZeC3My3wUbw==,Sandy,0,M,0,0
50,cohQkAA5MYDoBmVp1zvZeC3My3wUbw==,Sandy,1,NA,0,0
100,cohQkAA5MYDoBmVp1zvZeC3My3wUbw==,Sandy,0,F,0,0
100,cohQkAA5MYDoBmVp1zvZeC3My3wUbw==,Sandy,0,M,0,0
100,cohQkAA5MYDoBmVp1zvZeC3My3wUbw==,Sandy,0,M,0,0
100,cohQkAA5MYDoBmVp1zvZeC3My3wUbw==,Sandy,0,M,0,0
50,cohQkAA5MYDoBmVp1zvZeC3My3wUbw==,Sandy,0,M,0,0
50,cohQkAA5MYDoBmVp1zvZeC3My3wUbw==,Sandy,0,M,0,0
25,cohQkAA5MYDoBmVp1zvZeC3My3wUbw==,Sandy,0,M,0,0
50,cohQkAA5MYDoBmVp1zvZeC3My3wUbw==,Sandy,0,M,0,0
100,cohQkAA5MYDoBmVp1zvZeC3My3wUbw==,Sandy,1,NA,0,0
25,cohQkAA5MYDoBmVp1zvZeC3My3wUbw==,Sandy,1,NA,0,0
200,cohQkAA5MYDoBmVp1zvZeC3My3wUbw==,Sandy,0,M,0,0
50,cohQkAA5MYDoBmVp1zvZeC3My3wUbw==,Sandy,0,NA,0,0
150,cohQkAA5MYDoBmVp1zvZeC3My3wUbw==,Sandy,0,M,0,0
300,cohQkAA5MYDoBmVp1zvZeC3My3wUbw==,Sandy,0,M,0,0
100,cohQkAA5MYDoBmVp1zvZeC3My3wUbw==,Sandy,0,M,0,0
200,cohQkAA5MYDoBmVp1zvZeC3My3wUbw==,Sandy,0,M,0,0
100,cohQkAA5MYDoBmVp1zvZeC3My3wUbw==,Sandy,0,M,0,0
100,cohQkAA5MYDoBmVp1zvZeC3My3wUbw==,Sandy,0,M,0,0
100,cohQkAA5MYDoBmVp1zvZeC3My3wUbw==,Sandy,1,NA,0,0
500,cohQkAA5MYDoBmVp1zvZeC3My3wUbw==,Sandy,1,NA,0,0
100,cohQkAA5MYDoBmVp1zvZeC3My3wUbw==,Sandy,0,M,0,0
100,cohQkAA5MYDoBmVp1zvZeC3My3wUbw==,Sandy,0,M,0,1
200,cohQkAA5MYDoBmVp1zvZeC3My3wUbw==,Sandy,0,M,0,0
500,cohQkAA5MYDoBmVp1zvZeC3My3wUbw==,Sandy,0,M,0,0
50,cohQkAA5MYDoBmVp1zvZeC3My3wUbw==,Sandy,0,M,0,0
100,cohQkAA5MYDoBmVp1zvZeC3My3wUbw==,Sandy,0,NA,0,0
100,cohQkAA5MYDoBmVp1zvZeC3My3wUbw==,Sandy,0,M,0,1
100,cohQkAA5MYDoBmVp1zvZeC3My3wUbw==,Sandy,0,F,0,0
100,cohQkAA5MYDoBmVp1zvZeC3My3wUbw==,Sandy,0,M,0,0
500,cohQkAA5MYDoBmVp1zvZeC3My3wUbw==,Sandy,0,M,1,0
25,cohQkAA5MYDoBmVp1zvZeC3My3wUbw==,Sandy,0,M,0,0
100,cohQkAA5MYDoBmVp1zvZeC3My3wUbw==,Sandy,0,M,0,0
50,cohQkAA5MYDoBmVp1zvZeC3My3wUbw==,Sandy,0,M,0,0
108,cohQkAA5MYDoBmVp1zvZeC3My3wUbw==,Sandy,0,M,0,0
500,cohQkAA5MYDoBmVp1zvZeC3My3wUbw==,Sandy,0,M,0,0
50,cohQkAA5MYDoBmVp1zvZeC3My3wUbw==,Sandy,0,M,0,1
100,cohQkAA5MYDoBmVp1zvZeC3My3wUbw==,Sandy,0,F,0,1
100,cohQkAA5MYDoBmVp1zvZeC3My3wUbw==,Sandy,0,M,0,0
100,cohQkAA5MYDoBmVp1zvZeC3My3wUbw==,Sandy,0,NA,0,0
50,cohQkAA5MYDoBmVp1zvZeC3My3wUbw==,Sandy,0,M,0,0
50,cohQkAA5MYDoBmVp1zvZeC3My3wUbw==,Sandy,0,M,0,0
25,cohQkAA5MYDoBmVp1zvZeC3My3wUbw==,Sandy,0,F,0,0
50,cohQkAA5MYDoBmVp1zvZeC3My3wUbw==,Sandy,0,M,0,1
50,cohQkAA5MYDoBmVp1zvZeC3My3wUbw==,Sandy,0,M,0,0
1000,cohQkAA5MYDoBmVp1zvZeC3My3wUbw==,Sandy,1,NA,0,0
500,cohQkAA5MYDoBmVp1zvZeC3My3wUbw==,Sandy,0,M,0,1
50,cohQkAA5MYDoBmVp1zvZeC3My3wUbw==,Sandy,0,F,0,0
50,cohQkAA5MYDoBmVp1zvZeC3My3wUbw==,Sandy,0,F,0,1
50,cohQkAA5MYDoBmVp1zvZeC3My3wUbw==,Sandy,0,F,0,0
50,cohQkAA5MYDoBmVp1zvZeC3My3wUbw==,Sandy,0,F,0,0
50,cohQkAA5MYDoBmVp1zvZeC3My3wUbw==,Sandy,0,F,0,0
100,cohQkAA5MYDoBmVp1zvZeC3My3wUbw==,Sandy,0,M,0,0
150,cohQkAA5MYDoBmVp1zvZeC3My3wUbw==,Sandy,1,NA,0,0
100,cohQkAA5MYDoBmVp1zvZeC3My3wUbw==,Sandy,0,M,0,0
50,cohQkAA5MYDoBmVp1zvZeC3My3wUbw==,Sandy,0,M,0,0
100,cohQkAA5MYDoBmVp1zvZeC3My3wUbw==,Sandy,0,M,0,0
50,cohQkAA5MYDoBmVp1zvZeC3My3wUbw==,Sandy,0,M,0,0
50,cohQkAA5MYDoBmVp1zvZeC3My3wUbw==,Sandy,0,F,0,0
100,cohQkAA5MYDoBmVp1zvZeC3My3wUbw==,Sandy,0,M,0,0
100,cohQkAA5MYDoBmVp1zvZeC3My3wUbw==,Sandy,0,M,0,0
1000,cohQkAA5MYDoBmVp1zvZeC3My3wUbw==,Sandy,0,M,0,1
100,cohQkAA5MYDoBmVp1zvZeC3My3wUbw==,Sandy,0,M,0,1
200,cohQkAA5MYDoBmVp1zvZeC3My3wUbw==,Sandy,0,M,0,0
50,cohQkAA5MYDoBmVp1zvZeC3My3wUbw==,Sandy,0,M,0,0
25,cohQkAA5MYDoBmVp1zvZeC3My3wUbw==,Sandy,0,F,0,1
100,cohQkAA5MYDoBmVp1zvZeC3My3wUbw==,Sandy,0,M,0,0
100,cohQkAA5MYDoBmVp1zvZeC3My3wUbw==,Sandy,0,NA,0,0
50,cohQkAA5MYDoBmVp1zvZeC3My3wUbw==,Sandy,0,M,0,1
25,cohQkAA5MYDoBmVp1zvZeC3My3wUbw==,Sandy,0,F,0,0
200,cohQkAA5MYDoBmVp1zvZeC3My3wUbw==,Sandy,0,M,0,0
100,cohQkAA5MYDoBmVp1zvZeC3My3wUbw==,Sandy,0,M,0,0
100,cohQkAA5MYDoBmVp1zvZeC3My3wUbw==,Sandy,0,F,0,1
500,cohQkAA5MYDoBmVp1zvZeC3My3wUbw==,Sandy,0,M,0,0
50,cohQkAA5MYDoBmVp1zvZeC3My3wUbw==,Sandy,0,NA,0,0
50,cohQkAA5MYDoBmVp1zvZeC3My3wUbw==,Sandy,0,M,0,1
200,cohQkAA5MYDoBmVp1zvZeC3My3wUbw==,Sandy,0,M,0,0
100,cohQkAA5MYDoBmVp1zvZeC3My3wUbw==,Sandy,0,M,0,0
25,cohQkAA5MYDoBmVp1zvZeC3My3wUbw==,Sandy,1,NA,0,0
200,cohQkAA5MYDoBmVp1zvZeC3My3wUbw==,Sandy,0,NA,0,0
50,cohQkAA5MYDoBmVp1zvZeC3My3wUbw==,Sandy,1,NA,0,0
100,cohQkAA5MYDoBmVp1zvZeC3My3wUbw==,Sandy,0,F,0,0
51,cohQkAA5MYDoBmVp1zvZeC3My3wUbw==,Sandy,0,NA,0,0
100,cohQkAA5MYDoBmVp1zvZeC3My3wUbw==,Sandy,0,M,0,0
100,cohQkAA5MYDoBmVp1zvZeC3My3wUbw==,Sandy,0,F,0,0
300,cohQkAA5MYDoBmVp1zvZeC3My3wUbw==,Sandy,0,M,1,1
100,cohQkAA5MYDoBmVp1zvZeC3My3wUbw==,Sandy,0,F,0,0
3200,I3LrpsLdCAs+z9/XGa92PS3MyXVMbw==,Sandy,0,NA,0,0
500,I3LrpsLdCAs+z9/XGa92PS3MyXVMbw==,Sandy,0,M,0,0
50,I3LrpsLdCAs+z9/XGa92PS3MyXVMbw==,Sandy,0,F,0,0
5,I3LrpsLdCAs+z9/XGa92PS3MyXVMbw==,Sandy,1,NA,0,0
25,I3LrpsLdCAs+z9/XGa92PS3MyXVMbw==,Sandy,0,F,0,0
30,I3LrpsLdCAs+z9/XGa92PS3MyXVMbw==,Sandy,0,NA,0,0
100,fcAS4kxfPaybYMHTDCr1JC3MyC4aKA==,Sandy,0,F,0,0
50,fcAS4kxfPaybYMHTDCr1JC3MyC4aKA==,Sandy,0,M,0,0
100,fcAS4kxfPaybYMHTDCr1JC3MyC4aKA==,Sandy,1,NA,0,0
100,fcAS4kxfPaybYMHTDCr1JC3MyC4aKA==,Sandy,1,NA,0,0
25,fcAS4kxfPaybYMHTDCr1JC3MyC4aKA==,Sandy,1,NA,0,0
30,fcAS4kxfPaybYMHTDCr1JC3MyC4aKA==,Sandy,0,NA,0,0
100,fcAS4kxfPaybYMHTDCr1JC3MyC4aKA==,Sandy,0,M,0,0
100,fcAS4kxfPaybYMHTDCr1JC3MyC4aKA==,Sandy,0,NA,0,0
25,fcAS4kxfPaybYMHTDCr1JC3MyC4aKA==,Sandy,1,NA,0,0
100,fcAS4kxfPaybYMHTDCr1JC3MyC4aKA==,Sandy,1,NA,0,0
25,fcAS4kxfPaybYMHTDCr1JC3MyC4aKA==,Sandy,1,NA,0,0
150,fcAS4kxfPaybYMHTDCr1JC3MyC4aKA==,Sandy,0,F,0,0
50,fcAS4kxfPaybYMHTDCr1JC3MyC4aKA==,Sandy,0,M,0,0
50,fcAS4kxfPaybYMHTDCr1JC3MyC4aKA==,Sandy,1,NA,0,0
1000,fcAS4kxfPaybYMHTDCr1JC3MyC4aKA==,Sandy,1,NA,0,0
100,fcAS4kxfPaybYMHTDCr1JC3MyC4aKA==,Sandy,0,F,0,0
20,fcAS4kxfPaybYMHTDCr1JC3MyC4aKA==,Sandy,0,M,0,0
20,fcAS4kxfPaybYMHTDCr1JC3MyC4aKA==,Sandy,0,NA,0,0
20,fcAS4kxfPaybYMHTDCr1JC3MyC4aKA==,Sandy,0,F,0,0
100,fcAS4kxfPaybYMHTDCr1JC3MyC4aKA==,Sandy,0,M,0,0
25,fcAS4kxfPaybYMHTDCr1JC3MyC4aKA==,Sandy,0,NA,0,0
25,fcAS4kxfPaybYMHTDCr1JC3MyC4aKA==,Sandy,0,F,0,0
25,fcAS4kxfPaybYMHTDCr1JC3MyC4aKA==,Sandy,1,NA,0,0
50,fcAS4kxfPaybYMHTDCr1JC3MyC4aKA==,Sandy,0,M,0,0
50,fcAS4kxfPaybYMHTDCr1JC3MyC4aKA==,Sandy,1,NA,0,0
50,fcAS4kxfPaybYMHTDCr1JC3MyC4aKA==,Sandy,0,F,0,0
20,fcAS4kxfPaybYMHTDCr1JC3MyC4aKA==,Sandy,1,NA,0,0
20,fcAS4kxfPaybYMHTDCr1JC3MyC4aKA==,Sandy,0,F,0,0
20,fcAS4kxfPaybYMHTDCr1JC3MyC4aKA==,Sandy,0,NA,0,0
100,fcAS4kxfPaybYMHTDCr1JC3MyC4aKA==,Sandy,0,M,0,0
100,fcAS4kxfPaybYMHTDCr1JC3MyC4aKA==,Sandy,0,F,0,0
150,fcAS4kxfPaybYMHTDCr1JC3MyC4aKA==,Sandy,1,NA,0,0
100,fcAS4kxfPaybYMHTDCr1JC3MyC4aKA==,Sandy,0,NA,0,0
20,fcAS4kxfPaybYMHTDCr1JC3MyC4aKA==,Sandy,0,F,0,0
500,fcAS4kxfPaybYMHTDCr1JC3MyC4aKA==,Sandy,0,NA,0,0
20,fcAS4kxfPaybYMHTDCr1JC3MyC4aKA==,Sandy,0,M,0,0
100,fcAS4kxfPaybYMHTDCr1JC3MyC4aKA==,Sandy,0,M,0,0
100,fcAS4kxfPaybYMHTDCr1JC3MyC4aKA==,Sandy,1,NA,0,0
300,fcAS4kxfPaybYMHTDCr1JC3MyC4aKA==,Sandy,1,NA,0,0
300,fcAS4kxfPaybYMHTDCr1JC3MyC4aKA==,Sandy,0,M,0,0
20,fcAS4kxfPaybYMHTDCr1JC3MyC4aKA==,Sandy,1,NA,0,0
15,fcAS4kxfPaybYMHTDCr1JC3MyC4aKA==,Sandy,1,NA,0,0
500,fcAS4kxfPaybYMHTDCr1JC3MyC4aKA==,Sandy,0,NA,0,0
500,fcAS4kxfPaybYMHTDCr1JC3MyC4aKA==,Sandy,0,M,0,0
25,fcAS4kxfPaybYMHTDCr1JC3MyC4aKA==,Sandy,0,F,0,0
100,fcAS4kxfPaybYMHTDCr1JC3MyC4aKA==,Sandy,1,NA,0,0
25,fcAS4kxfPaybYMHTDCr1JC3MyC4aKA==,Sandy,1,NA,0,0
50,fcAS4kxfPaybYMHTDCr1JC3MyC4aKA==,Sandy,1,NA,0,0
3700,fcAS4kxfPaybYMHTDCr1JC3MyC4aKA==,Sandy,1,NA,0,0
25,fcAS4kxfPaybYMHTDCr1JC3MyC4aKA==,Sandy,1,NA,0,0
25,fcAS4kxfPaybYMHTDCr1JC3MyC4aKA==,Sandy,1,NA,0,0
100,fcAS4kxfPaybYMHTDCr1JC3MyC4aKA==,Sandy,0,F,0,0
50,fcAS4kxfPaybYMHTDCr1JC3MyC4aKA==,Sandy,0,NA,0,0
30,fcAS4kxfPaybYMHTDCr1JC3MyC4aKA==,Sandy,0,NA,0,0
25,fcAS4kxfPaybYMHTDCr1JC3MyC4aKA==,Sandy,0,F,0,0
100,fcAS4kxfPaybYMHTDCr1JC3MyC4aKA==,Sandy,1,NA,0,0
20,fcAS4kxfPaybYMHTDCr1JC3MyC4aKA==,Sandy,1,NA,0,0
50,fcAS4kxfPaybYMHTDCr1JC3MyC4aKA==,Sandy,1,NA,0,0
20,fcAS4kxfPaybYMHTDCr1JC3MyC4aKA==,Sandy,0,NA,0,0
100,fcAS4kxfPaybYMHTDCr1JC3MyC4aKA==,Sandy,0,F,0,0
10,fcAS4kxfPaybYMHTDCr1JC3MyC4aKA==,Sandy,1,NA,0,0
10,fcAS4kxfPaybYMHTDCr1JC3MyC4aKA==,Sandy,0,NA,0,0
100,fcAS4kxfPaybYMHTDCr1JC3MyC4aKA==,Sandy,0,M,0,0
100,fcAS4kxfPaybYMHTDCr1JC3MyC4aKA==,Sandy,0,F,0,0
25,fcAS4kxfPaybYMHTDCr1JC3MyC4aKA==,Sandy,0,M,0,0
20,fcAS4kxfPaybYMHTDCr1JC3MyC4aKA==,Sandy,1,NA,0,0
100,fcAS4kxfPaybYMHTDCr1JC3MyC4aKA==,Sandy,0,NA,0,0
10,fcAS4kxfPaybYMHTDCr1JC3MyC4aKA==,Sandy,1,NA,0,0
100,fcAS4kxfPaybYMHTDCr1JC3MyC4aKA==,Sandy,0,NA,0,0
100,fcAS4kxfPaybYMHTDCr1JC3MyC4aKA==,Sandy,0,NA,0,0
100,fcAS4kxfPaybYMHTDCr1JC3MyC4aKA==,Sandy,0,NA,0,0
100,fcAS4kxfPaybYMHTDCr1JC3MyC4aKA==,Sandy,0,F,0,0
300,fcAS4kxfPaybYMHTDCr1JC3MyC4aKA==,Sandy,0,NA,0,0
200,fcAS4kxfPaybYMHTDCr1JC3MyC4aKA==,Sandy,0,NA,0,0
500,fcAS4kxfPaybYMHTDCr1JC3MyC4aKA==,Sandy,0,NA,0,0
20,fcAS4kxfPaybYMHTDCr1JC3MyC4aKA==,Sandy,0,F,0,0
100,fcAS4kxfPaybYMHTDCr1JC3MyC4aKA==,Sandy,0,NA,0,0
200,fcAS4kxfPaybYMHTDCr1JC3MyC4aKA==,Sandy,0,NA,0,0
100,fcAS4kxfPaybYMHTDCr1JC3MyC4aKA==,Sandy,1,NA,0,0
200,fcAS4kxfPaybYMHTDCr1JC3MyC4aKA==,Sandy,0,NA,0,0
20,fcAS4kxfPaybYMHTDCr1JC3MyC4aKA==,Sandy,1,NA,0,0
35,fcAS4kxfPaybYMHTDCr1JC3MyC4aKA==,Sandy,1,NA,0,0
500,fcAS4kxfPaybYMHTDCr1JC3MyC4aKA==,Sandy,1,NA,0,0
50,fcAS4kxfPaybYMHTDCr1JC3MyC4aKA==,Sandy,1,NA,0,0
100,fcAS4kxfPaybYMHTDCr1JC3MyC4aKA==,Sandy,0,M,0,0
50,fcAS4kxfPaybYMHTDCr1JC3MyC4aKA==,Sandy,0,NA,0,0
100,fcAS4kxfPaybYMHTDCr1JC3MyC4aKA==,Sandy,1,NA,0,0
200,fcAS4kxfPaybYMHTDCr1JC3MyC4aKA==,Sandy,0,NA,0,0
550,fcAS4kxfPaybYMHTDCr1JC3MyC4aKA==,Sandy,0,F,0,0
100,fcAS4kxfPaybYMHTDCr1JC3MyC4aKA==,Sandy,0,M,0,0
100,fcAS4kxfPaybYMHTDCr1JC3MyC4aKA==,Sandy,0,F,0,0
500,fcAS4kxfPaybYMHTDCr1JC3MyC4aKA==,Sandy,0,NA,0,0
10,fcAS4kxfPaybYMHTDCr1JC3MyC4aKA==,Sandy,1,NA,0,0
300,fcAS4kxfPaybYMHTDCr1JC3MyC4aKA==,Sandy,1,NA,0,0
1000,fcAS4kxfPaybYMHTDCr1JC3MyC4aKA==,Sandy,0,NA,0,0
200,fcAS4kxfPaybYMHTDCr1JC3MyC4aKA==,Sandy,0,M,0,0
25,fcAS4kxfPaybYMHTDCr1JC3MyC4aKA==,Sandy,0,F,0,0
36,fcAS4kxfPaybYMHTDCr1JC3MyC4aKA==,Sandy,0,F,0,1
30,fcAS4kxfPaybYMHTDCr1JC3MyC4aKA==,Sandy,0,M,0,0
50,fcAS4kxfPaybYMHTDCr1JC3MyC4aKA==,Sandy,0,M,0,0
200,fcAS4kxfPaybYMHTDCr1JC3MyC4aKA==,Sandy,0,M,0,0
200,fcAS4kxfPaybYMHTDCr1JC3MyC4aKA==,Sandy,1,NA,0,0
100,fcAS4kxfPaybYMHTDCr1JC3MyC4aKA==,Sandy,0,F,0,0
10,oysga9CfH8qjTtTyJ+XCZi3MyHQdaw==,Sandy,0,F,0,0
100,oysga9CfH8qjTtTyJ+XCZi3MyHQdaw==,Sandy,0,F,0,1
250,oysga9CfH8qjTtTyJ+XCZi3MyHQdaw==,Sandy,0,F,0,0
250,oysga9CfH8qjTtTyJ+XCZi3MyHQdaw==,Sandy,0,NA,0,0
2000,zqKMYul7IyniTcP5EQ/AIC3Mz38dLA==,Sandy,0,NA,0,0
150,zqKMYul7IyniTcP5EQ/AIC3Mz38dLA==,Sandy,0,F,0,0
200,zqKMYul7IyniTcP5EQ/AIC3Mz38dLA==,Sandy,0,F,0,1
20,zqKMYul7IyniTcP5EQ/AIC3Mz38dLA==,Sandy,0,NA,0,0
20,zqKMYul7IyniTcP5EQ/AIC3Mz38dLA==,Sandy,0,F,0,0
50,zqKMYul7IyniTcP5EQ/AIC3Mz38dLA==,Sandy,0,M,0,0
20,zqKMYul7IyniTcP5EQ/AIC3Mz38dLA==,Sandy,1,NA,0,0
25,zqKMYul7IyniTcP5EQ/AIC3Mz38dLA==,Sandy,0,F,0,0
20,zqKMYul7IyniTcP5EQ/AIC3Mz38dLA==,Sandy,0,F,0,0
20,zqKMYul7IyniTcP5EQ/AIC3Mz38dLA==,Sandy,0,F,0,0
20,zqKMYul7IyniTcP5EQ/AIC3Mz38dLA==,Sandy,1,NA,0,0
100,zqKMYul7IyniTcP5EQ/AIC3Mz38dLA==,Sandy,0,M,0,0
100,zqKMYul7IyniTcP5EQ/AIC3Mz38dLA==,Sandy,0,F,0,0
50,zqKMYul7IyniTcP5EQ/AIC3Mz38dLA==,Sandy,0,F,0,0
100,zqKMYul7IyniTcP5EQ/AIC3Mz38dLA==,Sandy,0,F,0,0
150,zqKMYul7IyniTcP5EQ/AIC3Mz38dLA==,Sandy,0,NA,0,0
20,zqKMYul7IyniTcP5EQ/AIC3Mz38dLA==,Sandy,1,NA,0,0
50,zqKMYul7IyniTcP5EQ/AIC3Mz38dLA==,Sandy,1,NA,0,0
100,zqKMYul7IyniTcP5EQ/AIC3Mz38dLA==,Sandy,0,F,0,0
100,zqKMYul7IyniTcP5EQ/AIC3Mz38dLA==,Sandy,0,F,0,0
150,zqKMYul7IyniTcP5EQ/AIC3Mz38dLA==,Sandy,0,F,0,0
500,zqKMYul7IyniTcP5EQ/AIC3Mz38dLA==,Sandy,0,M,0,0
100,zqKMYul7IyniTcP5EQ/AIC3Mz38dLA==,Sandy,0,NA,0,0
20,zqKMYul7IyniTcP5EQ/AIC3Mz38dLA==,Sandy,0,F,0,0
25,zqKMYul7IyniTcP5EQ/AIC3Mz38dLA==,Sandy,0,M,0,0
25,zqKMYul7IyniTcP5EQ/AIC3Mz38dLA==,Sandy,0,M,0,0
400,zqKMYul7IyniTcP5EQ/AIC3Mz38dLA==,Sandy,0,NA,0,0
250,zqKMYul7IyniTcP5EQ/AIC3Mz38dLA==,Sandy,0,M,0,0
50,zqKMYul7IyniTcP5EQ/AIC3Mz38dLA==,Sandy,0,NA,0,0
100,zqKMYul7IyniTcP5EQ/AIC3Mz38dLA==,Sandy,0,NA,0,0
25,zqKMYul7IyniTcP5EQ/AIC3Mz38dLA==,Sandy,0,F,0,0
200,zqKMYul7IyniTcP5EQ/AIC3Mz38dLA==,Sandy,0,M,0,0
100,zqKMYul7IyniTcP5EQ/AIC3Mz38dLA==,Sandy,0,NA,0,1
50,zqKMYul7IyniTcP5EQ/AIC3Mz38dLA==,Sandy,1,NA,0,0
50,zqKMYul7IyniTcP5EQ/AIC3Mz38dLA==,Sandy,0,NA,0,0
30,zqKMYul7IyniTcP5EQ/AIC3Mz38dLA==,Sandy,0,F,0,0
100,zqKMYul7IyniTcP5EQ/AIC3Mz38dLA==,Sandy,0,F,0,0
500,zqKMYul7IyniTcP5EQ/AIC3Mz38dLA==,Sandy,0,NA,0,0
100,zqKMYul7IyniTcP5EQ/AIC3Mz38dLA==,Sandy,0,M,0,0
100,zqKMYul7IyniTcP5EQ/AIC3Mz38dLA==,Sandy,0,F,0,1
20,zqKMYul7IyniTcP5EQ/AIC3Mz38dLA==,Sandy,0,M,0,0
25,zqKMYul7IyniTcP5EQ/AIC3Mz38dLA==,Sandy,0,F,0,0
50,zqKMYul7IyniTcP5EQ/AIC3Mz38dLA==,Sandy,0,M,0,0
200,zqKMYul7IyniTcP5EQ/AIC3Mz38dLA==,Sandy,0,NA,0,0
50,zqKMYul7IyniTcP5EQ/AIC3Mz38dLA==,Sandy,0,F,0,0
20,zqKMYul7IyniTcP5EQ/AIC3Mz38dLA==,Sandy,0,F,0,1
150,zqKMYul7IyniTcP5EQ/AIC3Mz38dLA==,Sandy,0,NA,0,1
1000,zqKMYul7IyniTcP5EQ/AIC3Mz38dLA==,Sandy,0,NA,0,1
25,zqKMYul7IyniTcP5EQ/AIC3Mz38dLA==,Sandy,0,NA,0,0
20,zqKMYul7IyniTcP5EQ/AIC3Mz38dLA==,Sandy,1,NA,0,0
100,zqKMYul7IyniTcP5EQ/AIC3Mz38dLA==,Sandy,0,M,0,0
250,zqKMYul7IyniTcP5EQ/AIC3Mz38dLA==,Sandy,0,NA,0,0
250,zqKMYul7IyniTcP5EQ/AIC3Mz38dLA==,Sandy,0,M,0,0
250,zqKMYul7IyniTcP5EQ/AIC3Mz38dLA==,Sandy,0,NA,0,0
100,zqKMYul7IyniTcP5EQ/AIC3Mz38dLA==,Sandy,1,NA,0,0
20,zqKMYul7IyniTcP5EQ/AIC3Mz38dLA==,Sandy,0,F,0,0
200,zqKMYul7IyniTcP5EQ/AIC3Mz38dLA==,Sandy,0,M,0,0
20,zqKMYul7IyniTcP5EQ/AIC3Mz38dLA==,Sandy,0,F,0,0
25,zqKMYul7IyniTcP5EQ/AIC3Mz38dLA==,Sandy,0,F,0,0
100,zqKMYul7IyniTcP5EQ/AIC3Mz38dLA==,Sandy,0,NA,0,0
5,zqKMYul7IyniTcP5EQ/AIC3Mz38dLA==,Sandy,1,NA,0,0
200,zqKMYul7IyniTcP5EQ/AIC3Mz38dLA==,Sandy,0,M,0,0
35,zqKMYul7IyniTcP5EQ/AIC3Mz38dLA==,Sandy,1,NA,0,0
100,zqKMYul7IyniTcP5EQ/AIC3Mz38dLA==,Sandy,0,NA,0,0
50,zqKMYul7IyniTcP5EQ/AIC3Mz38dLA==,Sandy,0,F,0,0
50,zqKMYul7IyniTcP5EQ/AIC3Mz38dLA==,Sandy,0,F,0,0
20,zqKMYul7IyniTcP5EQ/AIC3Mz38dLA==,Sandy,0,F,0,0
100,zqKMYul7IyniTcP5EQ/AIC3Mz38dLA==,Sandy,0,M,0,0
100,zqKMYul7IyniTcP5EQ/AIC3Mz38dLA==,Sandy,0,F,0,0
25,zqKMYul7IyniTcP5EQ/AIC3Mz38dLA==,Sandy,0,F,0,1
20,zqKMYul7IyniTcP5EQ/AIC3Mz38dLA==,Sandy,0,F,0,0
50,zqKMYul7IyniTcP5EQ/AIC3Mz38dLA==,Sandy,0,NA,0,0
20,zqKMYul7IyniTcP5EQ/AIC3Mz38dLA==,Sandy,0,F,0,0
50,zqKMYul7IyniTcP5EQ/AIC3Mz38dLA==,Sandy,0,F,0,1
50,zqKMYul7IyniTcP5EQ/AIC3Mz38dLA==,Sandy,0,M,0,0
50,zqKMYul7IyniTcP5EQ/AIC3Mz38dLA==,Sandy,0,F,0,1
20,zqKMYul7IyniTcP5EQ/AIC3Mz38dLA==,Sandy,0,F,0,0
25,zqKMYul7IyniTcP5EQ/AIC3Mz38dLA==,Sandy,0,F,0,0
50,zqKMYul7IyniTcP5EQ/AIC3Mz38dLA==,Sandy,0,F,0,0
40,zqKMYul7IyniTcP5EQ/AIC3Mz38dLA==,Sandy,0,F,0,0
25,zqKMYul7IyniTcP5EQ/AIC3Mz38dLA==,Sandy,0,M,0,0
20,zqKMYul7IyniTcP5EQ/AIC3Mz38dLA==,Sandy,0,NA,0,0
20,zqKMYul7IyniTcP5EQ/AIC3Mz38dLA==,Sandy,0,M,0,0
20,zqKMYul7IyniTcP5EQ/AIC3Mz38dLA==,Sandy,0,F,0,0
20,zqKMYul7IyniTcP5EQ/AIC3Mz38dLA==,Sandy,0,F,0,0
100,zqKMYul7IyniTcP5EQ/AIC3Mz38dLA==,Sandy,0,NA,0,0
20,zqKMYul7IyniTcP5EQ/AIC3Mz38dLA==,Sandy,0,F,0,0
50,zqKMYul7IyniTcP5EQ/AIC3Mz38dLA==,Sandy,0,F,0,0
300,zqKMYul7IyniTcP5EQ/AIC3Mz38dLA==,Sandy,0,NA,0,0
100,zqKMYul7IyniTcP5EQ/AIC3Mz38dLA==,Sandy,0,M,0,0
20,zqKMYul7IyniTcP5EQ/AIC3Mz38dLA==,Sandy,0,M,0,0
100,zqKMYul7IyniTcP5EQ/AIC3Mz38dLA==,Sandy,0,M,0,0
200,zqKMYul7IyniTcP5EQ/AIC3Mz38dLA==,Sandy,0,F,0,0
200,zqKMYul7IyniTcP5EQ/AIC3Mz38dLA==,Sandy,0,F,0,0
20,zqKMYul7IyniTcP5EQ/AIC3Mz38dLA==,Sandy,0,NA,0,0
100,zqKMYul7IyniTcP5EQ/AIC3Mz38dLA==,Sandy,0,F,0,0
100,zqKMYul7IyniTcP5EQ/AIC3Mz38dLA==,Sandy,0,F,0,0
50,zqKMYul7IyniTcP5EQ/AIC3Mz38dLA==,Sandy,0,F,0,0
100,zqKMYul7IyniTcP5EQ/AIC3Mz38dLA==,Sandy,0,NA,0,0
150,zqKMYul7IyniTcP5EQ/AIC3Mz38dLA==,Sandy,0,F,0,0
500,zqKMYul7IyniTcP5EQ/AIC3Mz38dLA==,Sandy,0,M,0,0
500,zqKMYul7IyniTcP5EQ/AIC3Mz38dLA==,Sandy,0,M,0,0
25,zqKMYul7IyniTcP5EQ/AIC3Mz38dLA==,Sandy,0,M,0,0
150,zqKMYul7IyniTcP5EQ/AIC3Mz38dLA==,Sandy,0,F,0,0
100,zqKMYul7IyniTcP5EQ/AIC3Mz38dLA==,Sandy,0,M,0,1
150,zqKMYul7IyniTcP5EQ/AIC3Mz38dLA==,Sandy,0,F,0,0
100,zqKMYul7IyniTcP5EQ/AIC3Mz38dLA==,Sandy,0,M,0,0
25,zqKMYul7IyniTcP5EQ/AIC3Mz38dLA==,Sandy,0,F,0,0
200,zqKMYul7IyniTcP5EQ/AIC3Mz38dLA==,Sandy,0,NA,0,0
100,zqKMYul7IyniTcP5EQ/AIC3Mz38dLA==,Sandy,0,F,0,0
25,zqKMYul7IyniTcP5EQ/AIC3Mz38dLA==,Sandy,1,NA,0,0
50,zqKMYul7IyniTcP5EQ/AIC3Mz38dLA==,Sandy,0,M,0,0
50,zqKMYul7IyniTcP5EQ/AIC3Mz38dLA==,Sandy,0,M,0,0
25,zqKMYul7IyniTcP5EQ/AIC3Mz38dLA==,Sandy,0,M,0,0
25,zqKMYul7IyniTcP5EQ/AIC3Mz38dLA==,Sandy,0,F,0,0
50,zqKMYul7IyniTcP5EQ/AIC3Mz38dLA==,Sandy,0,F,0,1
25,zqKMYul7IyniTcP5EQ/AIC3Mz38dLA==,Sandy,0,F,0,1
20,zqKMYul7IyniTcP5EQ/AIC3Mz38dLA==,Sandy,0,F,0,0
30,zqKMYul7IyniTcP5EQ/AIC3Mz38dLA==,Sandy,0,NA,0,0
100,zqKMYul7IyniTcP5EQ/AIC3Mz38dLA==,Sandy,0,NA,0,0
100,zqKMYul7IyniTcP5EQ/AIC3Mz38dLA==,Sandy,0,F,1,0
20,zqKMYul7IyniTcP5EQ/AIC3Mz38dLA==,Sandy,0,M,0,0
50,/x6Tn05J5/Lzg7lwzVtATC3M1y5NLA==,Sandy,0,M,0,0
10,/x6Tn05J5/Lzg7lwzVtATC3M1y5NLA==,Sandy,1,NA,0,0
25,/x6Tn05J5/Lzg7lwzVtATC3M1y5NLA==,Sandy,1,NA,0,0
20,/x6Tn05J5/Lzg7lwzVtATC3M1y5NLA==,Sandy,0,NA,0,0
20,/x6Tn05J5/Lzg7lwzVtATC3M1y5NLA==,Sandy,1,NA,0,0
50,/x6Tn05J5/Lzg7lwzVtATC3M1y5NLA==,Sandy,0,NA,0,0
20,/x6Tn05J5/Lzg7lwzVtATC3M1y5NLA==,Sandy,1,NA,0,0
40,/x6Tn05J5/Lzg7lwzVtATC3M1y5NLA==,Sandy,1,NA,0,0
50,/x6Tn05J5/Lzg7lwzVtATC3M1y5NLA==,Sandy,0,NA,0,0
50,/x6Tn05J5/Lzg7lwzVtATC3M1y5NLA==,Sandy,1,NA,0,0
20,/x6Tn05J5/Lzg7lwzVtATC3M1y5NLA==,Sandy,1,NA,0,0
25,/x6Tn05J5/Lzg7lwzVtATC3M1y5NLA==,Sandy,0,M,0,0
100,/x6Tn05J5/Lzg7lwzVtATC3M1y5NLA==,Sandy,0,F,0,0
30,/x6Tn05J5/Lzg7lwzVtATC3M1y5NLA==,Sandy,0,NA,0,0
100,/x6Tn05J5/Lzg7lwzVtATC3M1y5NLA==,Sandy,0,M,0,0
20,/x6Tn05J5/Lzg7lwzVtATC3M1y5NLA==,Sandy,0,F,0,0
25,/x6Tn05J5/Lzg7lwzVtATC3M1y5NLA==,Sandy,1,NA,0,0
50,/x6Tn05J5/Lzg7lwzVtATC3M1y5NLA==,Sandy,0,M,0,0
100,/x6Tn05J5/Lzg7lwzVtATC3M1y5NLA==,Sandy,0,M,0,0
30,/x6Tn05J5/Lzg7lwzVtATC3M1y5NLA==,Sandy,1,NA,0,0
20,/x6Tn05J5/Lzg7lwzVtATC3M1y5NLA==,Sandy,0,NA,0,0
20,/x6Tn05J5/Lzg7lwzVtATC3M1y5NLA==,Sandy,1,NA,0,0
80,/x6Tn05J5/Lzg7lwzVtATC3M1y5NLA==,Sandy,1,NA,0,0
100,/x6Tn05J5/Lzg7lwzVtATC3M1y5NLA==,Sandy,1,NA,0,0
200,/x6Tn05J5/Lzg7lwzVtATC3M1y5NLA==,Sandy,0,M,0,0
100,/x6Tn05J5/Lzg7lwzVtATC3M1y5NLA==,Sandy,0,F,1,0
30,/x6Tn05J5/Lzg7lwzVtATC3M1y5NLA==,Sandy,0,NA,0,0
25,/x6Tn05J5/Lzg7lwzVtATC3M1y5NLA==,Sandy,0,M,0,0
50,/x6Tn05J5/Lzg7lwzVtATC3M1y5NLA==,Sandy,0,NA,0,0
20,/x6Tn05J5/Lzg7lwzVtATC3M1y5NLA==,Sandy,0,NA,0,0
100,/x6Tn05J5/Lzg7lwzVtATC3M1y5NLA==,Sandy,0,M,0,0
20,/x6Tn05J5/Lzg7lwzVtATC3M1y5NLA==,Sandy,1,NA,0,0
100,/x6Tn05J5/Lzg7lwzVtATC3M1y5NLA==,Sandy,0,F,1,0
200,/x6Tn05J5/Lzg7lwzVtATC3M1y5NLA==,Sandy,0,M,1,0
20,P2ekFZE8Yurb1SYBuePu6C3M1XMKLA==,Sandy,0,F,0,0
50,P2ekFZE8Yurb1SYBuePu6C3M1XMKLA==,Sandy,0,M,0,0
50,P2ekFZE8Yurb1SYBuePu6C3M1XMKLA==,Sandy,0,F,0,0
100,P2ekFZE8Yurb1SYBuePu6C3M1XMKLA==,Sandy,0,M,0,0
25,P2ekFZE8Yurb1SYBuePu6C3M1XMKLA==,Sandy,1,NA,0,0
200,P2ekFZE8Yurb1SYBuePu6C3M1XMKLA==,Sandy,0,F,0,0
40,P2ekFZE8Yurb1SYBuePu6C3M1XMKLA==,Sandy,0,NA,0,0
50,P2ekFZE8Yurb1SYBuePu6C3M1XMKLA==,Sandy,0,F,0,0
100,P2ekFZE8Yurb1SYBuePu6C3M1XMKLA==,Sandy,0,NA,0,0
25,P2ekFZE8Yurb1SYBuePu6C3M1XMKLA==,Sandy,0,F,0,0
50,P2ekFZE8Yurb1SYBuePu6C3M1XMKLA==,Sandy,0,F,0,0
50,P2ekFZE8Yurb1SYBuePu6C3M1XMKLA==,Sandy,0,NA,0,0
40,P2ekFZE8Yurb1SYBuePu6C3M1XMKLA==,Sandy,0,F,0,0
20,P2ekFZE8Yurb1SYBuePu6C3M1XMKLA==,Sandy,0,F,0,0
200,P2ekFZE8Yurb1SYBuePu6C3M1XMKLA==,Sandy,0,F,1,0
100,qrOKhIFp2ozSdv767KyF5i3M22YBaw==,Sandy,0,F,0,0
100,qrOKhIFp2ozSdv767KyF5i3M22YBaw==,Sandy,0,NA,0,0
100,qrOKhIFp2ozSdv767KyF5i3M22YBaw==,Sandy,0,NA,0,0
100,qrOKhIFp2ozSdv767KyF5i3M22YBaw==,Sandy,0,F,0,0
1000,qrOKhIFp2ozSdv767KyF5i3M22YBaw==,Sandy,0,NA,0,0
5,qrOKhIFp2ozSdv767KyF5i3M22YBaw==,Sandy,0,NA,0,0
100,qrOKhIFp2ozSdv767KyF5i3M22YBaw==,Sandy,0,F,0,0
100,qrOKhIFp2ozSdv767KyF5i3M22YBaw==,Sandy,0,F,0,0
100,qrOKhIFp2ozSdv767KyF5i3M22YBaw==,Sandy,0,F,0,0
50,qrOKhIFp2ozSdv767KyF5i3M22YBaw==,Sandy,1,NA,0,0
200,qrOKhIFp2ozSdv767KyF5i3M22YBaw==,Sandy,0,NA,0,0
25,qrOKhIFp2ozSdv767KyF5i3M22YBaw==,Sandy,0,F,0,0
100,qrOKhIFp2ozSdv767KyF5i3M22YBaw==,Sandy,0,NA,0,0
100,qrOKhIFp2ozSdv767KyF5i3M22YBaw==,Sandy,0,M,0,0
100,qrOKhIFp2ozSdv767KyF5i3M22YBaw==,Sandy,0,NA,0,0
100,qrOKhIFp2ozSdv767KyF5i3M22YBaw==,Sandy,0,F,0,0
20,qrOKhIFp2ozSdv767KyF5i3M22YBaw==,Sandy,1,NA,0,0
50,qrOKhIFp2ozSdv767KyF5i3M22YBaw==,Sandy,1,NA,0,0
25,45+3E5LxAR5XY1QYTGUkai3M2nAONA==,Sandy,0,F,0,0
532,45+3E5LxAR5XY1QYTGUkai3M2nAONA==,Sandy,1,NA,0,0
250,45+3E5LxAR5XY1QYTGUkai3M2nAONA==,Sandy,0,NA,0,0
500,45+3E5LxAR5XY1QYTGUkai3M2nAONA==,Sandy,1,NA,0,0
106,45+3E5LxAR5XY1QYTGUkai3M2nAONA==,Sandy,0,NA,0,0
50,45+3E5LxAR5XY1QYTGUkai3M2nAONA==,Sandy,0,NA,0,0
5,45+3E5LxAR5XY1QYTGUkai3M2nAONA==,Sandy,0,F,0,0
250,45+3E5LxAR5XY1QYTGUkai3M2nAONA==,Sandy,0,M,0,0
100,45+3E5LxAR5XY1QYTGUkai3M2nAONA==,Sandy,0,F,0,0
100,45+3E5LxAR5XY1QYTGUkai3M2nAONA==,Sandy,0,NA,0,0
250,45+3E5LxAR5XY1QYTGUkai3M2nAONA==,Sandy,0,NA,0,0
100,45+3E5LxAR5XY1QYTGUkai3M2nAONA==,Sandy,0,F,0,0
500,45+3E5LxAR5XY1QYTGUkai3M2nAONA==,Sandy,1,NA,0,0
25,45+3E5LxAR5XY1QYTGUkai3M2nAONA==,Sandy,0,F,0,0
100,45+3E5LxAR5XY1QYTGUkai3M2nAONA==,Sandy,0,F,0,0
25,45+3E5LxAR5XY1QYTGUkai3M2nAONA==,Sandy,1,NA,0,0
50,45+3E5LxAR5XY1QYTGUkai3M2nAONA==,Sandy,0,F,0,0
25,45+3E5LxAR5XY1QYTGUkai3M2nAONA==,Sandy,0,NA,0,0
50,45+3E5LxAR5XY1QYTGUkai3M2nAONA==,Sandy,0,M,0,0
50,45+3E5LxAR5XY1QYTGUkai3M2nAONA==,Sandy,0,M,1,0
25,3ycmqXQ+ciYxeM8vzctYJi3M2S8cMA==,Sandy,1,NA,0,0
300,3ycmqXQ+ciYxeM8vzctYJi3M2S8cMA==,Sandy,0,F,0,1
50,3ycmqXQ+ciYxeM8vzctYJi3M2S8cMA==,Sandy,0,F,0,0
50,3ycmqXQ+ciYxeM8vzctYJi3M2S8cMA==,Sandy,0,NA,0,0
100,3ycmqXQ+ciYxeM8vzctYJi3M2S8cMA==,Sandy,0,NA,0,0
200,3ycmqXQ+ciYxeM8vzctYJi3M2S8cMA==,Sandy,0,NA,0,0
300,3ycmqXQ+ciYxeM8vzctYJi3M2S8cMA==,Sandy,0,NA,0,1
100,3ycmqXQ+ciYxeM8vzctYJi3M2S8cMA==,Sandy,0,M,0,0
100,3ycmqXQ+ciYxeM8vzctYJi3M2S8cMA==,Sandy,0,NA,0,0
100,3ycmqXQ+ciYxeM8vzctYJi3M2S8cMA==,Sandy,0,M,0,1
100,3ycmqXQ+ciYxeM8vzctYJi3M2S8cMA==,Sandy,0,NA,0,0
100,3ycmqXQ+ciYxeM8vzctYJi3M2S8cMA==,Sandy,0,M,0,0
50,3ycmqXQ+ciYxeM8vzctYJi3M2S8cMA==,Sandy,0,F,0,0
50,3ycmqXQ+ciYxeM8vzctYJi3M2S8cMA==,Sandy,0,NA,0,0
100,3ycmqXQ+ciYxeM8vzctYJi3M2S8cMA==,Sandy,0,NA,0,0
50,3ycmqXQ+ciYxeM8vzctYJi3M2S8cMA==,Sandy,0,NA,0,0
100,3ycmqXQ+ciYxeM8vzctYJi3M2S8cMA==,Sandy,0,NA,0,0
100,3ycmqXQ+ciYxeM8vzctYJi3M2S8cMA==,Sandy,0,F,0,0
200,3ycmqXQ+ciYxeM8vzctYJi3M2S8cMA==,Sandy,0,NA,0,0
100,3ycmqXQ+ciYxeM8vzctYJi3M2S8cMA==,Sandy,0,NA,0,0
100,3ycmqXQ+ciYxeM8vzctYJi3M2S8cMA==,Sandy,0,NA,0,0
100,3ycmqXQ+ciYxeM8vzctYJi3M2S8cMA==,Sandy,0,NA,0,0
50,3ycmqXQ+ciYxeM8vzctYJi3M2S8cMA==,Sandy,1,NA,0,0
250,3ycmqXQ+ciYxeM8vzctYJi3M2S8cMA==,Sandy,1,NA,0,0
100,3ycmqXQ+ciYxeM8vzctYJi3M2S8cMA==,Sandy,0,F,0,0
50,3ycmqXQ+ciYxeM8vzctYJi3M2S8cMA==,Sandy,0,F,0,0
50,3ycmqXQ+ciYxeM8vzctYJi3M2S8cMA==,Sandy,0,NA,0,0
50,3ycmqXQ+ciYxeM8vzctYJi3M2S8cMA==,Sandy,0,F,0,0
100,3ycmqXQ+ciYxeM8vzctYJi3M2S8cMA==,Sandy,0,M,0,0
25,KGlXobo//x/Jur9ju22Ini3NknQYPA==,Sandy,0,M,NA,0
15,KGlXobo//x/Jur9ju22Ini3NknQYPA==,Sandy,0,F,NA,0
40,KGlXobo//x/Jur9ju22Ini3NknQYPA==,Sandy,0,NA,NA,0
25,KGlXobo//x/Jur9ju22Ini3NknQYPA==,Sandy,0,NA,NA,0
25,KGlXobo//x/Jur9ju22Ini3NknQYPA==,Sandy,1,NA,NA,0
15,KGlXobo//x/Jur9ju22Ini3NknQYPA==,Sandy,0,F,NA,0
25,KGlXobo//x/Jur9ju22Ini3NknQYPA==,Sandy,0,F,NA,0
25,KGlXobo//x/Jur9ju22Ini3NknQYPA==,Sandy,0,NA,NA,0
25,KGlXobo//x/Jur9ju22Ini3NknQYPA==,Sandy,0,M,NA,0
40,KGlXobo//x/Jur9ju22Ini3NknQYPA==,Sandy,0,F,NA,0
25,KGlXobo//x/Jur9ju22Ini3NknQYPA==,Sandy,0,M,NA,0
100,KGlXobo//x/Jur9ju22Ini3NknQYPA==,Sandy,0,F,NA,0
25,KGlXobo//x/Jur9ju22Ini3NknQYPA==,Sandy,0,M,NA,0
50,KGlXobo//x/Jur9ju22Ini3NknQYPA==,Sandy,0,NA,NA,0
25,KGlXobo//x/Jur9ju22Ini3NknQYPA==,Sandy,1,NA,NA,0
25,KGlXobo//x/Jur9ju22Ini3NknQYPA==,Sandy,0,NA,NA,0
25,KGlXobo//x/Jur9ju22Ini3NknQYPA==,Sandy,1,NA,NA,0
25,KGlXobo//x/Jur9ju22Ini3NknQYPA==,Sandy,1,NA,NA,0
50,KGlXobo//x/Jur9ju22Ini3NknQYPA==,Sandy,0,F,NA,0
50,KGlXobo//x/Jur9ju22Ini3NknQYPA==,Sandy,0,M,NA,0
20,KGlXobo//x/Jur9ju22Ini3NknQYPA==,Sandy,0,F,NA,0
25,KGlXobo//x/Jur9ju22Ini3NknQYPA==,Sandy,0,NA,NA,0
100,KGlXobo//x/Jur9ju22Ini3NknQYPA==,Sandy,0,F,NA,0
25,KGlXobo//x/Jur9ju22Ini3NknQYPA==,Sandy,1,NA,NA,0
50,KGlXobo//x/Jur9ju22Ini3NknQYPA==,Sandy,0,M,NA,0
50,KGlXobo//x/Jur9ju22Ini3NknQYPA==,Sandy,0,F,NA,0
30,KGlXobo//x/Jur9ju22Ini3NknQYPA==,Sandy,0,M,NA,0
25,KGlXobo//x/Jur9ju22Ini3NknQYPA==,Sandy,0,F,NA,0
20,KGlXobo//x/Jur9ju22Ini3NknQYPA==,Sandy,1,NA,NA,0
30,KGlXobo//x/Jur9ju22Ini3NknQYPA==,Sandy,0,F,NA,0
50,KGlXobo//x/Jur9ju22Ini3NknQYPA==,Sandy,0,M,NA,0
20,KGlXobo//x/Jur9ju22Ini3NknQYPA==,Sandy,0,M,NA,0
10,KGlXobo//x/Jur9ju22Ini3NknQYPA==,Sandy,0,F,NA,0
150,KGlXobo//x/Jur9ju22Ini3NknQYPA==,Sandy,0,NA,NA,0
100,KGlXobo//x/Jur9ju22Ini3NknQYPA==,Sandy,0,F,NA,0
50,KGlXobo//x/Jur9ju22Ini3NknQYPA==,Sandy,0,M,NA,0
25,KGlXobo//x/Jur9ju22Ini3NknQYPA==,Sandy,0,F,NA,0
50,KGlXobo//x/Jur9ju22Ini3NknQYPA==,Sandy,0,F,NA,0
50,KGlXobo//x/Jur9ju22Ini3NknQYPA==,Sandy,0,M,NA,0
50,KGlXobo//x/Jur9ju22Ini3NknQYPA==,Sandy,0,M,NA,0
30,KGlXobo//x/Jur9ju22Ini3NknQYPA==,Sandy,0,M,NA,0
30,KGlXobo//x/Jur9ju22Ini3NknQYPA==,Sandy,0,M,NA,0
50,KGlXobo//x/Jur9ju22Ini3NknQYPA==,Sandy,0,F,NA,0
100,KGlXobo//x/Jur9ju22Ini3NknQYPA==,Sandy,0,M,NA,0
25,KGlXobo//x/Jur9ju22Ini3NknQYPA==,Sandy,0,M,NA,0
100,KGlXobo//x/Jur9ju22Ini3NknQYPA==,Sandy,0,F,NA,0
50,KGlXobo//x/Jur9ju22Ini3NknQYPA==,Sandy,0,M,NA,0
100,KGlXobo//x/Jur9ju22Ini3NknQYPA==,Sandy,0,M,NA,0
100,KGlXobo//x/Jur9ju22Ini3NknQYPA==,Sandy,0,M,NA,0
30,KGlXobo//x/Jur9ju22Ini3NknQYPA==,Sandy,0,M,NA,0
100,wzOAAUEq+9paDGs/sk+tmi3NkW4WKA==,Sandy,1,NA,0,0
100,wzOAAUEq+9paDGs/sk+tmi3NkW4WKA==,Sandy,0,M,0,0
50,wzOAAUEq+9paDGs/sk+tmi3NkW4WKA==,Sandy,1,NA,0,0
25,wzOAAUEq+9paDGs/sk+tmi3NkW4WKA==,Sandy,1,NA,0,0
100,wzOAAUEq+9paDGs/sk+tmi3NkW4WKA==,Sandy,0,NA,0,0
100,wzOAAUEq+9paDGs/sk+tmi3NkW4WKA==,Sandy,0,F,0,0
250,LNxG8vsyO+UcbDAgvQhNJS3NkW8QNA==,Sandy,0,M,0,0
20,LNxG8vsyO+UcbDAgvQhNJS3NkW8QNA==,Sandy,0,NA,0,0
100,LNxG8vsyO+UcbDAgvQhNJS3NkW8QNA==,Sandy,1,NA,0,0
200,LNxG8vsyO+UcbDAgvQhNJS3NkW8QNA==,Sandy,0,F,0,0
100,LNxG8vsyO+UcbDAgvQhNJS3NkW8QNA==,Sandy,0,M,0,0
50,LNxG8vsyO+UcbDAgvQhNJS3NkW8QNA==,Sandy,0,M,0,0
150,LNxG8vsyO+UcbDAgvQhNJS3NkW8QNA==,Sandy,0,NA,0,0
100,LNxG8vsyO+UcbDAgvQhNJS3NkW8QNA==,Sandy,0,M,0,0
50,LNxG8vsyO+UcbDAgvQhNJS3NkW8QNA==,Sandy,0,F,0,0
100,LNxG8vsyO+UcbDAgvQhNJS3NkW8QNA==,Sandy,0,NA,0,0
200,LNxG8vsyO+UcbDAgvQhNJS3NkW8QNA==,Sandy,0,M,0,0
50,LNxG8vsyO+UcbDAgvQhNJS3NkW8QNA==,Sandy,0,M,0,0
50,LNxG8vsyO+UcbDAgvQhNJS3NkW8QNA==,Sandy,0,F,0,0
150,LNxG8vsyO+UcbDAgvQhNJS3NkW8QNA==,Sandy,0,M,0,0
200,LNxG8vsyO+UcbDAgvQhNJS3NkW8QNA==,Sandy,0,F,0,0
25,LNxG8vsyO+UcbDAgvQhNJS3NkW8QNA==,Sandy,0,F,0,0
100,LNxG8vsyO+UcbDAgvQhNJS3NkW8QNA==,Sandy,1,NA,0,0
50,LNxG8vsyO+UcbDAgvQhNJS3NkW8QNA==,Sandy,0,M,0,0
100,LNxG8vsyO+UcbDAgvQhNJS3NkW8QNA==,Sandy,0,NA,0,0
200,LNxG8vsyO+UcbDAgvQhNJS3NkW8QNA==,Sandy,0,NA,0,0
500,LNxG8vsyO+UcbDAgvQhNJS3NkW8QNA==,Sandy,0,NA,0,0
100,LNxG8vsyO+UcbDAgvQhNJS3NkW8QNA==,Sandy,0,NA,0,0
200,LNxG8vsyO+UcbDAgvQhNJS3NkW8QNA==,Sandy,0,M,0,0
400,LNxG8vsyO+UcbDAgvQhNJS3NkW8QNA==,Sandy,0,NA,0,0
200,LNxG8vsyO+UcbDAgvQhNJS3NkW8QNA==,Sandy,0,NA,0,0
100,LNxG8vsyO+UcbDAgvQhNJS3NkW8QNA==,Sandy,0,NA,0,0
50,LNxG8vsyO+UcbDAgvQhNJS3NkW8QNA==,Sandy,0,F,0,0
20,LNxG8vsyO+UcbDAgvQhNJS3NkW8QNA==,Sandy,0,NA,0,0
107,LNxG8vsyO+UcbDAgvQhNJS3NkW8QNA==,Sandy,0,NA,0,0
200,LNxG8vsyO+UcbDAgvQhNJS3NkW8QNA==,Sandy,0,M,0,0
100,LNxG8vsyO+UcbDAgvQhNJS3NkW8QNA==,Sandy,0,F,0,0
25,LNxG8vsyO+UcbDAgvQhNJS3NkW8QNA==,Sandy,0,M,0,0
200,LNxG8vsyO+UcbDAgvQhNJS3NkW8QNA==,Sandy,1,NA,0,0
500,LNxG8vsyO+UcbDAgvQhNJS3NkW8QNA==,Sandy,0,F,0,0
200,LNxG8vsyO+UcbDAgvQhNJS3NkW8QNA==,Sandy,0,F,0,0
25,LNxG8vsyO+UcbDAgvQhNJS3NkW8QNA==,Sandy,0,NA,0,0
100,LNxG8vsyO+UcbDAgvQhNJS3NkW8QNA==,Sandy,0,F,0,0
50,LNxG8vsyO+UcbDAgvQhNJS3NkW8QNA==,Sandy,1,NA,0,0
20,LNxG8vsyO+UcbDAgvQhNJS3NkW8QNA==,Sandy,0,M,0,0
100,LNxG8vsyO+UcbDAgvQhNJS3NkW8QNA==,Sandy,0,F,0,0
50,LNxG8vsyO+UcbDAgvQhNJS3NkW8QNA==,Sandy,0,NA,0,0
100,LNxG8vsyO+UcbDAgvQhNJS3NkW8QNA==,Sandy,1,NA,0,0
500,LNxG8vsyO+UcbDAgvQhNJS3NkW8QNA==,Sandy,0,M,0,0
30,pTGf/ixlxhwqVlfajKNS7i3NlyQTbw==,Sandy,0,F,0,0
250,pTGf/ixlxhwqVlfajKNS7i3NlyQTbw==,Sandy,0,NA,0,0
100,pTGf/ixlxhwqVlfajKNS7i3NlyQTbw==,Sandy,0,F,0,0
30,pTGf/ixlxhwqVlfajKNS7i3NlyQTbw==,Sandy,0,M,0,1
100,7pWuCrPAcVTIdCn95IENby3Nl3tPbw==,Sandy,1,NA,0,0
100,7pWuCrPAcVTIdCn95IENby3Nl3tPbw==,Sandy,0,NA,0,0
200,7pWuCrPAcVTIdCn95IENby3Nl3tPbw==,Sandy,0,F,0,0
25,7DzsRSAJpvjCD4rrliF1Yi3NlG4Saw==,Sandy,0,F,0,0
25,7DzsRSAJpvjCD4rrliF1Yi3NlG4Saw==,Sandy,0,F,0,0
10,7DzsRSAJpvjCD4rrliF1Yi3NlG4Saw==,Sandy,0,F,0,0
50,7DzsRSAJpvjCD4rrliF1Yi3NlG4Saw==,Sandy,0,NA,0,0
20,7DzsRSAJpvjCD4rrliF1Yi3NlG4Saw==,Sandy,0,NA,0,0
50,7DzsRSAJpvjCD4rrliF1Yi3NlG4Saw==,Sandy,0,NA,0,0
100,7DzsRSAJpvjCD4rrliF1Yi3NlG4Saw==,Sandy,0,F,0,0
10,7DzsRSAJpvjCD4rrliF1Yi3NlG4Saw==,Sandy,0,NA,0,0
50,7DzsRSAJpvjCD4rrliF1Yi3NlG4Saw==,Sandy,0,F,0,0
50,7DzsRSAJpvjCD4rrliF1Yi3NlG4Saw==,Sandy,0,F,0,0
100,7DzsRSAJpvjCD4rrliF1Yi3NlG4Saw==,Sandy,0,NA,0,0
25,7DzsRSAJpvjCD4rrliF1Yi3NlG4Saw==,Sandy,0,F,0,0
15,7DzsRSAJpvjCD4rrliF1Yi3NlG4Saw==,Sandy,0,NA,0,0
25,7DzsRSAJpvjCD4rrliF1Yi3NlG4Saw==,Sandy,1,NA,0,0
20,7DzsRSAJpvjCD4rrliF1Yi3NlG4Saw==,Sandy,0,M,0,0
20,FmDcN8D8kV9yZOWiA8eCBS3NmyMaMA==,Sandy,0,NA,0,0
100,FmDcN8D8kV9yZOWiA8eCBS3NmyMaMA==,Sandy,0,F,0,0
5,FmDcN8D8kV9yZOWiA8eCBS3NmyMaMA==,Sandy,0,F,0,0
100,FmDcN8D8kV9yZOWiA8eCBS3NmyMaMA==,Sandy,0,NA,0,0
100,FmDcN8D8kV9yZOWiA8eCBS3NmyMaMA==,Sandy,0,M,0,0
25,FmDcN8D8kV9yZOWiA8eCBS3NmyMaMA==,Sandy,0,F,0,0
100,FmDcN8D8kV9yZOWiA8eCBS3NmyMaMA==,Sandy,0,NA,0,0
10,FmDcN8D8kV9yZOWiA8eCBS3NmyMaMA==,Sandy,1,NA,0,0
35,FmDcN8D8kV9yZOWiA8eCBS3NmyMaMA==,Sandy,1,NA,0,0
50,FmDcN8D8kV9yZOWiA8eCBS3NmyMaMA==,Sandy,0,NA,0,0
100,FmDcN8D8kV9yZOWiA8eCBS3NmyMaMA==,Sandy,0,F,0,0
25,FmDcN8D8kV9yZOWiA8eCBS3NmyMaMA==,Sandy,1,NA,0,0
200,FmDcN8D8kV9yZOWiA8eCBS3NmyMaMA==,Sandy,0,F,0,0
100,FmDcN8D8kV9yZOWiA8eCBS3NmyMaMA==,Sandy,0,F,0,0
36,FmDcN8D8kV9yZOWiA8eCBS3NmyMaMA==,Sandy,0,F,0,0
100,FmDcN8D8kV9yZOWiA8eCBS3NmyMaMA==,Sandy,0,F,0,0
100,6Vt38/rpE9fWdV5FWeE7ZC3Nmn4DPA==,Sandy,1,NA,0,0
45,6Vt38/rpE9fWdV5FWeE7ZC3Nmn4DPA==,Sandy,0,M,0,0
20,6Vt38/rpE9fWdV5FWeE7ZC3Nmn4DPA==,Sandy,0,F,0,0
25,6Vt38/rpE9fWdV5FWeE7ZC3Nmn4DPA==,Sandy,0,F,0,0
30,6Vt38/rpE9fWdV5FWeE7ZC3Nmn4DPA==,Sandy,0,NA,0,0
30,6Vt38/rpE9fWdV5FWeE7ZC3Nmn4DPA==,Sandy,0,F,0,0
100,6Vt38/rpE9fWdV5FWeE7ZC3Nmn4DPA==,Sandy,0,M,0,0
50,6Vt38/rpE9fWdV5FWeE7ZC3Nmn4DPA==,Sandy,0,F,0,0
100,6Vt38/rpE9fWdV5FWeE7ZC3Nmn4DPA==,Sandy,0,M,0,0
25,6Vt38/rpE9fWdV5FWeE7ZC3Nmn4DPA==,Sandy,0,F,0,0
50,6Vt38/rpE9fWdV5FWeE7ZC3Nmn4DPA==,Sandy,0,F,0,0
20,6Vt38/rpE9fWdV5FWeE7ZC3Nmn4DPA==,Sandy,0,NA,0,0
10,6Vt38/rpE9fWdV5FWeE7ZC3Nmn4DPA==,Sandy,1,NA,0,0
50,6Vt38/rpE9fWdV5FWeE7ZC3Nmn4DPA==,Sandy,0,NA,0,0
50,6Vt38/rpE9fWdV5FWeE7ZC3Nmn4DPA==,Sandy,1,NA,0,0
50,6Vt38/rpE9fWdV5FWeE7ZC3Nmn4DPA==,Sandy,0,M,0,0
250,6Vt38/rpE9fWdV5FWeE7ZC3Nmn4DPA==,Sandy,0,F,0,0
25,6Vt38/rpE9fWdV5FWeE7ZC3Nmn4DPA==,Sandy,0,NA,0,0
50,6Vt38/rpE9fWdV5FWeE7ZC3Nmn4DPA==,Sandy,0,F,0,0
20,6Vt38/rpE9fWdV5FWeE7ZC3Nmn4DPA==,Sandy,0,NA,0,0
10,6Vt38/rpE9fWdV5FWeE7ZC3Nmn4DPA==,Sandy,0,M,0,0
250,6Vt38/rpE9fWdV5FWeE7ZC3Nmn4DPA==,Sandy,0,M,0,0
5,6Vt38/rpE9fWdV5FWeE7ZC3Nmn4DPA==,Sandy,1,NA,0,0
20,6Vt38/rpE9fWdV5FWeE7ZC3Nmn4DPA==,Sandy,0,M,0,0
50,6Vt38/rpE9fWdV5FWeE7ZC3Nmn4DPA==,Sandy,1,NA,0,0
100,6Vt38/rpE9fWdV5FWeE7ZC3Nmn4DPA==,Sandy,0,NA,0,0
150,6Vt38/rpE9fWdV5FWeE7ZC3Nmn4DPA==,Sandy,0,F,0,0
50,6Vt38/rpE9fWdV5FWeE7ZC3Nmn4DPA==,Sandy,0,F,0,0
10,6Vt38/rpE9fWdV5FWeE7ZC3Nmn4DPA==,Sandy,1,NA,0,0
100,6Vt38/rpE9fWdV5FWeE7ZC3Nmn4DPA==,Sandy,0,F,0,0
100,6Vt38/rpE9fWdV5FWeE7ZC3Nmn4DPA==,Sandy,0,F,0,0
100,6Vt38/rpE9fWdV5FWeE7ZC3Nmn4DPA==,Sandy,0,NA,0,0
10,6Vt38/rpE9fWdV5FWeE7ZC3Nmn4DPA==,Sandy,1,NA,0,0
50,6Vt38/rpE9fWdV5FWeE7ZC3Nmn4DPA==,Sandy,0,NA,0,0
250,6Vt38/rpE9fWdV5FWeE7ZC3Nmn4DPA==,Sandy,0,M,0,0
25,6Vt38/rpE9fWdV5FWeE7ZC3Nmn4DPA==,Sandy,1,NA,0,0
250,6Vt38/rpE9fWdV5FWeE7ZC3Nmn4DPA==,Sandy,0,F,0,0
100,6Vt38/rpE9fWdV5FWeE7ZC3Nmn4DPA==,Sandy,0,NA,0,0
100,6Vt38/rpE9fWdV5FWeE7ZC3Nmn4DPA==,Sandy,1,NA,0,0
15,6Vt38/rpE9fWdV5FWeE7ZC3Nmn4DPA==,Sandy,1,NA,0,0
50,6Vt38/rpE9fWdV5FWeE7ZC3Nmn4DPA==,Sandy,0,F,0,0
100,6Vt38/rpE9fWdV5FWeE7ZC3Nmn4DPA==,Sandy,1,NA,0,0
20,6Vt38/rpE9fWdV5FWeE7ZC3Nmn4DPA==,Sandy,1,NA,0,0
50,6Vt38/rpE9fWdV5FWeE7ZC3Nmn4DPA==,Sandy,0,NA,0,0
51,6Vt38/rpE9fWdV5FWeE7ZC3Nmn4DPA==,Sandy,0,M,0,0
30,6Vt38/rpE9fWdV5FWeE7ZC3Nmn4DPA==,Sandy,1,NA,0,0
50,6Vt38/rpE9fWdV5FWeE7ZC3Nmn4DPA==,Sandy,0,M,0,0
25,6Vt38/rpE9fWdV5FWeE7ZC3Nmn4DPA==,Sandy,0,M,0,0
100,6Vt38/rpE9fWdV5FWeE7ZC3Nmn4DPA==,Sandy,0,F,0,0
50,6Vt38/rpE9fWdV5FWeE7ZC3Nmn4DPA==,Sandy,0,F,0,0
50,6Vt38/rpE9fWdV5FWeE7ZC3Nmn4DPA==,Sandy,0,F,0,0
100,6Vt38/rpE9fWdV5FWeE7ZC3Nmn4DPA==,Sandy,0,M,0,0
30,6Vt38/rpE9fWdV5FWeE7ZC3Nmn4DPA==,Sandy,0,M,0,0
25,6Vt38/rpE9fWdV5FWeE7ZC3Nmn4DPA==,Sandy,1,NA,0,0
20,6Vt38/rpE9fWdV5FWeE7ZC3Nmn4DPA==,Sandy,0,F,0,0
50,6Vt38/rpE9fWdV5FWeE7ZC3Nmn4DPA==,Sandy,1,NA,0,0
20,6Vt38/rpE9fWdV5FWeE7ZC3Nmn4DPA==,Sandy,0,F,0,0
200,6Vt38/rpE9fWdV5FWeE7ZC3Nmn4DPA==,Sandy,0,F,0,0
25,6Vt38/rpE9fWdV5FWeE7ZC3Nmn4DPA==,Sandy,0,F,0,0
100,6Vt38/rpE9fWdV5FWeE7ZC3Nmn4DPA==,Sandy,0,F,0,0
50,6Vt38/rpE9fWdV5FWeE7ZC3Nmn4DPA==,Sandy,0,NA,0,0
50,6Vt38/rpE9fWdV5FWeE7ZC3Nmn4DPA==,Sandy,1,NA,0,0
100,6Vt38/rpE9fWdV5FWeE7ZC3Nmn4DPA==,Sandy,0,NA,0,1
25,6Vt38/rpE9fWdV5FWeE7ZC3Nmn4DPA==,Sandy,1,NA,0,0
25,6Vt38/rpE9fWdV5FWeE7ZC3Nmn4DPA==,Sandy,1,NA,0,0
100,6Vt38/rpE9fWdV5FWeE7ZC3Nmn4DPA==,Sandy,0,F,0,0
10,6Vt38/rpE9fWdV5FWeE7ZC3Nmn4DPA==,Sandy,1,NA,0,0
50,6Vt38/rpE9fWdV5FWeE7ZC3Nmn4DPA==,Sandy,0,NA,0,0
100,6Vt38/rpE9fWdV5FWeE7ZC3Nmn4DPA==,Sandy,0,M,0,0
40,6Vt38/rpE9fWdV5FWeE7ZC3Nmn4DPA==,Sandy,1,NA,0,0
100,6Vt38/rpE9fWdV5FWeE7ZC3Nmn4DPA==,Sandy,0,M,0,0
25,6Vt38/rpE9fWdV5FWeE7ZC3Nmn4DPA==,Sandy,0,M,0,0
20,6Vt38/rpE9fWdV5FWeE7ZC3Nmn4DPA==,Sandy,0,M,0,0
50,6Vt38/rpE9fWdV5FWeE7ZC3Nmn4DPA==,Sandy,1,NA,0,0
25,6Vt38/rpE9fWdV5FWeE7ZC3Nmn4DPA==,Sandy,0,F,0,0
100,6Vt38/rpE9fWdV5FWeE7ZC3Nmn4DPA==,Sandy,0,F,0,0
20,6Vt38/rpE9fWdV5FWeE7ZC3Nmn4DPA==,Sandy,1,NA,0,0
75,6Vt38/rpE9fWdV5FWeE7ZC3Nmn4DPA==,Sandy,1,NA,0,0
30,6Vt38/rpE9fWdV5FWeE7ZC3Nmn4DPA==,Sandy,0,NA,0,0
20,6Vt38/rpE9fWdV5FWeE7ZC3Nmn4DPA==,Sandy,1,NA,0,0
25,6Vt38/rpE9fWdV5FWeE7ZC3Nmn4DPA==,Sandy,0,F,0,0
50,6Vt38/rpE9fWdV5FWeE7ZC3Nmn4DPA==,Sandy,0,NA,0,0
100,rZD1OIF1WwOq2ujtxZrkey3NwnVOKA==,Sandy,0,NA,0,0
25,rZD1OIF1WwOq2ujtxZrkey3NwnVOKA==,Sandy,0,F,0,0
25,rZD1OIF1WwOq2ujtxZrkey3NwnVOKA==,Sandy,1,NA,0,0
50,5FHqj+77Mdo50wVsMCU+ky3NwSceKA==,Sandy,0,M,0,0
100,5FHqj+77Mdo50wVsMCU+ky3NwSceKA==,Sandy,0,NA,0,0
25,5FHqj+77Mdo50wVsMCU+ky3NwSceKA==,Sandy,0,F,0,0
100,5FHqj+77Mdo50wVsMCU+ky3NwSceKA==,Sandy,1,NA,0,0
25,5FHqj+77Mdo50wVsMCU+ky3NwSceKA==,Sandy,0,F,0,0
50,5FHqj+77Mdo50wVsMCU+ky3NwSceKA==,Sandy,0,NA,0,0
25,5FHqj+77Mdo50wVsMCU+ky3NwSceKA==,Sandy,0,F,0,0
100,5FHqj+77Mdo50wVsMCU+ky3NwSceKA==,Sandy,0,F,0,0
100,5FHqj+77Mdo50wVsMCU+ky3NwSceKA==,Sandy,0,NA,0,1
100,5FHqj+77Mdo50wVsMCU+ky3NwSceKA==,Sandy,0,M,0,0
100,5FHqj+77Mdo50wVsMCU+ky3NwSceKA==,Sandy,0,M,0,0
150,5FHqj+77Mdo50wVsMCU+ky3NwSceKA==,Sandy,0,M,0,0
25,5FHqj+77Mdo50wVsMCU+ky3NwSceKA==,Sandy,0,M,0,0
50,5FHqj+77Mdo50wVsMCU+ky3NwSceKA==,Sandy,0,M,0,0
100,5FHqj+77Mdo50wVsMCU+ky3NwSceKA==,Sandy,0,NA,0,0
100,5FHqj+77Mdo50wVsMCU+ky3NwSceKA==,Sandy,0,NA,0,0
100,5FHqj+77Mdo50wVsMCU+ky3NwSceKA==,Sandy,0,F,0,0
50,eERT1XmF728DnGjeFeCCky3NwWNIPA==,Sandy,0,NA,0,0
100,eERT1XmF728DnGjeFeCCky3NwWNIPA==,Sandy,0,M,0,0
100,eERT1XmF728DnGjeFeCCky3NwWNIPA==,Sandy,0,F,0,0
50,eERT1XmF728DnGjeFeCCky3NwWNIPA==,Sandy,0,NA,0,0
50,eERT1XmF728DnGjeFeCCky3NwWNIPA==,Sandy,0,F,0,0
50,eERT1XmF728DnGjeFeCCky3NwWNIPA==,Sandy,0,F,0,0
50,eERT1XmF728DnGjeFeCCky3NwWNIPA==,Sandy,0,F,0,0
50,eERT1XmF728DnGjeFeCCky3NwWNIPA==,Sandy,0,F,0,0
150,FKfAIfLU3L2UXoFcXEGNIC3NwCUJZw==,Sandy,0,F,0,0
335,FKfAIfLU3L2UXoFcXEGNIC3NwCUJZw==,Sandy,0,F,0,0
50,FKfAIfLU3L2UXoFcXEGNIC3NwCUJZw==,Sandy,1,NA,0,0
50,FKfAIfLU3L2UXoFcXEGNIC3NwCUJZw==,Sandy,0,F,0,0
50,FKfAIfLU3L2UXoFcXEGNIC3NwCUJZw==,Sandy,0,F,0,0
40,FKfAIfLU3L2UXoFcXEGNIC3NwCUJZw==,Sandy,0,NA,0,0
100,FKfAIfLU3L2UXoFcXEGNIC3NwCUJZw==,Sandy,0,NA,NA,0
50,FKfAIfLU3L2UXoFcXEGNIC3NwCUJZw==,Sandy,0,NA,0,0
50,FKfAIfLU3L2UXoFcXEGNIC3NwCUJZw==,Sandy,0,NA,0,0
100,FKfAIfLU3L2UXoFcXEGNIC3NwCUJZw==,Sandy,0,F,0,0
100,FKfAIfLU3L2UXoFcXEGNIC3NwCUJZw==,Sandy,0,F,0,1
100,FKfAIfLU3L2UXoFcXEGNIC3NwCUJZw==,Sandy,1,NA,0,0
25,FKfAIfLU3L2UXoFcXEGNIC3NwCUJZw==,Sandy,0,F,0,0
25,FKfAIfLU3L2UXoFcXEGNIC3NwCUJZw==,Sandy,0,F,0,0
100,FKfAIfLU3L2UXoFcXEGNIC3NwCUJZw==,Sandy,1,NA,0,0
50,FKfAIfLU3L2UXoFcXEGNIC3NwCUJZw==,Sandy,0,F,0,0
100,FKfAIfLU3L2UXoFcXEGNIC3NwCUJZw==,Sandy,0,NA,0,0
250,FKfAIfLU3L2UXoFcXEGNIC3NwCUJZw==,Sandy,0,F,0,0
25,FKfAIfLU3L2UXoFcXEGNIC3NwCUJZw==,Sandy,0,F,0,1
50,FKfAIfLU3L2UXoFcXEGNIC3NwCUJZw==,Sandy,0,NA,0,0
100,FKfAIfLU3L2UXoFcXEGNIC3NwCUJZw==,Sandy,0,NA,0,1
400,FKfAIfLU3L2UXoFcXEGNIC3NwCUJZw==,Sandy,1,NA,0,0
100,FKfAIfLU3L2UXoFcXEGNIC3NwCUJZw==,Sandy,1,NA,0,0
25,FKfAIfLU3L2UXoFcXEGNIC3NwCUJZw==,Sandy,0,F,0,0
50,FKfAIfLU3L2UXoFcXEGNIC3NwCUJZw==,Sandy,0,F,0,0
25,FKfAIfLU3L2UXoFcXEGNIC3NwCUJZw==,Sandy,0,F,0,0
25,FKfAIfLU3L2UXoFcXEGNIC3NwCUJZw==,Sandy,0,NA,0,0
50,FKfAIfLU3L2UXoFcXEGNIC3NwCUJZw==,Sandy,0,M,0,0
20,FKfAIfLU3L2UXoFcXEGNIC3NwCUJZw==,Sandy,0,F,0,0
50,FKfAIfLU3L2UXoFcXEGNIC3NwCUJZw==,Sandy,0,F,0,0
5,FKfAIfLU3L2UXoFcXEGNIC3NwCUJZw==,Sandy,0,F,0,0
200,ldZkBdpFQk+knEdhI64sdy3NwCIUKA==,Sandy,0,F,0,0
350,ldZkBdpFQk+knEdhI64sdy3NwCIUKA==,Sandy,0,F,0,0
50,ldZkBdpFQk+knEdhI64sdy3NwCIUKA==,Sandy,0,F,0,0
50,ldZkBdpFQk+knEdhI64sdy3NwCIUKA==,Sandy,0,F,0,0
150,ldZkBdpFQk+knEdhI64sdy3NwCIUKA==,Sandy,0,M,0,0
150,ldZkBdpFQk+knEdhI64sdy3NwCIUKA==,Sandy,0,M,0,0
100,ldZkBdpFQk+knEdhI64sdy3NwCIUKA==,Sandy,0,F,0,0
50,ldZkBdpFQk+knEdhI64sdy3NwCIUKA==,Sandy,0,M,0,0
100,ldZkBdpFQk+knEdhI64sdy3NwCIUKA==,Sandy,0,F,0,0
5,ldZkBdpFQk+knEdhI64sdy3NwCIUKA==,Sandy,1,NA,0,0
25,ldZkBdpFQk+knEdhI64sdy3NwCIUKA==,Sandy,0,M,0,0
50,ldZkBdpFQk+knEdhI64sdy3NwCIUKA==,Sandy,0,F,0,0
25,ldZkBdpFQk+knEdhI64sdy3NwCIUKA==,Sandy,0,NA,0,0
100,ldZkBdpFQk+knEdhI64sdy3NwCIUKA==,Sandy,0,M,0,0
75,ldZkBdpFQk+knEdhI64sdy3NwCIUKA==,Sandy,0,F,0,1
100,ldZkBdpFQk+knEdhI64sdy3NwCIUKA==,Sandy,0,F,0,0
100,ldZkBdpFQk+knEdhI64sdy3NwCIUKA==,Sandy,0,F,0,1
5,ldZkBdpFQk+knEdhI64sdy3NwCIUKA==,Sandy,1,NA,0,0
50,ldZkBdpFQk+knEdhI64sdy3NwCIUKA==,Sandy,0,F,0,0
25,ldZkBdpFQk+knEdhI64sdy3NwCIUKA==,Sandy,0,F,0,0
50,ldZkBdpFQk+knEdhI64sdy3NwCIUKA==,Sandy,0,F,0,0
20,ldZkBdpFQk+knEdhI64sdy3NwCIUKA==,Sandy,0,M,0,1
50,ldZkBdpFQk+knEdhI64sdy3NwCIUKA==,Sandy,0,F,0,0
130,ldZkBdpFQk+knEdhI64sdy3NwCIUKA==,Sandy,0,F,0,0
150,ldZkBdpFQk+knEdhI64sdy3NwCIUKA==,Sandy,0,M,0,0
20,ldZkBdpFQk+knEdhI64sdy3NwCIUKA==,Sandy,1,NA,0,0
100,ldZkBdpFQk+knEdhI64sdy3NwCIUKA==,Sandy,0,F,0,0
250,ldZkBdpFQk+knEdhI64sdy3NwCIUKA==,Sandy,0,M,0,0
25,ldZkBdpFQk+knEdhI64sdy3NwCIUKA==,Sandy,0,F,0,0
100,ldZkBdpFQk+knEdhI64sdy3NwCIUKA==,Sandy,0,NA,0,0
50,ldZkBdpFQk+knEdhI64sdy3NwCIUKA==,Sandy,0,F,0,0
50,ldZkBdpFQk+knEdhI64sdy3NwCIUKA==,Sandy,0,NA,0,0
5,ldZkBdpFQk+knEdhI64sdy3NwCIUKA==,Sandy,0,M,0,0
25,ldZkBdpFQk+knEdhI64sdy3NwCIUKA==,Sandy,1,NA,0,0
100,ldZkBdpFQk+knEdhI64sdy3NwCIUKA==,Sandy,0,NA,0,1
25,ldZkBdpFQk+knEdhI64sdy3NwCIUKA==,Sandy,1,NA,0,0
50,ldZkBdpFQk+knEdhI64sdy3NwCIUKA==,Sandy,0,F,0,0
100,ldZkBdpFQk+knEdhI64sdy3NwCIUKA==,Sandy,0,F,0,0
50,ldZkBdpFQk+knEdhI64sdy3NwCIUKA==,Sandy,0,M,0,0
50,ldZkBdpFQk+knEdhI64sdy3NwCIUKA==,Sandy,1,NA,0,0
50,ldZkBdpFQk+knEdhI64sdy3NwCIUKA==,Sandy,0,M,0,0
100,ldZkBdpFQk+knEdhI64sdy3NwCIUKA==,Sandy,1,NA,0,0
50,ldZkBdpFQk+knEdhI64sdy3NwCIUKA==,Sandy,0,F,0,0
50,ldZkBdpFQk+knEdhI64sdy3NwCIUKA==,Sandy,0,NA,0,0
50,ldZkBdpFQk+knEdhI64sdy3NwCIUKA==,Sandy,1,NA,0,0
100,ldZkBdpFQk+knEdhI64sdy3NwCIUKA==,Sandy,0,F,0,1
20,ldZkBdpFQk+knEdhI64sdy3NwCIUKA==,Sandy,0,F,0,0
250,ldZkBdpFQk+knEdhI64sdy3NwCIUKA==,Sandy,0,F,0,0
10,ldZkBdpFQk+knEdhI64sdy3NwCIUKA==,Sandy,1,NA,0,0
200,ldZkBdpFQk+knEdhI64sdy3NwCIUKA==,Sandy,0,NA,0,0
100,ldZkBdpFQk+knEdhI64sdy3NwCIUKA==,Sandy,0,F,0,0
500,ldZkBdpFQk+knEdhI64sdy3NwCIUKA==,Sandy,1,NA,0,0
1000,ldZkBdpFQk+knEdhI64sdy3NwCIUKA==,Sandy,0,F,0,0
350,ldZkBdpFQk+knEdhI64sdy3NwCIUKA==,Sandy,0,F,0,0
25,ldZkBdpFQk+knEdhI64sdy3NwCIUKA==,Sandy,0,F,0,1
50,ldZkBdpFQk+knEdhI64sdy3NwCIUKA==,Sandy,0,NA,0,1
100,ldZkBdpFQk+knEdhI64sdy3NwCIUKA==,Sandy,0,F,0,1
100,ldZkBdpFQk+knEdhI64sdy3NwCIUKA==,Sandy,0,M,0,0
100,ldZkBdpFQk+knEdhI64sdy3NwCIUKA==,Sandy,0,NA,0,0
100,ldZkBdpFQk+knEdhI64sdy3NwCIUKA==,Sandy,0,M,0,0
50,ldZkBdpFQk+knEdhI64sdy3NwCIUKA==,Sandy,0,F,0,0
100,ldZkBdpFQk+knEdhI64sdy3NwCIUKA==,Sandy,0,F,0,0
100,ldZkBdpFQk+knEdhI64sdy3NwCIUKA==,Sandy,0,F,0,0
100,ldZkBdpFQk+knEdhI64sdy3NwCIUKA==,Sandy,0,M,0,0
100,ldZkBdpFQk+knEdhI64sdy3NwCIUKA==,Sandy,0,F,0,0
100,ldZkBdpFQk+knEdhI64sdy3NwCIUKA==,Sandy,0,F,0,0
700,ldZkBdpFQk+knEdhI64sdy3NwCIUKA==,Sandy,0,F,0,0
100,ldZkBdpFQk+knEdhI64sdy3NwCIUKA==,Sandy,0,F,0,0
25,ldZkBdpFQk+knEdhI64sdy3NwCIUKA==,Sandy,0,F,0,0
100,ldZkBdpFQk+knEdhI64sdy3NwCIUKA==,Sandy,1,NA,0,0
100,ldZkBdpFQk+knEdhI64sdy3NwCIUKA==,Sandy,0,M,0,0
500,YsqZQk8Af/ZtXX4CNz0o3S3Nxy9MLA==,Sandy,0,F,0,0
20,tokKOfYHlTXdTWsuF7q/ci3Nxi5PMA==,Sandy,0,F,0,0
50,tokKOfYHlTXdTWsuF7q/ci3Nxi5PMA==,Sandy,0,F,0,0
20,tokKOfYHlTXdTWsuF7q/ci3Nxi5PMA==,Sandy,1,NA,0,0
20,tokKOfYHlTXdTWsuF7q/ci3Nxi5PMA==,Sandy,0,NA,0,0
20,tokKOfYHlTXdTWsuF7q/ci3Nxi5PMA==,Sandy,0,NA,0,0
125,tokKOfYHlTXdTWsuF7q/ci3Nxi5PMA==,Sandy,0,F,1,0
50,tokKOfYHlTXdTWsuF7q/ci3Nxi5PMA==,Sandy,0,F,0,1
50,tokKOfYHlTXdTWsuF7q/ci3Nxi5PMA==,Sandy,0,F,0,1
200,tokKOfYHlTXdTWsuF7q/ci3Nxi5PMA==,Sandy,0,NA,0,0
25,tokKOfYHlTXdTWsuF7q/ci3Nxi5PMA==,Sandy,1,NA,0,0
100,tokKOfYHlTXdTWsuF7q/ci3Nxi5PMA==,Sandy,0,NA,0,0
100,tokKOfYHlTXdTWsuF7q/ci3Nxi5PMA==,Sandy,0,NA,0,0
25,tokKOfYHlTXdTWsuF7q/ci3Nxi5PMA==,Sandy,0,F,0,0
90,rs5Oe/+fa8Ou+9+v/5i3+y3Nz29NKA==,Sandy,0,NA,0,0
50,rs5Oe/+fa8Ou+9+v/5i3+y3Nz29NKA==,Sandy,0,F,0,0
100,rs5Oe/+fa8Ou+9+v/5i3+y3Nz29NKA==,Sandy,0,M,0,0
50,rs5Oe/+fa8Ou+9+v/5i3+y3Nz29NKA==,Sandy,1,NA,0,0
30,rs5Oe/+fa8Ou+9+v/5i3+y3Nz29NKA==,Sandy,0,F,0,0
100,rs5Oe/+fa8Ou+9+v/5i3+y3Nz29NKA==,Sandy,0,NA,0,0
100,rs5Oe/+fa8Ou+9+v/5i3+y3Nz29NKA==,Sandy,0,M,0,0
100,rs5Oe/+fa8Ou+9+v/5i3+y3Nz29NKA==,Sandy,0,NA,0,0
50,rs5Oe/+fa8Ou+9+v/5i3+y3Nz29NKA==,Sandy,0,F,0,0
25,rs5Oe/+fa8Ou+9+v/5i3+y3Nz29NKA==,Sandy,0,F,0,0
100,rs5Oe/+fa8Ou+9+v/5i3+y3Nz29NKA==,Sandy,0,NA,0,0
100,rs5Oe/+fa8Ou+9+v/5i3+y3Nz29NKA==,Sandy,0,F,0,0
100,rs5Oe/+fa8Ou+9+v/5i3+y3Nz29NKA==,Sandy,0,NA,0,0
30,rs5Oe/+fa8Ou+9+v/5i3+y3Nz29NKA==,Sandy,0,NA,0,0
36,rs5Oe/+fa8Ou+9+v/5i3+y3Nz29NKA==,Sandy,0,NA,0,0
200,rs5Oe/+fa8Ou+9+v/5i3+y3Nz29NKA==,Sandy,0,M,0,0
50,rs5Oe/+fa8Ou+9+v/5i3+y3Nz29NKA==,Sandy,0,F,0,0
80,rs5Oe/+fa8Ou+9+v/5i3+y3Nz29NKA==,Sandy,0,F,0,0
20,rs5Oe/+fa8Ou+9+v/5i3+y3Nz29NKA==,Sandy,0,F,0,0
100,rs5Oe/+fa8Ou+9+v/5i3+y3Nz29NKA==,Sandy,0,NA,0,0
50,rs5Oe/+fa8Ou+9+v/5i3+y3Nz29NKA==,Sandy,0,F,0,0
50,rs5Oe/+fa8Ou+9+v/5i3+y3Nz29NKA==,Sandy,1,NA,0,0
50,rs5Oe/+fa8Ou+9+v/5i3+y3Nz29NKA==,Sandy,0,NA,0,0
30,rs5Oe/+fa8Ou+9+v/5i3+y3Nz29NKA==,Sandy,0,F,0,0
50,rs5Oe/+fa8Ou+9+v/5i3+y3Nz29NKA==,Sandy,0,NA,0,0
50,rs5Oe/+fa8Ou+9+v/5i3+y3Nz29NKA==,Sandy,0,NA,0,0
50,rs5Oe/+fa8Ou+9+v/5i3+y3Nz29NKA==,Sandy,0,NA,0,0
50,rs5Oe/+fa8Ou+9+v/5i3+y3Nz29NKA==,Sandy,0,F,0,0
50,rs5Oe/+fa8Ou+9+v/5i3+y3Nz29NKA==,Sandy,0,NA,0,0
50,rs5Oe/+fa8Ou+9+v/5i3+y3Nz29NKA==,Sandy,1,NA,0,0
100,rs5Oe/+fa8Ou+9+v/5i3+y3Nz29NKA==,Sandy,0,F,0,0
50,rs5Oe/+fa8Ou+9+v/5i3+y3Nz29NKA==,Sandy,0,F,0,0
25,rs5Oe/+fa8Ou+9+v/5i3+y3Nz29NKA==,Sandy,0,NA,0,0
50,rs5Oe/+fa8Ou+9+v/5i3+y3Nz29NKA==,Sandy,0,F,0,0
25,rs5Oe/+fa8Ou+9+v/5i3+y3Nz29NKA==,Sandy,0,F,0,0
100,rs5Oe/+fa8Ou+9+v/5i3+y3Nz29NKA==,Sandy,0,F,0,0
100,rs5Oe/+fa8Ou+9+v/5i3+y3Nz29NKA==,Sandy,0,F,0,0
100,rs5Oe/+fa8Ou+9+v/5i3+y3Nz29NKA==,Sandy,0,M,0,0
25,rs5Oe/+fa8Ou+9+v/5i3+y3Nz29NKA==,Sandy,0,F,0,0
50,rs5Oe/+fa8Ou+9+v/5i3+y3Nz29NKA==,Sandy,0,F,0,0
25,rs5Oe/+fa8Ou+9+v/5i3+y3Nz29NKA==,Sandy,0,F,0,0
25,rs5Oe/+fa8Ou+9+v/5i3+y3Nz29NKA==,Sandy,0,F,0,0
25,rs5Oe/+fa8Ou+9+v/5i3+y3Nz29NKA==,Sandy,0,F,0,0
25,rs5Oe/+fa8Ou+9+v/5i3+y3Nz29NKA==,Sandy,0,F,0,0
100,rs5Oe/+fa8Ou+9+v/5i3+y3Nz29NKA==,Sandy,0,F,0,1
25,rs5Oe/+fa8Ou+9+v/5i3+y3Nz29NKA==,Sandy,0,M,0,0
500,rs5Oe/+fa8Ou+9+v/5i3+y3Nz29NKA==,Sandy,0,M,0,0
500,rs5Oe/+fa8Ou+9+v/5i3+y3Nz29NKA==,Sandy,0,F,1,0
50,rs5Oe/+fa8Ou+9+v/5i3+y3Nz29NKA==,Sandy,0,M,0,0
500,rs5Oe/+fa8Ou+9+v/5i3+y3Nz29NKA==,Sandy,0,M,1,0
25,rs5Oe/+fa8Ou+9+v/5i3+y3Nz29NKA==,Sandy,0,F,0,0
500,rs5Oe/+fa8Ou+9+v/5i3+y3Nz29NKA==,Sandy,1,NA,0,0
50,rs5Oe/+fa8Ou+9+v/5i3+y3Nz29NKA==,Sandy,0,F,0,0
15,rs5Oe/+fa8Ou+9+v/5i3+y3Nz29NKA==,Sandy,0,F,0,0
50,C0EFtOX1WqXdw8XuTZ2Qgy3NziFDPA==,Sandy,0,NA,0,0
20,C0EFtOX1WqXdw8XuTZ2Qgy3NziFDPA==,Sandy,0,F,0,0
30,C0EFtOX1WqXdw8XuTZ2Qgy3NziFDPA==,Sandy,0,F,0,0
25,C0EFtOX1WqXdw8XuTZ2Qgy3NziFDPA==,Sandy,0,F,0,0
23,C0EFtOX1WqXdw8XuTZ2Qgy3NziFDPA==,Sandy,0,NA,0,0
20,C0EFtOX1WqXdw8XuTZ2Qgy3NziFDPA==,Sandy,0,M,0,0
20,C0EFtOX1WqXdw8XuTZ2Qgy3NziFDPA==,Sandy,0,NA,0,0
50,C0EFtOX1WqXdw8XuTZ2Qgy3NziFDPA==,Sandy,0,F,0,0
60,C0EFtOX1WqXdw8XuTZ2Qgy3NziFDPA==,Sandy,0,M,0,0
20,C0EFtOX1WqXdw8XuTZ2Qgy3NziFDPA==,Sandy,0,F,0,0
60,C0EFtOX1WqXdw8XuTZ2Qgy3NziFDPA==,Sandy,0,NA,0,0
20,C0EFtOX1WqXdw8XuTZ2Qgy3NziFDPA==,Sandy,0,F,0,0
50,C0EFtOX1WqXdw8XuTZ2Qgy3NziFDPA==,Sandy,0,NA,0,0
40,C0EFtOX1WqXdw8XuTZ2Qgy3NziFDPA==,Sandy,0,NA,0,0
25,C0EFtOX1WqXdw8XuTZ2Qgy3NziFDPA==,Sandy,0,F,0,0
50,C0EFtOX1WqXdw8XuTZ2Qgy3NziFDPA==,Sandy,0,NA,0,0
500,C0EFtOX1WqXdw8XuTZ2Qgy3NziFDPA==,Sandy,0,NA,0,0
50,C0EFtOX1WqXdw8XuTZ2Qgy3NziFDPA==,Sandy,0,NA,0,0
50,C0EFtOX1WqXdw8XuTZ2Qgy3NziFDPA==,Sandy,1,NA,0,0
10,C0EFtOX1WqXdw8XuTZ2Qgy3NziFDPA==,Sandy,0,NA,0,0
50,C0EFtOX1WqXdw8XuTZ2Qgy3NziFDPA==,Sandy,0,M,0,0
25,C0EFtOX1WqXdw8XuTZ2Qgy3NziFDPA==,Sandy,1,NA,0,0
25,C0EFtOX1WqXdw8XuTZ2Qgy3NziFDPA==,Sandy,1,NA,0,0
25,C0EFtOX1WqXdw8XuTZ2Qgy3NziFDPA==,Sandy,1,NA,0,0
50,C0EFtOX1WqXdw8XuTZ2Qgy3NziFDPA==,Sandy,1,NA,0,0
50,C0EFtOX1WqXdw8XuTZ2Qgy3NziFDPA==,Sandy,1,NA,0,0
50,C0EFtOX1WqXdw8XuTZ2Qgy3NziFDPA==,Sandy,1,NA,0,0
50,06tCkI2lkgDwVN+aMo/qiy3NzSAJMA==,Sandy,0,M,0,0
500,06tCkI2lkgDwVN+aMo/qiy3NzSAJMA==,Sandy,0,NA,0,0
200,06tCkI2lkgDwVN+aMo/qiy3NzSAJMA==,Sandy,0,M,0,0
200,06tCkI2lkgDwVN+aMo/qiy3NzSAJMA==,Sandy,0,NA,0,0
36,06tCkI2lkgDwVN+aMo/qiy3NzSAJMA==,Sandy,0,NA,0,0
50,06tCkI2lkgDwVN+aMo/qiy3NzSAJMA==,Sandy,0,F,0,0
50,06tCkI2lkgDwVN+aMo/qiy3NzSAJMA==,Sandy,0,M,0,0
18,06tCkI2lkgDwVN+aMo/qiy3NzSAJMA==,Sandy,0,F,0,0
100,06tCkI2lkgDwVN+aMo/qiy3NzSAJMA==,Sandy,0,F,0,0
100,06tCkI2lkgDwVN+aMo/qiy3NzSAJMA==,Sandy,0,NA,0,0
100,06tCkI2lkgDwVN+aMo/qiy3NzSAJMA==,Sandy,0,NA,0,0
200,06tCkI2lkgDwVN+aMo/qiy3NzSAJMA==,Sandy,0,NA,0,0
50,06tCkI2lkgDwVN+aMo/qiy3NzSAJMA==,Sandy,0,NA,0,0
100,06tCkI2lkgDwVN+aMo/qiy3NzSAJMA==,Sandy,0,M,0,0
200,06tCkI2lkgDwVN+aMo/qiy3NzSAJMA==,Sandy,0,NA,0,0
100,06tCkI2lkgDwVN+aMo/qiy3NzSAJMA==,Sandy,1,NA,0,0
100,06tCkI2lkgDwVN+aMo/qiy3NzSAJMA==,Sandy,1,NA,0,0
500,06tCkI2lkgDwVN+aMo/qiy3NzSAJMA==,Sandy,1,NA,0,0
100,06tCkI2lkgDwVN+aMo/qiy3NzSAJMA==,Sandy,0,F,0,0
100,06tCkI2lkgDwVN+aMo/qiy3NzSAJMA==,Sandy,0,M,0,0
100,iDCZlgCAKu8Zd4j12zDr0y3N0XNCMA==,Sandy,0,NA,0,0
20,iDCZlgCAKu8Zd4j12zDr0y3N0XNCMA==,Sandy,0,M,0,0
25,iDCZlgCAKu8Zd4j12zDr0y3N0XNCMA==,Sandy,0,NA,0,0
20,iDCZlgCAKu8Zd4j12zDr0y3N0XNCMA==,Sandy,0,F,0,0
100,iDCZlgCAKu8Zd4j12zDr0y3N0XNCMA==,Sandy,0,M,0,0
20,iDCZlgCAKu8Zd4j12zDr0y3N0XNCMA==,Sandy,1,NA,0,0
50,iDCZlgCAKu8Zd4j12zDr0y3N0XNCMA==,Sandy,1,NA,0,0
100,iDCZlgCAKu8Zd4j12zDr0y3N0XNCMA==,Sandy,0,F,0,0
50,iDCZlgCAKu8Zd4j12zDr0y3N0XNCMA==,Sandy,1,NA,0,0
100,iDCZlgCAKu8Zd4j12zDr0y3N0XNCMA==,Sandy,0,F,0,1
100,iDCZlgCAKu8Zd4j12zDr0y3N0XNCMA==,Sandy,0,M,0,0
110,iDCZlgCAKu8Zd4j12zDr0y3N0XNCMA==,Sandy,0,M,0,0
75,iDCZlgCAKu8Zd4j12zDr0y3N0XNCMA==,Sandy,0,F,0,0
50,iDCZlgCAKu8Zd4j12zDr0y3N0XNCMA==,Sandy,0,NA,0,0
52,iDCZlgCAKu8Zd4j12zDr0y3N0XNCMA==,Sandy,0,M,0,0
131,iDCZlgCAKu8Zd4j12zDr0y3N0XNCMA==,Sandy,0,M,0,0
27,iDCZlgCAKu8Zd4j12zDr0y3N0XNCMA==,Sandy,0,M,0,0
40,iDCZlgCAKu8Zd4j12zDr0y3N0XNCMA==,Sandy,1,NA,0,0
50,iDCZlgCAKu8Zd4j12zDr0y3N0XNCMA==,Sandy,0,F,0,0
53,iDCZlgCAKu8Zd4j12zDr0y3N0XNCMA==,Sandy,0,F,0,0
40,iDCZlgCAKu8Zd4j12zDr0y3N0XNCMA==,Sandy,0,M,0,0
150,iDCZlgCAKu8Zd4j12zDr0y3N0XNCMA==,Sandy,0,F,0,0
40,iDCZlgCAKu8Zd4j12zDr0y3N0XNCMA==,Sandy,0,F,0,0
131,iDCZlgCAKu8Zd4j12zDr0y3N0XNCMA==,Sandy,0,NA,0,0
70,iDCZlgCAKu8Zd4j12zDr0y3N0XNCMA==,Sandy,0,M,0,0
50,iDCZlgCAKu8Zd4j12zDr0y3N0XNCMA==,Sandy,0,M,0,0
53,iDCZlgCAKu8Zd4j12zDr0y3N0XNCMA==,Sandy,0,F,1,0
30,iDCZlgCAKu8Zd4j12zDr0y3N0XNCMA==,Sandy,0,M,0,0
50,iDCZlgCAKu8Zd4j12zDr0y3N0XNCMA==,Sandy,0,M,0,0
35,iDCZlgCAKu8Zd4j12zDr0y3N0XNCMA==,Sandy,0,F,0,0
75,iDCZlgCAKu8Zd4j12zDr0y3N0XNCMA==,Sandy,0,NA,0,0
25,iDCZlgCAKu8Zd4j12zDr0y3N0XNCMA==,Sandy,0,F,0,0
20,iDCZlgCAKu8Zd4j12zDr0y3N0XNCMA==,Sandy,0,F,0,0
100,iDCZlgCAKu8Zd4j12zDr0y3N0XNCMA==,Sandy,0,M,0,0
50,iDCZlgCAKu8Zd4j12zDr0y3N0XNCMA==,Sandy,0,M,0,0
25,iDCZlgCAKu8Zd4j12zDr0y3N0XNCMA==,Sandy,0,M,0,0
15,iDCZlgCAKu8Zd4j12zDr0y3N0XNCMA==,Sandy,0,F,0,0
10,iDCZlgCAKu8Zd4j12zDr0y3N0XNCMA==,Sandy,1,NA,0,0
150,iDCZlgCAKu8Zd4j12zDr0y3N0XNCMA==,Sandy,1,NA,0,0
100,iDCZlgCAKu8Zd4j12zDr0y3N0XNCMA==,Sandy,0,F,0,0
100,iDCZlgCAKu8Zd4j12zDr0y3N0XNCMA==,Sandy,0,M,0,0
20,iDCZlgCAKu8Zd4j12zDr0y3N0XNCMA==,Sandy,1,NA,0,0
100,iDCZlgCAKu8Zd4j12zDr0y3N0XNCMA==,Sandy,0,M,0,0
20,iDCZlgCAKu8Zd4j12zDr0y3N0XNCMA==,Sandy,0,M,0,0
50,iDCZlgCAKu8Zd4j12zDr0y3N0XNCMA==,Sandy,0,NA,0,0
20,iDCZlgCAKu8Zd4j12zDr0y3N0XNCMA==,Sandy,0,NA,0,0
100,iDCZlgCAKu8Zd4j12zDr0y3N0XNCMA==,Sandy,0,NA,0,0
35,iDCZlgCAKu8Zd4j12zDr0y3N0XNCMA==,Sandy,0,NA,0,0
20,iDCZlgCAKu8Zd4j12zDr0y3N0XNCMA==,Sandy,0,M,0,0
250,iDCZlgCAKu8Zd4j12zDr0y3N0XNCMA==,Sandy,1,NA,0,0
50,iDCZlgCAKu8Zd4j12zDr0y3N0XNCMA==,Sandy,0,M,0,0
20,iDCZlgCAKu8Zd4j12zDr0y3N0XNCMA==,Sandy,0,NA,0,0
500,iDCZlgCAKu8Zd4j12zDr0y3N0XNCMA==,Sandy,0,M,0,0
20,iDCZlgCAKu8Zd4j12zDr0y3N0XNCMA==,Sandy,0,F,0,0
200,iDCZlgCAKu8Zd4j12zDr0y3N0XNCMA==,Sandy,0,NA,0,0
75,iDCZlgCAKu8Zd4j12zDr0y3N0XNCMA==,Sandy,1,NA,0,0
50,iDCZlgCAKu8Zd4j12zDr0y3N0XNCMA==,Sandy,0,M,0,0
50,iDCZlgCAKu8Zd4j12zDr0y3N0XNCMA==,Sandy,0,F,0,0
50,iDCZlgCAKu8Zd4j12zDr0y3N0XNCMA==,Sandy,0,F,0,0
100,iDCZlgCAKu8Zd4j12zDr0y3N0XNCMA==,Sandy,0,M,0,0
250,iDCZlgCAKu8Zd4j12zDr0y3N0XNCMA==,Sandy,0,M,0,0
50,iDCZlgCAKu8Zd4j12zDr0y3N0XNCMA==,Sandy,0,F,0,0
250,iDCZlgCAKu8Zd4j12zDr0y3N0XNCMA==,Sandy,0,F,0,0
1000,iDCZlgCAKu8Zd4j12zDr0y3N0XNCMA==,Sandy,0,F,0,0
25,iDCZlgCAKu8Zd4j12zDr0y3N0XNCMA==,Sandy,1,NA,0,0
20,iDCZlgCAKu8Zd4j12zDr0y3N0XNCMA==,Sandy,0,M,0,0
50,iDCZlgCAKu8Zd4j12zDr0y3N0XNCMA==,Sandy,0,M,0,0
20,iDCZlgCAKu8Zd4j12zDr0y3N0XNCMA==,Sandy,0,M,0,0
20,iDCZlgCAKu8Zd4j12zDr0y3N0XNCMA==,Sandy,1,NA,0,0
25,iDCZlgCAKu8Zd4j12zDr0y3N0XNCMA==,Sandy,1,NA,0,0
25,iDCZlgCAKu8Zd4j12zDr0y3N0XNCMA==,Sandy,0,F,0,0
25,iDCZlgCAKu8Zd4j12zDr0y3N0XNCMA==,Sandy,0,NA,0,0
50,iDCZlgCAKu8Zd4j12zDr0y3N0XNCMA==,Sandy,0,M,0,0
25,iDCZlgCAKu8Zd4j12zDr0y3N0XNCMA==,Sandy,0,M,0,0
35,iDCZlgCAKu8Zd4j12zDr0y3N0XNCMA==,Sandy,0,NA,0,0
50,iDCZlgCAKu8Zd4j12zDr0y3N0XNCMA==,Sandy,0,NA,0,0
25,iDCZlgCAKu8Zd4j12zDr0y3N0XNCMA==,Sandy,0,M,0,0
18,iDCZlgCAKu8Zd4j12zDr0y3N0XNCMA==,Sandy,0,M,0,0
50,iDCZlgCAKu8Zd4j12zDr0y3N0XNCMA==,Sandy,0,M,0,0
50,iDCZlgCAKu8Zd4j12zDr0y3N0XNCMA==,Sandy,0,NA,0,0
50,iDCZlgCAKu8Zd4j12zDr0y3N0XNCMA==,Sandy,0,F,0,0
100,iDCZlgCAKu8Zd4j12zDr0y3N0XNCMA==,Sandy,0,NA,0,0
100,iDCZlgCAKu8Zd4j12zDr0y3N0XNCMA==,Sandy,0,F,0,0
20,iDCZlgCAKu8Zd4j12zDr0y3N0XNCMA==,Sandy,1,NA,0,0
100,iDCZlgCAKu8Zd4j12zDr0y3N0XNCMA==,Sandy,0,M,0,0
40,iDCZlgCAKu8Zd4j12zDr0y3N0XNCMA==,Sandy,0,M,0,0
20,iDCZlgCAKu8Zd4j12zDr0y3N0XNCMA==,Sandy,1,NA,0,0
25,iDCZlgCAKu8Zd4j12zDr0y3N0XNCMA==,Sandy,0,NA,0,0
100,iDCZlgCAKu8Zd4j12zDr0y3N0XNCMA==,Sandy,1,NA,0,0
18,iDCZlgCAKu8Zd4j12zDr0y3N0XNCMA==,Sandy,1,NA,0,0
50,iDCZlgCAKu8Zd4j12zDr0y3N0XNCMA==,Sandy,0,F,0,0
18,iDCZlgCAKu8Zd4j12zDr0y3N0XNCMA==,Sandy,0,F,0,0
20,iDCZlgCAKu8Zd4j12zDr0y3N0XNCMA==,Sandy,0,F,0,0
25,iDCZlgCAKu8Zd4j12zDr0y3N0XNCMA==,Sandy,0,F,0,0
25,iDCZlgCAKu8Zd4j12zDr0y3N0XNCMA==,Sandy,0,M,0,0
20,iDCZlgCAKu8Zd4j12zDr0y3N0XNCMA==,Sandy,0,NA,0,0
25,iDCZlgCAKu8Zd4j12zDr0y3N0XNCMA==,Sandy,0,M,0,0
50,iDCZlgCAKu8Zd4j12zDr0y3N0XNCMA==,Sandy,0,M,0,0
100,iDCZlgCAKu8Zd4j12zDr0y3N0XNCMA==,Sandy,0,F,0,0
25,iDCZlgCAKu8Zd4j12zDr0y3N0XNCMA==,Sandy,0,F,0,0
100,iDCZlgCAKu8Zd4j12zDr0y3N0XNCMA==,Sandy,0,M,0,0
50,iDCZlgCAKu8Zd4j12zDr0y3N0XNCMA==,Sandy,1,NA,0,0
20,iDCZlgCAKu8Zd4j12zDr0y3N0XNCMA==,Sandy,1,NA,0,0
100,iDCZlgCAKu8Zd4j12zDr0y3N0XNCMA==,Sandy,0,NA,0,0
25,iDCZlgCAKu8Zd4j12zDr0y3N0XNCMA==,Sandy,1,NA,0,0
50,iDCZlgCAKu8Zd4j12zDr0y3N0XNCMA==,Sandy,1,NA,0,0
50,iDCZlgCAKu8Zd4j12zDr0y3N0XNCMA==,Sandy,1,NA,0,0
5,iDCZlgCAKu8Zd4j12zDr0y3N0XNCMA==,Sandy,0,F,0,0
20,iDCZlgCAKu8Zd4j12zDr0y3N0XNCMA==,Sandy,0,F,0,0
18,iDCZlgCAKu8Zd4j12zDr0y3N0XNCMA==,Sandy,1,NA,0,0
20,iDCZlgCAKu8Zd4j12zDr0y3N0XNCMA==,Sandy,0,F,0,0
25,iDCZlgCAKu8Zd4j12zDr0y3N0XNCMA==,Sandy,1,NA,0,0
50,iDCZlgCAKu8Zd4j12zDr0y3N0XNCMA==,Sandy,1,NA,0,0
50,iDCZlgCAKu8Zd4j12zDr0y3N0XNCMA==,Sandy,0,M,0,0
20,iDCZlgCAKu8Zd4j12zDr0y3N0XNCMA==,Sandy,1,NA,0,0
100,iDCZlgCAKu8Zd4j12zDr0y3N0XNCMA==,Sandy,0,M,0,0
100,iDCZlgCAKu8Zd4j12zDr0y3N0XNCMA==,Sandy,0,NA,0,0
50,iDCZlgCAKu8Zd4j12zDr0y3N0XNCMA==,Sandy,0,NA,0,0
45,iDCZlgCAKu8Zd4j12zDr0y3N0XNCMA==,Sandy,0,F,0,0
100,iDCZlgCAKu8Zd4j12zDr0y3N0XNCMA==,Sandy,1,NA,0,0
30,iDCZlgCAKu8Zd4j12zDr0y3N0XNCMA==,Sandy,0,NA,0,0
25,iDCZlgCAKu8Zd4j12zDr0y3N0XNCMA==,Sandy,0,F,0,0
100,iDCZlgCAKu8Zd4j12zDr0y3N0XNCMA==,Sandy,0,F,0,0
100,iDCZlgCAKu8Zd4j12zDr0y3N0XNCMA==,Sandy,0,NA,0,0
20,iDCZlgCAKu8Zd4j12zDr0y3N0XNCMA==,Sandy,1,NA,0,0
50,iDCZlgCAKu8Zd4j12zDr0y3N0XNCMA==,Sandy,0,F,0,0
30,iDCZlgCAKu8Zd4j12zDr0y3N0XNCMA==,Sandy,0,F,0,0
50,iDCZlgCAKu8Zd4j12zDr0y3N0XNCMA==,Sandy,0,F,0,0
200,iDCZlgCAKu8Zd4j12zDr0y3N0XNCMA==,Sandy,0,M,0,0
35,iDCZlgCAKu8Zd4j12zDr0y3N0XNCMA==,Sandy,0,M,0,0
36,iDCZlgCAKu8Zd4j12zDr0y3N0XNCMA==,Sandy,0,F,0,0
100,iDCZlgCAKu8Zd4j12zDr0y3N0XNCMA==,Sandy,0,F,0,0
30,iDCZlgCAKu8Zd4j12zDr0y3N0XNCMA==,Sandy,0,F,0,0
200,iDCZlgCAKu8Zd4j12zDr0y3N0XNCMA==,Sandy,0,NA,0,0
200,iDCZlgCAKu8Zd4j12zDr0y3N0XNCMA==,Sandy,0,M,0,0
25,iDCZlgCAKu8Zd4j12zDr0y3N0XNCMA==,Sandy,0,F,0,0
35,iDCZlgCAKu8Zd4j12zDr0y3N0XNCMA==,Sandy,0,M,0,0
50,iDCZlgCAKu8Zd4j12zDr0y3N0XNCMA==,Sandy,0,NA,0,0
100,iDCZlgCAKu8Zd4j12zDr0y3N0XNCMA==,Sandy,1,NA,0,0
50,iDCZlgCAKu8Zd4j12zDr0y3N0XNCMA==,Sandy,0,M,0,0
25,iDCZlgCAKu8Zd4j12zDr0y3N0XNCMA==,Sandy,0,NA,0,0
25,iDCZlgCAKu8Zd4j12zDr0y3N0XNCMA==,Sandy,0,M,0,0
20,iDCZlgCAKu8Zd4j12zDr0y3N0XNCMA==,Sandy,1,NA,0,0
250,iDCZlgCAKu8Zd4j12zDr0y3N0XNCMA==,Sandy,0,NA,0,0
100,iDCZlgCAKu8Zd4j12zDr0y3N0XNCMA==,Sandy,0,F,0,0
25,iDCZlgCAKu8Zd4j12zDr0y3N0XNCMA==,Sandy,0,NA,0,0
50,iDCZlgCAKu8Zd4j12zDr0y3N0XNCMA==,Sandy,1,NA,0,0
20,iDCZlgCAKu8Zd4j12zDr0y3N0XNCMA==,Sandy,1,NA,0,0
25,iDCZlgCAKu8Zd4j12zDr0y3N0XNCMA==,Sandy,0,M,0,0
50,iDCZlgCAKu8Zd4j12zDr0y3N0XNCMA==,Sandy,0,NA,0,0
20,iDCZlgCAKu8Zd4j12zDr0y3N0XNCMA==,Sandy,0,M,0,0
50,iDCZlgCAKu8Zd4j12zDr0y3N0XNCMA==,Sandy,0,M,0,0
25,iDCZlgCAKu8Zd4j12zDr0y3N0XNCMA==,Sandy,0,F,0,0
500,iDCZlgCAKu8Zd4j12zDr0y3N0XNCMA==,Sandy,0,M,0,0
100,iDCZlgCAKu8Zd4j12zDr0y3N0XNCMA==,Sandy,0,NA,0,0
50,iDCZlgCAKu8Zd4j12zDr0y3N0XNCMA==,Sandy,0,NA,0,0
1000,iDCZlgCAKu8Zd4j12zDr0y3N0XNCMA==,Sandy,0,M,0,0
100,iDCZlgCAKu8Zd4j12zDr0y3N0XNCMA==,Sandy,0,M,0,0
100,iDCZlgCAKu8Zd4j12zDr0y3N0XNCMA==,Sandy,0,F,0,0
200,iDCZlgCAKu8Zd4j12zDr0y3N0XNCMA==,Sandy,1,NA,0,0
25,iDCZlgCAKu8Zd4j12zDr0y3N0XNCMA==,Sandy,0,NA,0,0
100,iDCZlgCAKu8Zd4j12zDr0y3N0XNCMA==,Sandy,0,M,0,0
40,iDCZlgCAKu8Zd4j12zDr0y3N0XNCMA==,Sandy,0,F,0,0
100,iDCZlgCAKu8Zd4j12zDr0y3N0XNCMA==,Sandy,0,NA,0,0
100,iDCZlgCAKu8Zd4j12zDr0y3N0XNCMA==,Sandy,0,NA,0,0
20,iDCZlgCAKu8Zd4j12zDr0y3N0XNCMA==,Sandy,0,F,0,0
50,iDCZlgCAKu8Zd4j12zDr0y3N0XNCMA==,Sandy,0,F,0,0
100,iDCZlgCAKu8Zd4j12zDr0y3N0XNCMA==,Sandy,0,F,0,0
26,iDCZlgCAKu8Zd4j12zDr0y3N0XNCMA==,Sandy,0,NA,0,1
25,iDCZlgCAKu8Zd4j12zDr0y3N0XNCMA==,Sandy,0,F,0,0
25,iDCZlgCAKu8Zd4j12zDr0y3N0XNCMA==,Sandy,0,M,0,0
20,iDCZlgCAKu8Zd4j12zDr0y3N0XNCMA==,Sandy,0,F,0,0
30,iDCZlgCAKu8Zd4j12zDr0y3N0XNCMA==,Sandy,0,F,0,0
25,iDCZlgCAKu8Zd4j12zDr0y3N0XNCMA==,Sandy,0,NA,0,0
25,iDCZlgCAKu8Zd4j12zDr0y3N0XNCMA==,Sandy,0,F,0,0
50,iDCZlgCAKu8Zd4j12zDr0y3N0XNCMA==,Sandy,0,M,0,0
25,iDCZlgCAKu8Zd4j12zDr0y3N0XNCMA==,Sandy,1,NA,0,0
100,iDCZlgCAKu8Zd4j12zDr0y3N0XNCMA==,Sandy,0,NA,0,0
20,iDCZlgCAKu8Zd4j12zDr0y3N0XNCMA==,Sandy,0,F,0,0
100,iDCZlgCAKu8Zd4j12zDr0y3N0XNCMA==,Sandy,1,NA,0,0
50,iDCZlgCAKu8Zd4j12zDr0y3N0XNCMA==,Sandy,0,M,0,1
25,iDCZlgCAKu8Zd4j12zDr0y3N0XNCMA==,Sandy,0,F,0,0
100,iDCZlgCAKu8Zd4j12zDr0y3N0XNCMA==,Sandy,0,NA,0,0
100,iDCZlgCAKu8Zd4j12zDr0y3N0XNCMA==,Sandy,0,NA,0,0
25,iDCZlgCAKu8Zd4j12zDr0y3N0XNCMA==,Sandy,0,M,0,0
10,iDCZlgCAKu8Zd4j12zDr0y3N0XNCMA==,Sandy,0,M,0,0
20,iDCZlgCAKu8Zd4j12zDr0y3N0XNCMA==,Sandy,0,NA,0,0
100,iDCZlgCAKu8Zd4j12zDr0y3N0XNCMA==,Sandy,1,NA,0,0
50,iDCZlgCAKu8Zd4j12zDr0y3N0XNCMA==,Sandy,0,NA,0,0
50,iDCZlgCAKu8Zd4j12zDr0y3N0XNCMA==,Sandy,0,F,0,0
25,iDCZlgCAKu8Zd4j12zDr0y3N0XNCMA==,Sandy,0,F,0,0
25,iDCZlgCAKu8Zd4j12zDr0y3N0XNCMA==,Sandy,0,F,0,0
25,iDCZlgCAKu8Zd4j12zDr0y3N0XNCMA==,Sandy,1,NA,0,0
50,iDCZlgCAKu8Zd4j12zDr0y3N0XNCMA==,Sandy,0,M,0,0
25,iDCZlgCAKu8Zd4j12zDr0y3N0XNCMA==,Sandy,0,NA,0,0
5,iDCZlgCAKu8Zd4j12zDr0y3N0XNCMA==,Sandy,0,M,0,0
200,iDCZlgCAKu8Zd4j12zDr0y3N0XNCMA==,Sandy,1,NA,0,0
25,iDCZlgCAKu8Zd4j12zDr0y3N0XNCMA==,Sandy,1,NA,0,0
50,iDCZlgCAKu8Zd4j12zDr0y3N0XNCMA==,Sandy,0,F,0,0
100,iDCZlgCAKu8Zd4j12zDr0y3N0XNCMA==,Sandy,0,M,0,0
25,iDCZlgCAKu8Zd4j12zDr0y3N0XNCMA==,Sandy,1,NA,0,0
100,iDCZlgCAKu8Zd4j12zDr0y3N0XNCMA==,Sandy,0,M,0,0
25,iDCZlgCAKu8Zd4j12zDr0y3N0XNCMA==,Sandy,1,NA,0,0
20,iDCZlgCAKu8Zd4j12zDr0y3N0XNCMA==,Sandy,0,NA,0,0
25,iDCZlgCAKu8Zd4j12zDr0y3N0XNCMA==,Sandy,0,F,0,0
50,iDCZlgCAKu8Zd4j12zDr0y3N0XNCMA==,Sandy,0,F,0,0
35,iDCZlgCAKu8Zd4j12zDr0y3N0XNCMA==,Sandy,0,F,0,0
50,iDCZlgCAKu8Zd4j12zDr0y3N0XNCMA==,Sandy,0,F,0,0
20,iDCZlgCAKu8Zd4j12zDr0y3N0XNCMA==,Sandy,0,M,0,0
50,iDCZlgCAKu8Zd4j12zDr0y3N0XNCMA==,Sandy,0,M,0,0
30,iDCZlgCAKu8Zd4j12zDr0y3N0XNCMA==,Sandy,0,M,0,0
500,iDCZlgCAKu8Zd4j12zDr0y3N0XNCMA==,Sandy,0,F,1,0
50,iDCZlgCAKu8Zd4j12zDr0y3N0XNCMA==,Sandy,0,F,0,0
100,iDCZlgCAKu8Zd4j12zDr0y3N0XNCMA==,Sandy,0,F,0,0
100,DY+O15KfbUkkWuaDWKeAgy3N0WNNbw==,Sandy,0,NA,0,0
100,DY+O15KfbUkkWuaDWKeAgy3N0WNNbw==,Sandy,0,NA,0,0
100,DY+O15KfbUkkWuaDWKeAgy3N0WNNbw==,Sandy,0,NA,0,0
20,DY+O15KfbUkkWuaDWKeAgy3N0WNNbw==,Sandy,0,M,0,0
25,DY+O15KfbUkkWuaDWKeAgy3N0WNNbw==,Sandy,0,F,0,0
25,DY+O15KfbUkkWuaDWKeAgy3N0WNNbw==,Sandy,0,M,0,0
50,DY+O15KfbUkkWuaDWKeAgy3N0WNNbw==,Sandy,0,F,0,0
5,DY+O15KfbUkkWuaDWKeAgy3N0WNNbw==,Sandy,0,NA,0,1
100,DY+O15KfbUkkWuaDWKeAgy3N0WNNbw==,Sandy,0,NA,0,0
20,DY+O15KfbUkkWuaDWKeAgy3N0WNNbw==,Sandy,1,NA,0,0
40,7/bRZADoK4d+8VTViiEg1y3N1XMaPA==,Sandy,0,F,0,0
50,7/bRZADoK4d+8VTViiEg1y3N1XMaPA==,Sandy,0,NA,0,0
100,7/bRZADoK4d+8VTViiEg1y3N1XMaPA==,Sandy,0,F,0,0
30,7/bRZADoK4d+8VTViiEg1y3N1XMaPA==,Sandy,0,F,0,0
50,7/bRZADoK4d+8VTViiEg1y3N1XMaPA==,Sandy,0,NA,0,0
250,7/bRZADoK4d+8VTViiEg1y3N1XMaPA==,Sandy,1,NA,0,0
20,7/bRZADoK4d+8VTViiEg1y3N1XMaPA==,Sandy,0,F,0,0
100,7/bRZADoK4d+8VTViiEg1y3N1XMaPA==,Sandy,0,F,0,0
50,7/bRZADoK4d+8VTViiEg1y3N1XMaPA==,Sandy,0,F,0,0
20,7/bRZADoK4d+8VTViiEg1y3N1XMaPA==,Sandy,0,F,0,0
10,7/bRZADoK4d+8VTViiEg1y3N1XMaPA==,Sandy,0,F,0,0
25,7/bRZADoK4d+8VTViiEg1y3N1XMaPA==,Sandy,0,F,0,0
100,7/bRZADoK4d+8VTViiEg1y3N1XMaPA==,Sandy,0,F,0,0
25,7/bRZADoK4d+8VTViiEg1y3N1XMaPA==,Sandy,0,F,0,0
30,tiLVvRFZ4NMTddjyYeN7ni3Ok3EYaw==,Sandy,1,NA,0,0
50,tiLVvRFZ4NMTddjyYeN7ni3Ok3EYaw==,Sandy,0,M,0,0
50,tiLVvRFZ4NMTddjyYeN7ni3Ok3EYaw==,Sandy,0,NA,0,0
50,tiLVvRFZ4NMTddjyYeN7ni3Ok3EYaw==,Sandy,0,F,0,0
50,tiLVvRFZ4NMTddjyYeN7ni3Ok3EYaw==,Sandy,0,M,0,0
50,tiLVvRFZ4NMTddjyYeN7ni3Ok3EYaw==,Sandy,1,NA,0,0
25,tiLVvRFZ4NMTddjyYeN7ni3Ok3EYaw==,Sandy,0,F,0,0
40,tiLVvRFZ4NMTddjyYeN7ni3Ok3EYaw==,Sandy,0,F,0,0
100,tiLVvRFZ4NMTddjyYeN7ni3Ok3EYaw==,Sandy,0,F,0,0
100,tiLVvRFZ4NMTddjyYeN7ni3Ok3EYaw==,Sandy,0,F,0,0
100,tiLVvRFZ4NMTddjyYeN7ni3Ok3EYaw==,Sandy,0,F,0,0
10,tiLVvRFZ4NMTddjyYeN7ni3Ok3EYaw==,Sandy,0,NA,0,0
50,mg2Z/AXr/UDolWUwdkFkoy3OkXBINA==,Sandy,0,F,0,0
100,mg2Z/AXr/UDolWUwdkFkoy3OkXBINA==,Sandy,0,F,0,0
50,mg2Z/AXr/UDolWUwdkFkoy3OkXBINA==,Sandy,1,NA,0,0
500,mg2Z/AXr/UDolWUwdkFkoy3OkXBINA==,Sandy,0,M,0,0
100,mg2Z/AXr/UDolWUwdkFkoy3OkXBINA==,Sandy,0,NA,0,0
100,mg2Z/AXr/UDolWUwdkFkoy3OkXBINA==,Sandy,0,NA,0,0
300,mg2Z/AXr/UDolWUwdkFkoy3OkXBINA==,Sandy,0,M,0,1
50,mg2Z/AXr/UDolWUwdkFkoy3OkXBINA==,Sandy,0,NA,0,0
300,mg2Z/AXr/UDolWUwdkFkoy3OkXBINA==,Sandy,0,NA,0,0
50,mg2Z/AXr/UDolWUwdkFkoy3OkXBINA==,Sandy,0,F,0,0
25,mg2Z/AXr/UDolWUwdkFkoy3OkXBINA==,Sandy,0,NA,0,0
200,mg2Z/AXr/UDolWUwdkFkoy3OkXBINA==,Sandy,1,NA,0,0
50,mg2Z/AXr/UDolWUwdkFkoy3OkXBINA==,Sandy,0,M,0,0
25,mg2Z/AXr/UDolWUwdkFkoy3OkXBINA==,Sandy,0,NA,0,0
500,mg2Z/AXr/UDolWUwdkFkoy3OkXBINA==,Sandy,0,NA,0,0
50,mg2Z/AXr/UDolWUwdkFkoy3OkXBINA==,Sandy,0,F,0,0
50,mg2Z/AXr/UDolWUwdkFkoy3OkXBINA==,Sandy,0,F,0,0
30,mg2Z/AXr/UDolWUwdkFkoy3OkXBINA==,Sandy,0,M,0,0
75,mg2Z/AXr/UDolWUwdkFkoy3OkXBINA==,Sandy,0,NA,1,0
250,mg2Z/AXr/UDolWUwdkFkoy3OkXBINA==,Sandy,1,NA,0,0
100,mg2Z/AXr/UDolWUwdkFkoy3OkXBINA==,Sandy,0,M,0,0
50,mg2Z/AXr/UDolWUwdkFkoy3OkXBINA==,Sandy,0,M,0,0
20,mg2Z/AXr/UDolWUwdkFkoy3OkXBINA==,Sandy,0,NA,0,0
150,mg2Z/AXr/UDolWUwdkFkoy3OkXBINA==,Sandy,0,NA,0,0
50,mg2Z/AXr/UDolWUwdkFkoy3OkXBINA==,Sandy,0,F,0,0
250,mg2Z/AXr/UDolWUwdkFkoy3OkXBINA==,Sandy,0,NA,0,0
100,mg2Z/AXr/UDolWUwdkFkoy3OkXBINA==,Sandy,0,NA,0,0
100,mg2Z/AXr/UDolWUwdkFkoy3OkXBINA==,Sandy,0,NA,0,1
250,mg2Z/AXr/UDolWUwdkFkoy3OkXBINA==,Sandy,0,NA,0,0
500,mg2Z/AXr/UDolWUwdkFkoy3OkXBINA==,Sandy,0,NA,0,0
50,mg2Z/AXr/UDolWUwdkFkoy3OkXBINA==,Sandy,0,F,0,0
150,mg2Z/AXr/UDolWUwdkFkoy3OkXBINA==,Sandy,0,M,0,0
50,mg2Z/AXr/UDolWUwdkFkoy3OkXBINA==,Sandy,0,F,0,0
250,mg2Z/AXr/UDolWUwdkFkoy3OkXBINA==,Sandy,0,NA,0,0
20,mg2Z/AXr/UDolWUwdkFkoy3OkXBINA==,Sandy,0,F,0,0
100,mg2Z/AXr/UDolWUwdkFkoy3OkXBINA==,Sandy,0,M,0,0
250,mg2Z/AXr/UDolWUwdkFkoy3OkXBINA==,Sandy,0,M,0,0
100,mg2Z/AXr/UDolWUwdkFkoy3OkXBINA==,Sandy,0,NA,0,0
200,mg2Z/AXr/UDolWUwdkFkoy3OkXBINA==,Sandy,0,NA,0,0
50,mg2Z/AXr/UDolWUwdkFkoy3OkXBINA==,Sandy,0,M,0,0
500,mg2Z/AXr/UDolWUwdkFkoy3OkXBINA==,Sandy,0,M,0,0
100,mg2Z/AXr/UDolWUwdkFkoy3OkXBINA==,Sandy,0,NA,0,1
200,mg2Z/AXr/UDolWUwdkFkoy3OkXBINA==,Sandy,0,NA,0,0
100,mg2Z/AXr/UDolWUwdkFkoy3OkXBINA==,Sandy,0,NA,0,0
100,mg2Z/AXr/UDolWUwdkFkoy3OkXBINA==,Sandy,0,M,0,0
250,mg2Z/AXr/UDolWUwdkFkoy3OkXBINA==,Sandy,0,NA,0,0
1000,mg2Z/AXr/UDolWUwdkFkoy3OkXBINA==,Sandy,1,NA,0,0
100,mg2Z/AXr/UDolWUwdkFkoy3OkXBINA==,Sandy,1,NA,0,0
500,mg2Z/AXr/UDolWUwdkFkoy3OkXBINA==,Sandy,0,M,0,0
100,mg2Z/AXr/UDolWUwdkFkoy3OkXBINA==,Sandy,0,M,0,0
100,mg2Z/AXr/UDolWUwdkFkoy3OkXBINA==,Sandy,0,M,0,0
100,mg2Z/AXr/UDolWUwdkFkoy3OkXBINA==,Sandy,0,F,0,0
50,mg2Z/AXr/UDolWUwdkFkoy3OkXBINA==,Sandy,0,F,0,0
100,mg2Z/AXr/UDolWUwdkFkoy3OkXBINA==,Sandy,1,NA,0,0
25,mg2Z/AXr/UDolWUwdkFkoy3OkXBINA==,Sandy,0,F,0,0
100,mg2Z/AXr/UDolWUwdkFkoy3OkXBINA==,Sandy,0,F,0,0
25,I8lC5chiFIm0ARQdmZWOoS3Oli4eLA==,Sandy,1,NA,0,0
20,I8lC5chiFIm0ARQdmZWOoS3Oli4eLA==,Sandy,0,F,0,0
25,I8lC5chiFIm0ARQdmZWOoS3Oli4eLA==,Sandy,0,NA,0,0
50,I8lC5chiFIm0ARQdmZWOoS3Oli4eLA==,Sandy,0,NA,0,0
250,I8lC5chiFIm0ARQdmZWOoS3Oli4eLA==,Sandy,1,NA,0,0
200,I8lC5chiFIm0ARQdmZWOoS3Oli4eLA==,Sandy,1,NA,0,0
50,I8lC5chiFIm0ARQdmZWOoS3Oli4eLA==,Sandy,1,NA,0,0
50,I8lC5chiFIm0ARQdmZWOoS3Oli4eLA==,Sandy,0,F,0,0
100,I8lC5chiFIm0ARQdmZWOoS3Oli4eLA==,Sandy,1,NA,0,0
50,I8lC5chiFIm0ARQdmZWOoS3Oli4eLA==,Sandy,1,NA,0,0
50,I8lC5chiFIm0ARQdmZWOoS3Oli4eLA==,Sandy,1,NA,0,0
25,I8lC5chiFIm0ARQdmZWOoS3Oli4eLA==,Sandy,1,NA,0,0
50,I8lC5chiFIm0ARQdmZWOoS3Oli4eLA==,Sandy,0,NA,0,0
50,I8lC5chiFIm0ARQdmZWOoS3Oli4eLA==,Sandy,0,M,0,0
50,I8lC5chiFIm0ARQdmZWOoS3Oli4eLA==,Sandy,1,NA,0,0
25,I8lC5chiFIm0ARQdmZWOoS3Oli4eLA==,Sandy,1,NA,0,0
50,I8lC5chiFIm0ARQdmZWOoS3Oli4eLA==,Sandy,1,NA,0,0
60,I8lC5chiFIm0ARQdmZWOoS3Oli4eLA==,Sandy,1,NA,0,0
1000,I8lC5chiFIm0ARQdmZWOoS3Oli4eLA==,Sandy,1,NA,0,0
50,I8lC5chiFIm0ARQdmZWOoS3Oli4eLA==,Sandy,1,NA,0,0
50,I8lC5chiFIm0ARQdmZWOoS3Oli4eLA==,Sandy,1,NA,0,0
50,I8lC5chiFIm0ARQdmZWOoS3Oli4eLA==,Sandy,0,M,0,0
200,I8lC5chiFIm0ARQdmZWOoS3Oli4eLA==,Sandy,0,F,0,0
50,I8lC5chiFIm0ARQdmZWOoS3Oli4eLA==,Sandy,0,M,0,0
50,557b+nYmpJ0lq85pHTD8yS3OmyBIaw==,Sandy,0,F,0,0
50,557b+nYmpJ0lq85pHTD8yS3OmyBIaw==,Sandy,1,NA,0,0
10,557b+nYmpJ0lq85pHTD8yS3OmyBIaw==,Sandy,0,F,0,0
25,557b+nYmpJ0lq85pHTD8yS3OmyBIaw==,Sandy,0,M,0,0
25,557b+nYmpJ0lq85pHTD8yS3OmyBIaw==,Sandy,0,F,0,0
20,557b+nYmpJ0lq85pHTD8yS3OmyBIaw==,Sandy,0,F,0,0
20,557b+nYmpJ0lq85pHTD8yS3OmyBIaw==,Sandy,0,F,0,0
20,557b+nYmpJ0lq85pHTD8yS3OmyBIaw==,Sandy,0,F,0,0
25,557b+nYmpJ0lq85pHTD8yS3OmyBIaw==,Sandy,0,F,0,0
50,557b+nYmpJ0lq85pHTD8yS3OmyBIaw==,Sandy,0,F,0,0
15,557b+nYmpJ0lq85pHTD8yS3OmyBIaw==,Sandy,0,F,0,0
20,557b+nYmpJ0lq85pHTD8yS3OmyBIaw==,Sandy,0,F,0,0
30,557b+nYmpJ0lq85pHTD8yS3OmyBIaw==,Sandy,0,F,0,0
20,557b+nYmpJ0lq85pHTD8yS3OmyBIaw==,Sandy,0,F,0,0
20,557b+nYmpJ0lq85pHTD8yS3OmyBIaw==,Sandy,0,F,0,0
100,557b+nYmpJ0lq85pHTD8yS3OmyBIaw==,Sandy,0,F,0,0
20,557b+nYmpJ0lq85pHTD8yS3OmyBIaw==,Sandy,0,M,0,0
15,557b+nYmpJ0lq85pHTD8yS3OmyBIaw==,Sandy,0,F,0,0
20,557b+nYmpJ0lq85pHTD8yS3OmyBIaw==,Sandy,0,NA,0,0
25,557b+nYmpJ0lq85pHTD8yS3OmyBIaw==,Sandy,0,F,0,0
25,557b+nYmpJ0lq85pHTD8yS3OmyBIaw==,Sandy,0,NA,0,0
20,557b+nYmpJ0lq85pHTD8yS3OmyBIaw==,Sandy,0,F,0,0
25,557b+nYmpJ0lq85pHTD8yS3OmyBIaw==,Sandy,0,F,0,0
50,557b+nYmpJ0lq85pHTD8yS3OmyBIaw==,Sandy,0,M,0,0
20,557b+nYmpJ0lq85pHTD8yS3OmyBIaw==,Sandy,0,F,0,0
50,557b+nYmpJ0lq85pHTD8yS3OmyBIaw==,Sandy,0,NA,0,0
50,557b+nYmpJ0lq85pHTD8yS3OmyBIaw==,Sandy,0,M,0,0
10,557b+nYmpJ0lq85pHTD8yS3OmyBIaw==,Sandy,0,M,0,0
60,557b+nYmpJ0lq85pHTD8yS3OmyBIaw==,Sandy,0,M,0,0
40,557b+nYmpJ0lq85pHTD8yS3OmyBIaw==,Sandy,0,M,0,0
20,557b+nYmpJ0lq85pHTD8yS3OmyBIaw==,Sandy,0,M,0,0
20,557b+nYmpJ0lq85pHTD8yS3OmyBIaw==,Sandy,0,M,0,0
40,557b+nYmpJ0lq85pHTD8yS3OmyBIaw==,Sandy,0,F,0,0
10,557b+nYmpJ0lq85pHTD8yS3OmyBIaw==,Sandy,0,F,0,0
20,557b+nYmpJ0lq85pHTD8yS3OmyBIaw==,Sandy,0,F,0,0
50,557b+nYmpJ0lq85pHTD8yS3OmyBIaw==,Sandy,0,F,0,0
25,557b+nYmpJ0lq85pHTD8yS3OmyBIaw==,Sandy,0,F,0,0
25,557b+nYmpJ0lq85pHTD8yS3OmyBIaw==,Sandy,0,M,0,0
100,557b+nYmpJ0lq85pHTD8yS3OmyBIaw==,Sandy,1,NA,0,0
25,557b+nYmpJ0lq85pHTD8yS3OmyBIaw==,Sandy,0,F,0,0
25,557b+nYmpJ0lq85pHTD8yS3OmyBIaw==,Sandy,0,NA,0,0
25,557b+nYmpJ0lq85pHTD8yS3OmyBIaw==,Sandy,0,F,0,0
25,557b+nYmpJ0lq85pHTD8yS3OmyBIaw==,Sandy,1,NA,0,0
25,557b+nYmpJ0lq85pHTD8yS3OmyBIaw==,Sandy,0,M,0,0
25,557b+nYmpJ0lq85pHTD8yS3OmyBIaw==,Sandy,0,F,0,0
25,557b+nYmpJ0lq85pHTD8yS3OmyBIaw==,Sandy,0,F,0,0
25,557b+nYmpJ0lq85pHTD8yS3OmyBIaw==,Sandy,0,F,0,0
20,557b+nYmpJ0lq85pHTD8yS3OmyBIaw==,Sandy,0,NA,0,0
25,557b+nYmpJ0lq85pHTD8yS3OmyBIaw==,Sandy,0,M,0,0
100,557b+nYmpJ0lq85pHTD8yS3OmyBIaw==,Sandy,0,F,0,0
25,557b+nYmpJ0lq85pHTD8yS3OmyBIaw==,Sandy,0,F,0,0
50,Vu2MBFqIoAg/1T/dHFFdni3OzGcdZw==,Sandy,0,F,0,0
40,Vu2MBFqIoAg/1T/dHFFdni3OzGcdZw==,Sandy,0,F,0,0
100,Vu2MBFqIoAg/1T/dHFFdni3OzGcdZw==,Sandy,0,F,0,0
50,Vu2MBFqIoAg/1T/dHFFdni3OzGcdZw==,Sandy,0,M,0,0
20,Vu2MBFqIoAg/1T/dHFFdni3OzGcdZw==,Sandy,0,F,0,0
200,Vu2MBFqIoAg/1T/dHFFdni3OzGcdZw==,Sandy,0,F,0,0
30,Vu2MBFqIoAg/1T/dHFFdni3OzGcdZw==,Sandy,0,F,0,0
20,Vu2MBFqIoAg/1T/dHFFdni3OzGcdZw==,Sandy,0,M,0,0
25,Vu2MBFqIoAg/1T/dHFFdni3OzGcdZw==,Sandy,0,F,0,0
30,Vu2MBFqIoAg/1T/dHFFdni3OzGcdZw==,Sandy,0,M,0,0
20,Vu2MBFqIoAg/1T/dHFFdni3OzGcdZw==,Sandy,0,M,0,0
20,Vu2MBFqIoAg/1T/dHFFdni3OzGcdZw==,Sandy,0,F,0,0
20,Vu2MBFqIoAg/1T/dHFFdni3OzGcdZw==,Sandy,0,F,0,0
20,Vu2MBFqIoAg/1T/dHFFdni3OzGcdZw==,Sandy,0,NA,0,0
200,Tk4cIIOT0Ba85H5JGrif6S3PkSBDaw==,Philippine Relief,0,M,0,0
75,Tk4cIIOT0Ba85H5JGrif6S3PkSBDaw==,Philippine Relief,0,NA,0,0
30,Tk4cIIOT0Ba85H5JGrif6S3PkSBDaw==,Philippine Relief,0,NA,0,0
250,Tk4cIIOT0Ba85H5JGrif6S3PkSBDaw==,Philippine Relief,0,NA,0,0
200,Tk4cIIOT0Ba85H5JGrif6S3PkSBDaw==,Philippine Relief,0,F,0,0
450,Tk4cIIOT0Ba85H5JGrif6S3PkSBDaw==,Philippine Relief,0,NA,0,0
20,Tk4cIIOT0Ba85H5JGrif6S3PkSBDaw==,Philippine Relief,0,F,0,0
25,Tk4cIIOT0Ba85H5JGrif6S3PkSBDaw==,Philippine Relief,0,F,0,0
1362,Tk4cIIOT0Ba85H5JGrif6S3PkSBDaw==,Philippine Relief,0,NA,0,0
20,Tk4cIIOT0Ba85H5JGrif6S3PkSBDaw==,Philippine Relief,1,NA,0,0
50,Tk4cIIOT0Ba85H5JGrif6S3PkSBDaw==,Philippine Relief,0,M,0,0
100,Tk4cIIOT0Ba85H5JGrif6S3PkSBDaw==,Philippine Relief,1,NA,0,0
40,Tk4cIIOT0Ba85H5JGrif6S3PkSBDaw==,Philippine Relief,1,NA,0,0
100,Tk4cIIOT0Ba85H5JGrif6S3PkSBDaw==,Philippine Relief,0,F,0,0
250,Tk4cIIOT0Ba85H5JGrif6S3PkSBDaw==,Philippine Relief,0,NA,0,0
100,Tk4cIIOT0Ba85H5JGrif6S3PkSBDaw==,Philippine Relief,0,M,0,0
100,Tk4cIIOT0Ba85H5JGrif6S3PkSBDaw==,Philippine Relief,0,NA,0,0
500,Tk4cIIOT0Ba85H5JGrif6S3PkSBDaw==,Philippine Relief,0,NA,0,0
100,Tk4cIIOT0Ba85H5JGrif6S3PkSBDaw==,Philippine Relief,0,M,0,0
50,Tk4cIIOT0Ba85H5JGrif6S3PkSBDaw==,Philippine Relief,1,NA,0,0
200,Tk4cIIOT0Ba85H5JGrif6S3PkSBDaw==,Philippine Relief,0,M,0,0
500,Tk4cIIOT0Ba85H5JGrif6S3PkSBDaw==,Philippine Relief,0,NA,0,0
1000,Tk4cIIOT0Ba85H5JGrif6S3PkSBDaw==,Philippine Relief,0,NA,0,0
10,Tk4cIIOT0Ba85H5JGrif6S3PkSBDaw==,Philippine Relief,0,F,0,0
50,Tk4cIIOT0Ba85H5JGrif6S3PkSBDaw==,Philippine Relief,0,F,0,0
100,Tk4cIIOT0Ba85H5JGrif6S3PkSBDaw==,Philippine Relief,0,F,0,0
912,Tk4cIIOT0Ba85H5JGrif6S3PkSBDaw==,Philippine Relief,0,NA,0,0
100,Tk4cIIOT0Ba85H5JGrif6S3PkSBDaw==,Philippine Relief,0,M,0,0
25,Tk4cIIOT0Ba85H5JGrif6S3PkSBDaw==,Philippine Relief,0,F,0,0
50,Tk4cIIOT0Ba85H5JGrif6S3PkSBDaw==,Philippine Relief,0,NA,0,0
50,Tk4cIIOT0Ba85H5JGrif6S3PkSBDaw==,Philippine Relief,0,F,0,0
40,Tk4cIIOT0Ba85H5JGrif6S3PkSBDaw==,Philippine Relief,0,F,0,0
50,Tk4cIIOT0Ba85H5JGrif6S3PkSBDaw==,Philippine Relief,0,F,0,0
5,Tk4cIIOT0Ba85H5JGrif6S3PkSBDaw==,Philippine Relief,1,NA,0,0
50,Tk4cIIOT0Ba85H5JGrif6S3PkSBDaw==,Philippine Relief,1,NA,0,0
400,Tk4cIIOT0Ba85H5JGrif6S3PkSBDaw==,Philippine Relief,0,NA,0,0
25,Tk4cIIOT0Ba85H5JGrif6S3PkSBDaw==,Philippine Relief,1,NA,0,0
100,Tk4cIIOT0Ba85H5JGrif6S3PkSBDaw==,Philippine Relief,1,NA,0,0
100,Tk4cIIOT0Ba85H5JGrif6S3PkSBDaw==,Philippine Relief,1,NA,0,0
100,Tk4cIIOT0Ba85H5JGrif6S3PkSBDaw==,Philippine Relief,1,NA,0,0
20,Tk4cIIOT0Ba85H5JGrif6S3PkSBDaw==,Philippine Relief,0,NA,0,0
10,Tk4cIIOT0Ba85H5JGrif6S3PkSBDaw==,Philippine Relief,1,NA,0,0
50,iSyrw6relCgM16iW3sDrjC3PkGFCPA==,Sandy,0,F,0,0
100,iSyrw6relCgM16iW3sDrjC3PkGFCPA==,Sandy,0,NA,0,0
100,iSyrw6relCgM16iW3sDrjC3PkGFCPA==,Sandy,0,F,0,0
10,iSyrw6relCgM16iW3sDrjC3PkGFCPA==,Sandy,0,NA,0,0
10,iSyrw6relCgM16iW3sDrjC3PkGFCPA==,Sandy,0,F,0,0
50,iSyrw6relCgM16iW3sDrjC3PkGFCPA==,Sandy,0,F,0,0
15,iSyrw6relCgM16iW3sDrjC3PkGFCPA==,Sandy,0,F,0,0
10,iSyrw6relCgM16iW3sDrjC3PkGFCPA==,Sandy,0,F,0,0
10,iSyrw6relCgM16iW3sDrjC3PkGFCPA==,Sandy,0,F,0,0
200,iSyrw6relCgM16iW3sDrjC3PkGFCPA==,Sandy,0,F,0,0
25,iSyrw6relCgM16iW3sDrjC3PkGFCPA==,Sandy,0,F,0,0
20,iSyrw6relCgM16iW3sDrjC3PkGFCPA==,Sandy,0,F,0,0
25,iSyrw6relCgM16iW3sDrjC3PkGFCPA==,Sandy,0,NA,0,0
25,iSyrw6relCgM16iW3sDrjC3PkGFCPA==,Sandy,0,M,0,0
200,iSyrw6relCgM16iW3sDrjC3PkGFCPA==,Sandy,0,M,0,0
100,iSyrw6relCgM16iW3sDrjC3PkGFCPA==,Sandy,0,F,0,0
100,iSyrw6relCgM16iW3sDrjC3PkGFCPA==,Sandy,0,F,0,0
100,iSyrw6relCgM16iW3sDrjC3PkGFCPA==,Sandy,0,F,0,0
20,iSyrw6relCgM16iW3sDrjC3PkGFCPA==,Sandy,1,NA,0,0
500,iSyrw6relCgM16iW3sDrjC3PkGFCPA==,Sandy,0,NA,0,0
25,iSyrw6relCgM16iW3sDrjC3PkGFCPA==,Sandy,1,NA,0,0
10,iSyrw6relCgM16iW3sDrjC3PkGFCPA==,Sandy,0,F,0,0
50,iSyrw6relCgM16iW3sDrjC3PkGFCPA==,Sandy,0,F,0,0
100,iSyrw6relCgM16iW3sDrjC3PkGFCPA==,Sandy,0,NA,0,0
50,iSyrw6relCgM16iW3sDrjC3PkGFCPA==,Sandy,0,F,0,1
111,iSyrw6relCgM16iW3sDrjC3PkGFCPA==,Sandy,0,F,0,0
100,iSyrw6relCgM16iW3sDrjC3PkGFCPA==,Sandy,0,F,0,0
50,iSyrw6relCgM16iW3sDrjC3PkGFCPA==,Sandy,0,M,0,0
100,iSyrw6relCgM16iW3sDrjC3PkGFCPA==,Sandy,0,M,0,0
50,iSyrw6relCgM16iW3sDrjC3PkGFCPA==,Sandy,0,M,0,0
50,iSyrw6relCgM16iW3sDrjC3PkGFCPA==,Sandy,0,NA,0,0
100,iSyrw6relCgM16iW3sDrjC3PkGFCPA==,Sandy,1,NA,0,0
50,njk/voLt0OtUGDupZuANNC3PlGZIKA==,Sandy,0,F,0,0
25,njk/voLt0OtUGDupZuANNC3PlGZIKA==,Sandy,1,NA,0,0
200,njk/voLt0OtUGDupZuANNC3PlGZIKA==,Sandy,1,NA,0,0
50,njk/voLt0OtUGDupZuANNC3PlGZIKA==,Sandy,0,F,0,0
50,njk/voLt0OtUGDupZuANNC3PlGZIKA==,Sandy,0,M,0,0
200,njk/voLt0OtUGDupZuANNC3PlGZIKA==,Sandy,0,NA,0,0
50,njk/voLt0OtUGDupZuANNC3PlGZIKA==,Sandy,0,F,0,0
300,njk/voLt0OtUGDupZuANNC3PlGZIKA==,Sandy,0,M,0,1
25,njk/voLt0OtUGDupZuANNC3PlGZIKA==,Sandy,0,M,0,0
50,njk/voLt0OtUGDupZuANNC3PlGZIKA==,Sandy,0,NA,0,0
25,njk/voLt0OtUGDupZuANNC3PlGZIKA==,Sandy,0,F,0,0
25,njk/voLt0OtUGDupZuANNC3PlGZIKA==,Sandy,0,F,0,0
25,njk/voLt0OtUGDupZuANNC3PlGZIKA==,Sandy,0,F,0,0
100,njk/voLt0OtUGDupZuANNC3PlGZIKA==,Sandy,0,F,0,0
100,njk/voLt0OtUGDupZuANNC3PlGZIKA==,Sandy,0,NA,0,0
100,njk/voLt0OtUGDupZuANNC3PlGZIKA==,Sandy,0,NA,0,0
50,njk/voLt0OtUGDupZuANNC3PlGZIKA==,Sandy,0,F,0,0
200,njk/voLt0OtUGDupZuANNC3PlGZIKA==,Sandy,0,NA,0,0
200,njk/voLt0OtUGDupZuANNC3PlGZIKA==,Sandy,0,F,0,0
100,njk/voLt0OtUGDupZuANNC3PlGZIKA==,Sandy,0,NA,1,0
50,njk/voLt0OtUGDupZuANNC3PlGZIKA==,Sandy,0,F,0,1
60,njk/voLt0OtUGDupZuANNC3PlGZIKA==,Sandy,0,F,0,0
25,njk/voLt0OtUGDupZuANNC3PlGZIKA==,Sandy,1,NA,0,0
100,njk/voLt0OtUGDupZuANNC3PlGZIKA==,Sandy,0,F,1,0
100,njk/voLt0OtUGDupZuANNC3PlGZIKA==,Sandy,0,F,1,0
50,njk/voLt0OtUGDupZuANNC3PlGZIKA==,Sandy,0,F,0,0
200,njk/voLt0OtUGDupZuANNC3PlGZIKA==,Sandy,0,M,0,0
100,1SCKu28nlJdSWV1sgCNgEy3Pz3dMNA==,Sandy,0,F,0,0
25,1SCKu28nlJdSWV1sgCNgEy3Pz3dMNA==,Sandy,0,F,1,0
25,1SCKu28nlJdSWV1sgCNgEy3Pz3dMNA==,Sandy,0,F,0,0
30,1SCKu28nlJdSWV1sgCNgEy3Pz3dMNA==,Sandy,1,NA,0,0
20,1SCKu28nlJdSWV1sgCNgEy3Pz3dMNA==,Sandy,0,M,0,0
100,1SCKu28nlJdSWV1sgCNgEy3Pz3dMNA==,Sandy,0,NA,0,0
100,1SCKu28nlJdSWV1sgCNgEy3Pz3dMNA==,Sandy,0,NA,0,0
25,1SCKu28nlJdSWV1sgCNgEy3Pz3dMNA==,Sandy,0,NA,0,0
25,1SCKu28nlJdSWV1sgCNgEy3Pz3dMNA==,Sandy,0,F,0,0
200,1SCKu28nlJdSWV1sgCNgEy3Pz3dMNA==,Sandy,0,F,0,0
50,1SCKu28nlJdSWV1sgCNgEy3Pz3dMNA==,Sandy,0,NA,0,0
50,1SCKu28nlJdSWV1sgCNgEy3Pz3dMNA==,Sandy,1,NA,0,0
50,1SCKu28nlJdSWV1sgCNgEy3Pz3dMNA==,Sandy,0,M,0,0
50,1SCKu28nlJdSWV1sgCNgEy3Pz3dMNA==,Sandy,0,NA,0,1
50,1SCKu28nlJdSWV1sgCNgEy3Pz3dMNA==,Sandy,1,NA,0,0
50,1SCKu28nlJdSWV1sgCNgEy3Pz3dMNA==,Sandy,0,F,0,0
50,1SCKu28nlJdSWV1sgCNgEy3Pz3dMNA==,Sandy,0,NA,0,0
25,1SCKu28nlJdSWV1sgCNgEy3Pz3dMNA==,Sandy,0,M,0,0
50,1SCKu28nlJdSWV1sgCNgEy3Pz3dMNA==,Sandy,0,F,0,0
25,1SCKu28nlJdSWV1sgCNgEy3Pz3dMNA==,Sandy,0,F,1,0
25,1SCKu28nlJdSWV1sgCNgEy3Pz3dMNA==,Sandy,1,NA,0,0
25,1SCKu28nlJdSWV1sgCNgEy3Pz3dMNA==,Sandy,0,F,0,0
50,1SCKu28nlJdSWV1sgCNgEy3Pz3dMNA==,Sandy,1,NA,0,0
25,1SCKu28nlJdSWV1sgCNgEy3Pz3dMNA==,Sandy,0,F,0,0
100,1SCKu28nlJdSWV1sgCNgEy3Pz3dMNA==,Sandy,0,NA,0,0
50,1SCKu28nlJdSWV1sgCNgEy3Pz3dMNA==,Sandy,1,NA,0,0
25,1SCKu28nlJdSWV1sgCNgEy3Pz3dMNA==,Sandy,0,F,0,0
25,1SCKu28nlJdSWV1sgCNgEy3Pz3dMNA==,Sandy,0,F,0,0
20,1SCKu28nlJdSWV1sgCNgEy3Pz3dMNA==,Sandy,0,F,0,0
25,1SCKu28nlJdSWV1sgCNgEy3Pz3dMNA==,Sandy,0,F,0,0
25,1SCKu28nlJdSWV1sgCNgEy3Pz3dMNA==,Sandy,1,NA,0,0
50,1SCKu28nlJdSWV1sgCNgEy3Pz3dMNA==,Sandy,1,NA,0,0
50,1SCKu28nlJdSWV1sgCNgEy3Pz3dMNA==,Sandy,0,NA,1,0
100,1SCKu28nlJdSWV1sgCNgEy3Pz3dMNA==,Sandy,1,NA,0,0
10,1SCKu28nlJdSWV1sgCNgEy3Pz3dMNA==,Sandy,1,NA,0,0
25,IfC/Rxjqs/tIVUd1aus2Dy3P1iVDNA==,Sandy,0,M,0,0
20,IfC/Rxjqs/tIVUd1aus2Dy3P1iVDNA==,Sandy,0,M,0,0
1000,IfC/Rxjqs/tIVUd1aus2Dy3P1iVDNA==,Sandy,0,NA,0,0
25,IfC/Rxjqs/tIVUd1aus2Dy3P1iVDNA==,Sandy,0,F,0,0
50,IfC/Rxjqs/tIVUd1aus2Dy3P1iVDNA==,Sandy,0,NA,0,0
5,IfC/Rxjqs/tIVUd1aus2Dy3P1iVDNA==,Sandy,0,M,0,0
100,IfC/Rxjqs/tIVUd1aus2Dy3P1iVDNA==,Sandy,0,F,0,0
25,IfC/Rxjqs/tIVUd1aus2Dy3P1iVDNA==,Sandy,0,NA,0,0
100,IfC/Rxjqs/tIVUd1aus2Dy3P1iVDNA==,Sandy,0,M,0,0
54,IfC/Rxjqs/tIVUd1aus2Dy3P1iVDNA==,Sandy,0,M,0,0
100,IfC/Rxjqs/tIVUd1aus2Dy3P1iVDNA==,Sandy,0,M,0,0
5,IfC/Rxjqs/tIVUd1aus2Dy3P1iVDNA==,Sandy,0,M,0,0
25,IfC/Rxjqs/tIVUd1aus2Dy3P1iVDNA==,Sandy,1,NA,0,0
100,IfC/Rxjqs/tIVUd1aus2Dy3P1iVDNA==,Sandy,0,NA,0,0
100,IfC/Rxjqs/tIVUd1aus2Dy3P1iVDNA==,Sandy,0,NA,0,0
50,IfC/Rxjqs/tIVUd1aus2Dy3P1iVDNA==,Sandy,0,F,0,0
100,IfC/Rxjqs/tIVUd1aus2Dy3P1iVDNA==,Sandy,0,NA,0,0
100,IfC/Rxjqs/tIVUd1aus2Dy3P1iVDNA==,Sandy,0,M,0,0
25,IfC/Rxjqs/tIVUd1aus2Dy3P1iVDNA==,Sandy,0,F,0,0
250,IfC/Rxjqs/tIVUd1aus2Dy3P1iVDNA==,Sandy,0,NA,0,0
25,IfC/Rxjqs/tIVUd1aus2Dy3P1iVDNA==,Sandy,0,M,0,0
40,IfC/Rxjqs/tIVUd1aus2Dy3P1iVDNA==,Sandy,0,M,0,0
100,IfC/Rxjqs/tIVUd1aus2Dy3P1iVDNA==,Sandy,0,M,0,0
50,IfC/Rxjqs/tIVUd1aus2Dy3P1iVDNA==,Sandy,0,NA,0,0
50,IfC/Rxjqs/tIVUd1aus2Dy3P1iVDNA==,Sandy,0,M,0,0
50,IfC/Rxjqs/tIVUd1aus2Dy3P1iVDNA==,Sandy,0,M,0,0
100,IfC/Rxjqs/tIVUd1aus2Dy3P1iVDNA==,Sandy,0,NA,0,0
50,IfC/Rxjqs/tIVUd1aus2Dy3P1iVDNA==,Sandy,0,NA,0,0
50,IfC/Rxjqs/tIVUd1aus2Dy3P1iVDNA==,Sandy,0,M,0,0
100,IfC/Rxjqs/tIVUd1aus2Dy3P1iVDNA==,Sandy,0,F,0,0
500,IfC/Rxjqs/tIVUd1aus2Dy3P1iVDNA==,Sandy,0,M,0,0
50,IfC/Rxjqs/tIVUd1aus2Dy3P1iVDNA==,Sandy,0,NA,0,0
100,IfC/Rxjqs/tIVUd1aus2Dy3P1iVDNA==,Sandy,0,F,0,0
50,IfC/Rxjqs/tIVUd1aus2Dy3P1iVDNA==,Sandy,1,NA,0,0
51,IfC/Rxjqs/tIVUd1aus2Dy3P1iVDNA==,Sandy,0,M,0,0
98,IfC/Rxjqs/tIVUd1aus2Dy3P1iVDNA==,Sandy,1,NA,0,0
50,IfC/Rxjqs/tIVUd1aus2Dy3P1iVDNA==,Sandy,0,M,0,0
100,IfC/Rxjqs/tIVUd1aus2Dy3P1iVDNA==,Sandy,0,M,0,0
50,IfC/Rxjqs/tIVUd1aus2Dy3P1iVDNA==,Sandy,0,M,0,0
161,IfC/Rxjqs/tIVUd1aus2Dy3P1iVDNA==,Sandy,0,M,0,0
50,IfC/Rxjqs/tIVUd1aus2Dy3P1iVDNA==,Sandy,0,F,0,0
100,IfC/Rxjqs/tIVUd1aus2Dy3P1iVDNA==,Sandy,0,F,0,0
100,IfC/Rxjqs/tIVUd1aus2Dy3P1iVDNA==,Sandy,0,F,0,0
20,IfC/Rxjqs/tIVUd1aus2Dy3P1iVDNA==,Sandy,0,F,0,0
20,IfC/Rxjqs/tIVUd1aus2Dy3P1iVDNA==,Sandy,0,NA,0,0
100,IfC/Rxjqs/tIVUd1aus2Dy3P1iVDNA==,Sandy,0,NA,0,0
50,IfC/Rxjqs/tIVUd1aus2Dy3P1iVDNA==,Sandy,0,M,0,0
20,OwlW86Jof8j9zMB2Eakx3S3P2ngSMA==,Sandy,0,NA,0,0
5,OwlW86Jof8j9zMB2Eakx3S3P2ngSMA==,Sandy,0,M,0,0
30,OwlW86Jof8j9zMB2Eakx3S3P2ngSMA==,Sandy,0,NA,0,0
75,OwlW86Jof8j9zMB2Eakx3S3P2ngSMA==,Sandy,0,F,0,0
50,OwlW86Jof8j9zMB2Eakx3S3P2ngSMA==,Sandy,0,NA,0,0
100,OwlW86Jof8j9zMB2Eakx3S3P2ngSMA==,Sandy,1,NA,0,0
200,OwlW86Jof8j9zMB2Eakx3S3P2ngSMA==,Sandy,0,F,0,0
500,OwlW86Jof8j9zMB2Eakx3S3P2ngSMA==,Sandy,0,F,0,0
25,OwlW86Jof8j9zMB2Eakx3S3P2ngSMA==,Sandy,0,NA,0,0
300,OwlW86Jof8j9zMB2Eakx3S3P2ngSMA==,Sandy,0,M,0,0
150,OwlW86Jof8j9zMB2Eakx3S3P2ngSMA==,Sandy,0,NA,0,0
200,OwlW86Jof8j9zMB2Eakx3S3P2ngSMA==,Sandy,0,F,0,0
250,OwlW86Jof8j9zMB2Eakx3S3P2ngSMA==,Sandy,0,F,0,0
250,OwlW86Jof8j9zMB2Eakx3S3P2ngSMA==,Sandy,0,NA,0,0
200,OwlW86Jof8j9zMB2Eakx3S3P2ngSMA==,Sandy,0,NA,0,0
1000,OwlW86Jof8j9zMB2Eakx3S3P2ngSMA==,Sandy,0,NA,0,0
500,OwlW86Jof8j9zMB2Eakx3S3P2ngSMA==,Sandy,0,NA,0,0
25,OwlW86Jof8j9zMB2Eakx3S3P2ngSMA==,Sandy,0,NA,0,0
50,OwlW86Jof8j9zMB2Eakx3S3P2ngSMA==,Sandy,0,NA,0,0
150,OwlW86Jof8j9zMB2Eakx3S3P2ngSMA==,Sandy,0,M,0,0
100,OwlW86Jof8j9zMB2Eakx3S3P2ngSMA==,Sandy,0,F,0,0
100,OwlW86Jof8j9zMB2Eakx3S3P2ngSMA==,Sandy,0,F,0,0
20,OwlW86Jof8j9zMB2Eakx3S3P2ngSMA==,Sandy,0,NA,0,0
150,OwlW86Jof8j9zMB2Eakx3S3P2ngSMA==,Sandy,0,F,0,0
150,OwlW86Jof8j9zMB2Eakx3S3P2ngSMA==,Sandy,0,F,0,0
300,OwlW86Jof8j9zMB2Eakx3S3P2ngSMA==,Sandy,0,NA,0,0
500,OwlW86Jof8j9zMB2Eakx3S3P2ngSMA==,Sandy,1,NA,0,0
500,OwlW86Jof8j9zMB2Eakx3S3P2ngSMA==,Sandy,0,F,0,0
250,OwlW86Jof8j9zMB2Eakx3S3P2ngSMA==,Sandy,0,F,0,0
50,OwlW86Jof8j9zMB2Eakx3S3P2ngSMA==,Sandy,1,NA,0,0
500,OwlW86Jof8j9zMB2Eakx3S3P2ngSMA==,Sandy,0,M,0,0
100,OwlW86Jof8j9zMB2Eakx3S3P2ngSMA==,Sandy,0,NA,0,0
200,OwlW86Jof8j9zMB2Eakx3S3P2ngSMA==,Sandy,0,F,0,1
150,OwlW86Jof8j9zMB2Eakx3S3P2ngSMA==,Sandy,0,F,0,0
100,OwlW86Jof8j9zMB2Eakx3S3P2ngSMA==,Sandy,0,M,0,0
500,OwlW86Jof8j9zMB2Eakx3S3P2ngSMA==,Sandy,0,F,0,0
200,OwlW86Jof8j9zMB2Eakx3S3P2ngSMA==,Sandy,0,F,0,0
100,OwlW86Jof8j9zMB2Eakx3S3P2ngSMA==,Sandy,0,NA,0,1
500,OwlW86Jof8j9zMB2Eakx3S3P2ngSMA==,Sandy,0,NA,0,0
2000,OwlW86Jof8j9zMB2Eakx3S3P2ngSMA==,Sandy,0,M,0,0
100,OwlW86Jof8j9zMB2Eakx3S3P2ngSMA==,Sandy,0,F,0,0
100,OwlW86Jof8j9zMB2Eakx3S3P2ngSMA==,Sandy,0,NA,0,1
1000,OwlW86Jof8j9zMB2Eakx3S3P2ngSMA==,Sandy,1,NA,0,0
1000,OwlW86Jof8j9zMB2Eakx3S3P2ngSMA==,Sandy,0,NA,0,0
1000,OwlW86Jof8j9zMB2Eakx3S3P2ngSMA==,Sandy,0,M,0,0
500,OwlW86Jof8j9zMB2Eakx3S3P2ngSMA==,Sandy,0,M,0,0
500,OwlW86Jof8j9zMB2Eakx3S3P2ngSMA==,Sandy,0,F,0,0
500,OwlW86Jof8j9zMB2Eakx3S3P2ngSMA==,Sandy,1,NA,0,0
100,OwlW86Jof8j9zMB2Eakx3S3P2ngSMA==,Sandy,0,NA,0,0
500,OwlW86Jof8j9zMB2Eakx3S3P2ngSMA==,Sandy,0,NA,0,0
100,z6nV5eJWRsDY47dOFxSGyS3IznBMMA==,Sandy,1,NA,0,0
200,z6nV5eJWRsDY47dOFxSGyS3IznBMMA==,Sandy,0,F,0,0
100,z6nV5eJWRsDY47dOFxSGyS3IznBMMA==,Sandy,0,NA,0,0
500,z6nV5eJWRsDY47dOFxSGyS3IznBMMA==,Sandy,1,NA,0,0
100,z6nV5eJWRsDY47dOFxSGyS3IznBMMA==,Sandy,0,NA,0,0
50,z6nV5eJWRsDY47dOFxSGyS3IznBMMA==,Sandy,1,NA,0,0
50,z6nV5eJWRsDY47dOFxSGyS3IznBMMA==,Sandy,1,NA,0,0
20,z6nV5eJWRsDY47dOFxSGyS3IznBMMA==,Sandy,1,NA,0,0
100,z6nV5eJWRsDY47dOFxSGyS3IznBMMA==,Sandy,1,NA,0,0
10,z6nV5eJWRsDY47dOFxSGyS3IznBMMA==,Sandy,1,NA,0,0
50,qNo+mWro7qYpjESBnzWVJy3IzXdJMA==,Sandy,0,F,0,0
100,qNo+mWro7qYpjESBnzWVJy3IzXdJMA==,Sandy,0,F,0,0
25,qNo+mWro7qYpjESBnzWVJy3IzXdJMA==,Sandy,1,NA,0,0
5,qNo+mWro7qYpjESBnzWVJy3IzXdJMA==,Sandy,0,M,0,0
500,hY51KVJkSeLNcppviIZcsy3I1iUeNA==,Sandy,0,NA,0,0
100,hY51KVJkSeLNcppviIZcsy3I1iUeNA==,Sandy,0,NA,0,0
100,hY51KVJkSeLNcppviIZcsy3I1iUeNA==,Sandy,0,M,0,0
250,hY51KVJkSeLNcppviIZcsy3I1iUeNA==,Sandy,0,M,0,0
50,hY51KVJkSeLNcppviIZcsy3I1iUeNA==,Sandy,0,M,0,0
500,M/Jg1kkNs88cyiTUeCF3RS3I1n9Jbw==,Sandy,1,NA,0,0
50,M/Jg1kkNs88cyiTUeCF3RS3I1n9Jbw==,Sandy,0,F,0,0
25,M/Jg1kkNs88cyiTUeCF3RS3I1n9Jbw==,Sandy,1,NA,0,0
20,M/Jg1kkNs88cyiTUeCF3RS3I1n9Jbw==,Sandy,0,NA,0,0
50,M/Jg1kkNs88cyiTUeCF3RS3I1n9Jbw==,Sandy,0,F,0,0
100,M/Jg1kkNs88cyiTUeCF3RS3I1n9Jbw==,Sandy,0,M,0,0
50,M/Jg1kkNs88cyiTUeCF3RS3I1n9Jbw==,Sandy,0,F,0,0
30,M/Jg1kkNs88cyiTUeCF3RS3I1n9Jbw==,Sandy,0,M,0,0
30,M/Jg1kkNs88cyiTUeCF3RS3I1n9Jbw==,Sandy,0,NA,0,0
50,M/Jg1kkNs88cyiTUeCF3RS3I1n9Jbw==,Sandy,0,M,0,0
50,M/Jg1kkNs88cyiTUeCF3RS3I1n9Jbw==,Sandy,0,M,0,0
100,M/Jg1kkNs88cyiTUeCF3RS3I1n9Jbw==,Sandy,0,M,0,0
25,M/Jg1kkNs88cyiTUeCF3RS3I1n9Jbw==,Sandy,0,M,0,0
75,M/Jg1kkNs88cyiTUeCF3RS3I1n9Jbw==,Sandy,0,NA,0,0
40,M/Jg1kkNs88cyiTUeCF3RS3I1n9Jbw==,Sandy,0,F,0,0
100,M/Jg1kkNs88cyiTUeCF3RS3I1n9Jbw==,Sandy,0,F,0,0
100,M/Jg1kkNs88cyiTUeCF3RS3I1n9Jbw==,Sandy,0,F,0,0
25,M/Jg1kkNs88cyiTUeCF3RS3I1n9Jbw==,Sandy,0,F,0,0
35,M/Jg1kkNs88cyiTUeCF3RS3I1n9Jbw==,Sandy,0,F,1,0
25,M/Jg1kkNs88cyiTUeCF3RS3I1n9Jbw==,Sandy,0,F,0,0
50,M/Jg1kkNs88cyiTUeCF3RS3I1n9Jbw==,Sandy,0,NA,0,0
40,M/Jg1kkNs88cyiTUeCF3RS3I1n9Jbw==,Sandy,0,F,0,0
100,Rv7rEQGgyp/oJkkLgwso6y3JlWcRbw==,Sandy,0,F,0,0
50,Rv7rEQGgyp/oJkkLgwso6y3JlWcRbw==,Sandy,0,M,1,0
50,Rv7rEQGgyp/oJkkLgwso6y3JlWcRbw==,Sandy,0,M,0,0
50,Rv7rEQGgyp/oJkkLgwso6y3JlWcRbw==,Sandy,0,M,0,0
50,Rv7rEQGgyp/oJkkLgwso6y3JlWcRbw==,Sandy,0,NA,0,0
50,Rv7rEQGgyp/oJkkLgwso6y3JlWcRbw==,Sandy,0,M,0,0
50,Rv7rEQGgyp/oJkkLgwso6y3JlWcRbw==,Sandy,0,M,0,0
50,Rv7rEQGgyp/oJkkLgwso6y3JlWcRbw==,Sandy,0,M,0,0
25,Rv7rEQGgyp/oJkkLgwso6y3JlWcRbw==,Sandy,0,F,0,0
25,Rv7rEQGgyp/oJkkLgwso6y3JlWcRbw==,Sandy,0,F,0,0
50,Rv7rEQGgyp/oJkkLgwso6y3JlWcRbw==,Sandy,0,F,0,0
50,Rv7rEQGgyp/oJkkLgwso6y3JlWcRbw==,Sandy,0,F,1,0
100,6wif5Iqb2aLUCEBxSjKpbC3Jm24LOA==,Sandy,0,M,0,0
40,6wif5Iqb2aLUCEBxSjKpbC3Jm24LOA==,Sandy,0,F,0,0
40,6wif5Iqb2aLUCEBxSjKpbC3Jm24LOA==,Sandy,0,NA,0,0
25,6wif5Iqb2aLUCEBxSjKpbC3Jm24LOA==,Sandy,0,F,0,0
50,6wif5Iqb2aLUCEBxSjKpbC3Jm24LOA==,Sandy,0,NA,0,0
15,6wif5Iqb2aLUCEBxSjKpbC3Jm24LOA==,Sandy,0,M,0,0
25,6wif5Iqb2aLUCEBxSjKpbC3Jm24LOA==,Sandy,0,NA,0,0
10,6wif5Iqb2aLUCEBxSjKpbC3Jm24LOA==,Sandy,0,M,0,0
10,6wif5Iqb2aLUCEBxSjKpbC3Jm24LOA==,Sandy,0,F,0,1
50,6wif5Iqb2aLUCEBxSjKpbC3Jm24LOA==,Sandy,0,F,0,0
20,6wif5Iqb2aLUCEBxSjKpbC3Jm24LOA==,Sandy,0,NA,0,0
40,6wif5Iqb2aLUCEBxSjKpbC3Jm24LOA==,Sandy,0,F,0,0
10,6wif5Iqb2aLUCEBxSjKpbC3Jm24LOA==,Sandy,0,NA,0,0
5,6wif5Iqb2aLUCEBxSjKpbC3Jm24LOA==,Sandy,0,F,0,0
25,nW2ffweUabJTBVfYS4wnRS3JwXUUOA==,Sandy,0,NA,0,0
100,nW2ffweUabJTBVfYS4wnRS3JwXUUOA==,Sandy,0,M,0,0
25,nW2ffweUabJTBVfYS4wnRS3JwXUUOA==,Sandy,0,F,0,1
50,nW2ffweUabJTBVfYS4wnRS3JwXUUOA==,Sandy,0,M,0,0
25,nW2ffweUabJTBVfYS4wnRS3JwXUUOA==,Sandy,1,NA,0,0
75,nW2ffweUabJTBVfYS4wnRS3JwXUUOA==,Sandy,0,F,0,0
50,nW2ffweUabJTBVfYS4wnRS3JwXUUOA==,Sandy,0,M,0,0
100,nW2ffweUabJTBVfYS4wnRS3JwXUUOA==,Sandy,0,M,0,0
100,nW2ffweUabJTBVfYS4wnRS3JwXUUOA==,Sandy,0,F,0,0
25,nW2ffweUabJTBVfYS4wnRS3JwXUUOA==,Sandy,0,F,0,0
25,nW2ffweUabJTBVfYS4wnRS3JwXUUOA==,Sandy,0,F,0,0
25,nW2ffweUabJTBVfYS4wnRS3JwXUUOA==,Sandy,0,F,0,0
50,nW2ffweUabJTBVfYS4wnRS3JwXUUOA==,Sandy,1,NA,0,0
100,nW2ffweUabJTBVfYS4wnRS3JwXUUOA==,Sandy,0,NA,0,0
50,nW2ffweUabJTBVfYS4wnRS3JwXUUOA==,Sandy,0,F,0,0
50,nW2ffweUabJTBVfYS4wnRS3JwXUUOA==,Sandy,0,M,0,0
50,nW2ffweUabJTBVfYS4wnRS3JwXUUOA==,Sandy,0,F,0,0
50,nW2ffweUabJTBVfYS4wnRS3JwXUUOA==,Sandy,0,F,0,0
50,nW2ffweUabJTBVfYS4wnRS3JwXUUOA==,Sandy,0,F,0,0
20,nW2ffweUabJTBVfYS4wnRS3JwXUUOA==,Sandy,0,F,0,0
100,nW2ffweUabJTBVfYS4wnRS3JwXUUOA==,Sandy,0,M,1,0
100,Hzbn3Hm5MK+0oO5OHcLxlC3JxiUPaw==,Sandy,1,NA,0,0
50,Hzbn3Hm5MK+0oO5OHcLxlC3JxiUPaw==,Sandy,0,NA,0,0
50,Hzbn3Hm5MK+0oO5OHcLxlC3JxiUPaw==,Sandy,0,F,0,0
50,Hzbn3Hm5MK+0oO5OHcLxlC3JxiUPaw==,Sandy,0,F,0,0
300,Hzbn3Hm5MK+0oO5OHcLxlC3JxiUPaw==,Sandy,1,NA,0,0
25,Hzbn3Hm5MK+0oO5OHcLxlC3JxiUPaw==,Sandy,1,NA,0,0
36,Hzbn3Hm5MK+0oO5OHcLxlC3JxiUPaw==,Sandy,1,NA,0,0
50,Hzbn3Hm5MK+0oO5OHcLxlC3JxiUPaw==,Sandy,0,F,0,0
50,Hzbn3Hm5MK+0oO5OHcLxlC3JxiUPaw==,Sandy,0,M,0,0
100,Hzbn3Hm5MK+0oO5OHcLxlC3JxiUPaw==,Sandy,1,NA,0,0
100,Hzbn3Hm5MK+0oO5OHcLxlC3JxiUPaw==,Sandy,0,F,0,0
25,Hzbn3Hm5MK+0oO5OHcLxlC3JxiUPaw==,Sandy,1,NA,0,0
25,Hzbn3Hm5MK+0oO5OHcLxlC3JxiUPaw==,Sandy,0,F,0,0
100,Hzbn3Hm5MK+0oO5OHcLxlC3JxiUPaw==,Sandy,0,F,0,0
50,Hzbn3Hm5MK+0oO5OHcLxlC3JxiUPaw==,Sandy,0,M,0,0
50,Hzbn3Hm5MK+0oO5OHcLxlC3JxiUPaw==,Sandy,1,NA,0,0
100,Hzbn3Hm5MK+0oO5OHcLxlC3JxiUPaw==,Sandy,0,NA,0,0
25,Hzbn3Hm5MK+0oO5OHcLxlC3JxiUPaw==,Sandy,0,F,0,0
100,Hzbn3Hm5MK+0oO5OHcLxlC3JxiUPaw==,Sandy,0,NA,0,0
100,Hzbn3Hm5MK+0oO5OHcLxlC3JxiUPaw==,Sandy,0,F,0,0
350,Hzbn3Hm5MK+0oO5OHcLxlC3JxiUPaw==,Sandy,1,NA,0,0
50,Hzbn3Hm5MK+0oO5OHcLxlC3JxiUPaw==,Sandy,0,F,1,0
25,Hzbn3Hm5MK+0oO5OHcLxlC3JxiUPaw==,Sandy,0,M,0,0
100,Hzbn3Hm5MK+0oO5OHcLxlC3JxiUPaw==,Sandy,0,M,0,0
50,Hzbn3Hm5MK+0oO5OHcLxlC3JxiUPaw==,Sandy,0,F,0,0
50,Hzbn3Hm5MK+0oO5OHcLxlC3JxiUPaw==,Sandy,0,F,0,0
500,Hzbn3Hm5MK+0oO5OHcLxlC3JxiUPaw==,Sandy,1,NA,0,0
50,Hzbn3Hm5MK+0oO5OHcLxlC3JxiUPaw==,Sandy,1,NA,0,0
50,Hzbn3Hm5MK+0oO5OHcLxlC3JxiUPaw==,Sandy,1,NA,0,0
100,Hzbn3Hm5MK+0oO5OHcLxlC3JxiUPaw==,Sandy,1,NA,0,0
25,Hzbn3Hm5MK+0oO5OHcLxlC3JxiUPaw==,Sandy,0,F,0,0
100,Hzbn3Hm5MK+0oO5OHcLxlC3JxiUPaw==,Sandy,1,NA,0,0
100,RUP2BPvCGAjFCZfiQPQ8oC3JxWYIOA==,Sandy,0,F,0,0
600,RUP2BPvCGAjFCZfiQPQ8oC3JxWYIOA==,Sandy,1,NA,0,0
100,RUP2BPvCGAjFCZfiQPQ8oC3JxWYIOA==,Sandy,0,M,0,0
50,RUP2BPvCGAjFCZfiQPQ8oC3JxWYIOA==,Sandy,0,F,0,0
25,RUP2BPvCGAjFCZfiQPQ8oC3JxWYIOA==,Sandy,0,F,0,0
250,RUP2BPvCGAjFCZfiQPQ8oC3JxWYIOA==,Sandy,0,F,0,1
50,RUP2BPvCGAjFCZfiQPQ8oC3JxWYIOA==,Sandy,0,F,0,0
100,RUP2BPvCGAjFCZfiQPQ8oC3JxWYIOA==,Sandy,0,F,0,0
25,RUP2BPvCGAjFCZfiQPQ8oC3JxWYIOA==,Sandy,0,F,0,1
125,RUP2BPvCGAjFCZfiQPQ8oC3JxWYIOA==,Sandy,0,F,0,0
50,RUP2BPvCGAjFCZfiQPQ8oC3JxWYIOA==,Sandy,0,F,0,0
100,RUP2BPvCGAjFCZfiQPQ8oC3JxWYIOA==,Sandy,0,F,0,0
100,RUP2BPvCGAjFCZfiQPQ8oC3JxWYIOA==,Sandy,0,NA,0,0
100,+P0PGk+oqF78AepAr7i+KS3JzXAROA==,Sandy,0,NA,0,0
100,+P0PGk+oqF78AepAr7i+KS3JzXAROA==,Sandy,0,NA,0,0
100,+P0PGk+oqF78AepAr7i+KS3JzXAROA==,Sandy,0,M,0,0
50,+P0PGk+oqF78AepAr7i+KS3JzXAROA==,Sandy,0,NA,0,1
1000,+P0PGk+oqF78AepAr7i+KS3JzXAROA==,Sandy,1,NA,0,0
100,+P0PGk+oqF78AepAr7i+KS3JzXAROA==,Sandy,0,F,0,0
250,+P0PGk+oqF78AepAr7i+KS3JzXAROA==,Sandy,0,NA,0,0
50,+P0PGk+oqF78AepAr7i+KS3JzXAROA==,Sandy,0,F,0,0
100,+P0PGk+oqF78AepAr7i+KS3JzXAROA==,Sandy,0,M,0,0
50,+P0PGk+oqF78AepAr7i+KS3JzXAROA==,Sandy,0,NA,0,0
50,+P0PGk+oqF78AepAr7i+KS3JzXAROA==,Sandy,1,NA,0,0
100,+P0PGk+oqF78AepAr7i+KS3JzXAROA==,Sandy,0,M,0,0
200,+P0PGk+oqF78AepAr7i+KS3JzXAROA==,Sandy,0,F,0,0
100,+P0PGk+oqF78AepAr7i+KS3JzXAROA==,Sandy,1,NA,0,0
40,+P0PGk+oqF78AepAr7i+KS3JzXAROA==,Sandy,0,F,0,1
50,+P0PGk+oqF78AepAr7i+KS3JzXAROA==,Sandy,0,F,0,0
200,+P0PGk+oqF78AepAr7i+KS3JzXAROA==,Sandy,0,NA,0,0
1000,+P0PGk+oqF78AepAr7i+KS3JzXAROA==,Sandy,0,NA,0,0
25,+P0PGk+oqF78AepAr7i+KS3JzXAROA==,Sandy,0,F,0,0
100,+P0PGk+oqF78AepAr7i+KS3JzXAROA==,Sandy,1,NA,0,0
100,+P0PGk+oqF78AepAr7i+KS3JzXAROA==,Sandy,1,NA,0,0
50,+P0PGk+oqF78AepAr7i+KS3JzXAROA==,Sandy,0,F,0,0
50,+P0PGk+oqF78AepAr7i+KS3JzXAROA==,Sandy,0,NA,0,0
100,+P0PGk+oqF78AepAr7i+KS3JzXAROA==,Sandy,0,M,0,1
100,+P0PGk+oqF78AepAr7i+KS3JzXAROA==,Sandy,1,NA,0,0
300,+P0PGk+oqF78AepAr7i+KS3JzXAROA==,Sandy,0,M,0,0
100,+P0PGk+oqF78AepAr7i+KS3JzXAROA==,Sandy,0,M,0,0
200,+P0PGk+oqF78AepAr7i+KS3JzXAROA==,Sandy,1,NA,0,0
25,+P0PGk+oqF78AepAr7i+KS3JzXAROA==,Sandy,0,F,0,0
25,+P0PGk+oqF78AepAr7i+KS3JzXAROA==,Sandy,1,NA,0,0
100,+P0PGk+oqF78AepAr7i+KS3JzXAROA==,Sandy,1,NA,0,0
200,+P0PGk+oqF78AepAr7i+KS3JzXAROA==,Sandy,0,M,0,0
100,+P0PGk+oqF78AepAr7i+KS3JzXAROA==,Sandy,0,M,0,0
100,+P0PGk+oqF78AepAr7i+KS3JzXAROA==,Sandy,0,NA,0,0
20,+P0PGk+oqF78AepAr7i+KS3JzXAROA==,Sandy,1,NA,0,0
20,+P0PGk+oqF78AepAr7i+KS3JzXAROA==,Sandy,0,M,0,0
25,+P0PGk+oqF78AepAr7i+KS3JzXAROA==,Sandy,1,NA,0,0
100,+P0PGk+oqF78AepAr7i+KS3JzXAROA==,Sandy,0,F,0,0
100,+P0PGk+oqF78AepAr7i+KS3JzXAROA==,Sandy,0,F,0,0
50,+P0PGk+oqF78AepAr7i+KS3JzXAROA==,Sandy,0,F,0,0
100,+P0PGk+oqF78AepAr7i+KS3JzXAROA==,Sandy,0,F,0,1
150,+P0PGk+oqF78AepAr7i+KS3JzXAROA==,Sandy,0,F,0,0
100,+P0PGk+oqF78AepAr7i+KS3JzXAROA==,Sandy,0,F,0,0
100,+P0PGk+oqF78AepAr7i+KS3JzXAROA==,Sandy,0,M,0,0
50,+P0PGk+oqF78AepAr7i+KS3JzXAROA==,Sandy,0,F,0,0
200,+P0PGk+oqF78AepAr7i+KS3JzXAROA==,Sandy,0,F,0,0
50,+P0PGk+oqF78AepAr7i+KS3JzXAROA==,Sandy,0,M,0,0
30,+P0PGk+oqF78AepAr7i+KS3JzXAROA==,Sandy,0,NA,0,0
50,+P0PGk+oqF78AepAr7i+KS3JzXAROA==,Sandy,0,F,0,0
100,+P0PGk+oqF78AepAr7i+KS3JzXAROA==,Sandy,1,NA,0,0
50,+P0PGk+oqF78AepAr7i+KS3JzXAROA==,Sandy,0,F,0,0
5,+P0PGk+oqF78AepAr7i+KS3JzXAROA==,Sandy,1,NA,0,0
100,+P0PGk+oqF78AepAr7i+KS3JzXAROA==,Sandy,0,F,0,0
100,+P0PGk+oqF78AepAr7i+KS3JzXAROA==,Sandy,0,NA,0,0
25,tDA4sMLPvQGqDTrQfETZhS3J1yYDbw==,Sandy,1,NA,0,0
400,tDA4sMLPvQGqDTrQfETZhS3J1yYDbw==,Sandy,0,NA,0,0
50,tDA4sMLPvQGqDTrQfETZhS3J1yYDbw==,Sandy,0,F,0,0
25,tDA4sMLPvQGqDTrQfETZhS3J1yYDbw==,Sandy,0,F,0,0
100,tDA4sMLPvQGqDTrQfETZhS3J1yYDbw==,Sandy,0,F,0,0
25,tDA4sMLPvQGqDTrQfETZhS3J1yYDbw==,Sandy,0,F,0,0
100,tDA4sMLPvQGqDTrQfETZhS3J1yYDbw==,Sandy,0,NA,0,1
50,tDA4sMLPvQGqDTrQfETZhS3J1yYDbw==,Sandy,0,NA,0,0
5,tDA4sMLPvQGqDTrQfETZhS3J1yYDbw==,Sandy,1,NA,0,0
100,tDA4sMLPvQGqDTrQfETZhS3J1yYDbw==,Sandy,0,M,0,0
200,tDA4sMLPvQGqDTrQfETZhS3J1yYDbw==,Sandy,0,NA,0,1
100,tDA4sMLPvQGqDTrQfETZhS3J1yYDbw==,Sandy,0,M,1,0
200,tDA4sMLPvQGqDTrQfETZhS3J1yYDbw==,Sandy,1,NA,0,0
100,tDA4sMLPvQGqDTrQfETZhS3J1yYDbw==,Sandy,0,F,0,0
100,tDA4sMLPvQGqDTrQfETZhS3J1yYDbw==,Sandy,0,M,0,1
100,tDA4sMLPvQGqDTrQfETZhS3J1yYDbw==,Sandy,0,NA,0,0
200,tDA4sMLPvQGqDTrQfETZhS3J1yYDbw==,Sandy,0,M,0,0
100,tDA4sMLPvQGqDTrQfETZhS3J1yYDbw==,Sandy,1,NA,0,0
100,tDA4sMLPvQGqDTrQfETZhS3J1yYDbw==,Sandy,0,F,0,0
250,6RL21GG/hFfFqA0gO3fWBC3Kk3MPNA==,Sandy,0,NA,0,0
250,6RL21GG/hFfFqA0gO3fWBC3Kk3MPNA==,Sandy,0,M,0,0
250,6RL21GG/hFfFqA0gO3fWBC3Kk3MPNA==,Sandy,1,NA,0,0
250,/3VZrEF11WB25Yf1LZgmxi3KyiRPOA==,Sandy,1,NA,0,0
955,/3VZrEF11WB25Yf1LZgmxi3KyiRPOA==,Sandy,0,NA,0,0
50,/3VZrEF11WB25Yf1LZgmxi3KyiRPOA==,Sandy,0,F,0,0
100,/3VZrEF11WB25Yf1LZgmxi3KyiRPOA==,Sandy,0,F,0,0
125,/3VZrEF11WB25Yf1LZgmxi3KyiRPOA==,Sandy,0,NA,0,0
50,/3VZrEF11WB25Yf1LZgmxi3KyiRPOA==,Sandy,0,F,0,0
50,/3VZrEF11WB25Yf1LZgmxi3KyiRPOA==,Sandy,0,M,0,0
50,/3VZrEF11WB25Yf1LZgmxi3KyiRPOA==,Sandy,0,M,0,0
100,/3VZrEF11WB25Yf1LZgmxi3KyiRPOA==,Sandy,0,F,0,0
100,/3VZrEF11WB25Yf1LZgmxi3KyiRPOA==,Sandy,0,F,0,0
100,/3VZrEF11WB25Yf1LZgmxi3KyiRPOA==,Sandy,0,NA,0,0
100,/3VZrEF11WB25Yf1LZgmxi3KyiRPOA==,Sandy,0,M,0,0
100,/3VZrEF11WB25Yf1LZgmxi3KyiRPOA==,Sandy,0,NA,0,0
50,/3VZrEF11WB25Yf1LZgmxi3KyiRPOA==,Sandy,0,F,0,0
100,/3VZrEF11WB25Yf1LZgmxi3KyiRPOA==,Sandy,0,NA,1,0
100,/3VZrEF11WB25Yf1LZgmxi3KyiRPOA==,Sandy,0,NA,0,0
20,/3VZrEF11WB25Yf1LZgmxi3KyiRPOA==,Sandy,0,F,0,0
250,/3VZrEF11WB25Yf1LZgmxi3KyiRPOA==,Sandy,0,M,0,0
50,/3VZrEF11WB25Yf1LZgmxi3KyiRPOA==,Sandy,0,F,0,0
20,/3VZrEF11WB25Yf1LZgmxi3KyiRPOA==,Sandy,0,F,0,0
200,/3VZrEF11WB25Yf1LZgmxi3KyiRPOA==,Sandy,1,NA,0,0
50,/3VZrEF11WB25Yf1LZgmxi3KyiRPOA==,Sandy,1,NA,0,0
100,/3VZrEF11WB25Yf1LZgmxi3KyiRPOA==,Sandy,1,NA,0,0
50,/3VZrEF11WB25Yf1LZgmxi3KyiRPOA==,Sandy,0,F,0,0
50,/3VZrEF11WB25Yf1LZgmxi3KyiRPOA==,Sandy,0,F,0,0
50,/3VZrEF11WB25Yf1LZgmxi3KyiRPOA==,Sandy,0,F,0,0
25,/3VZrEF11WB25Yf1LZgmxi3KyiRPOA==,Sandy,0,NA,0,0
50,/3VZrEF11WB25Yf1LZgmxi3KyiRPOA==,Sandy,0,M,0,0
100,/3VZrEF11WB25Yf1LZgmxi3KyiRPOA==,Sandy,0,M,0,0
40,/3VZrEF11WB25Yf1LZgmxi3KyiRPOA==,Sandy,0,F,0,0
20,/3VZrEF11WB25Yf1LZgmxi3KyiRPOA==,Sandy,0,NA,0,0
20,/3VZrEF11WB25Yf1LZgmxi3KyiRPOA==,Sandy,0,M,0,0
50,/3VZrEF11WB25Yf1LZgmxi3KyiRPOA==,Sandy,1,NA,0,0
25,/3VZrEF11WB25Yf1LZgmxi3KyiRPOA==,Sandy,0,F,0,0
50,oVhOgEPFhRmIEdGIi8H6ly3K1HkZNA==,Sandy,0,F,0,0
50,oVhOgEPFhRmIEdGIi8H6ly3K1HkZNA==,Sandy,1,NA,0,0
100,oVhOgEPFhRmIEdGIi8H6ly3K1HkZNA==,Sandy,0,M,1,0
35,3mvMMoLmi/hFTonT11oPDS3LlyUTbw==,Sandy,0,NA,0,0
100,3mvMMoLmi/hFTonT11oPDS3LlyUTbw==,Sandy,1,NA,0,0
25,3mvMMoLmi/hFTonT11oPDS3LlyUTbw==,Sandy,0,F,0,0
100,3mvMMoLmi/hFTonT11oPDS3LlyUTbw==,Sandy,0,F,0,1
100,3mvMMoLmi/hFTonT11oPDS3LlyUTbw==,Sandy,0,M,0,0
200,3mvMMoLmi/hFTonT11oPDS3LlyUTbw==,Sandy,0,F,0,0
200,3mvMMoLmi/hFTonT11oPDS3LlyUTbw==,Sandy,0,F,0,0
50,3mvMMoLmi/hFTonT11oPDS3LlyUTbw==,Sandy,0,NA,0,0
50,3mvMMoLmi/hFTonT11oPDS3LlyUTbw==,Sandy,0,M,0,0
25,3mvMMoLmi/hFTonT11oPDS3LlyUTbw==,Sandy,0,F,0,0
100,3mvMMoLmi/hFTonT11oPDS3LlyUTbw==,Sandy,0,NA,0,0
75,3mvMMoLmi/hFTonT11oPDS3LlyUTbw==,Sandy,0,F,0,0
200,3mvMMoLmi/hFTonT11oPDS3LlyUTbw==,Sandy,0,F,0,0
100,3mvMMoLmi/hFTonT11oPDS3LlyUTbw==,Sandy,0,NA,0,0
50,3mvMMoLmi/hFTonT11oPDS3LlyUTbw==,Sandy,0,F,0,1
50,3mvMMoLmi/hFTonT11oPDS3LlyUTbw==,Sandy,0,M,0,0
50,3mvMMoLmi/hFTonT11oPDS3LlyUTbw==,Sandy,0,F,0,0
50,3mvMMoLmi/hFTonT11oPDS3LlyUTbw==,Sandy,0,F,0,0
50,3mvMMoLmi/hFTonT11oPDS3LlyUTbw==,Sandy,0,F,0,0
50,3mvMMoLmi/hFTonT11oPDS3LlyUTbw==,Sandy,0,NA,0,0
50,3mvMMoLmi/hFTonT11oPDS3LlyUTbw==,Sandy,1,NA,0,0
50,3mvMMoLmi/hFTonT11oPDS3LlyUTbw==,Sandy,1,NA,0,0
105,3mvMMoLmi/hFTonT11oPDS3LlyUTbw==,Sandy,1,NA,0,0
500,I9myyPMoG1uAJtDxdM5Muy3LwSZDPA==,Sandy,0,F,0,0
100,I9myyPMoG1uAJtDxdM5Muy3LwSZDPA==,Sandy,0,F,0,0
250,I9myyPMoG1uAJtDxdM5Muy3LwSZDPA==,Sandy,0,M,0,0
650,I9myyPMoG1uAJtDxdM5Muy3LwSZDPA==,Sandy,1,NA,0,0
50,I9myyPMoG1uAJtDxdM5Muy3LwSZDPA==,Sandy,0,F,0,0
200,I9myyPMoG1uAJtDxdM5Muy3LwSZDPA==,Sandy,0,NA,0,0
25,I9myyPMoG1uAJtDxdM5Muy3LwSZDPA==,Sandy,1,NA,0,0
25,I9myyPMoG1uAJtDxdM5Muy3LwSZDPA==,Sandy,1,NA,0,0
50,I9myyPMoG1uAJtDxdM5Muy3LwSZDPA==,Sandy,1,NA,0,0
25,I9myyPMoG1uAJtDxdM5Muy3LwSZDPA==,Sandy,0,F,0,0
50,I9myyPMoG1uAJtDxdM5Muy3LwSZDPA==,Sandy,0,NA,0,0
100,I9myyPMoG1uAJtDxdM5Muy3LwSZDPA==,Sandy,0,NA,0,0
100,I9myyPMoG1uAJtDxdM5Muy3LwSZDPA==,Sandy,1,NA,0,0
150,I9myyPMoG1uAJtDxdM5Muy3LwSZDPA==,Sandy,0,F,0,0
50,I9myyPMoG1uAJtDxdM5Muy3LwSZDPA==,Sandy,0,NA,0,0
50,I9myyPMoG1uAJtDxdM5Muy3LwSZDPA==,Sandy,1,NA,0,0
75,I9myyPMoG1uAJtDxdM5Muy3LwSZDPA==,Sandy,0,NA,0,0
50,I9myyPMoG1uAJtDxdM5Muy3LwSZDPA==,Sandy,1,NA,0,0
100,I9myyPMoG1uAJtDxdM5Muy3LwSZDPA==,Sandy,0,NA,0,0
250,I9myyPMoG1uAJtDxdM5Muy3LwSZDPA==,Sandy,0,M,0,0
100,I9myyPMoG1uAJtDxdM5Muy3LwSZDPA==,Sandy,0,F,0,0
20,I9myyPMoG1uAJtDxdM5Muy3LwSZDPA==,Sandy,0,NA,0,0
100,I9myyPMoG1uAJtDxdM5Muy3LwSZDPA==,Sandy,0,M,0,0
250,I9myyPMoG1uAJtDxdM5Muy3LwSZDPA==,Sandy,0,M,0,0
250,I9myyPMoG1uAJtDxdM5Muy3LwSZDPA==,Sandy,1,NA,0,0
75,I9myyPMoG1uAJtDxdM5Muy3LwSZDPA==,Sandy,0,F,0,0
25,I9myyPMoG1uAJtDxdM5Muy3LwSZDPA==,Sandy,0,F,0,0
200,I9myyPMoG1uAJtDxdM5Muy3LwSZDPA==,Sandy,0,NA,0,0
50,I9myyPMoG1uAJtDxdM5Muy3LwSZDPA==,Sandy,0,M,0,0
120,I9myyPMoG1uAJtDxdM5Muy3LwSZDPA==,Sandy,0,M,0,0
25,I9myyPMoG1uAJtDxdM5Muy3LwSZDPA==,Sandy,1,NA,0,0
250,I9myyPMoG1uAJtDxdM5Muy3LwSZDPA==,Sandy,0,F,0,0
500,I9myyPMoG1uAJtDxdM5Muy3LwSZDPA==,Sandy,0,M,0,0
50,I9myyPMoG1uAJtDxdM5Muy3LwSZDPA==,Sandy,0,NA,0,0
50,I9myyPMoG1uAJtDxdM5Muy3LwSZDPA==,Sandy,0,NA,0,0
250,I9myyPMoG1uAJtDxdM5Muy3LwSZDPA==,Sandy,0,M,0,0
50,I9myyPMoG1uAJtDxdM5Muy3LwSZDPA==,Sandy,0,F,0,0
36,I9myyPMoG1uAJtDxdM5Muy3LwSZDPA==,Sandy,0,NA,0,0
100,I9myyPMoG1uAJtDxdM5Muy3LwSZDPA==,Sandy,0,F,0,0
200,I9myyPMoG1uAJtDxdM5Muy3LwSZDPA==,Sandy,0,M,0,0
100,I9myyPMoG1uAJtDxdM5Muy3LwSZDPA==,Sandy,0,F,0,0
75,I9myyPMoG1uAJtDxdM5Muy3LwSZDPA==,Sandy,0,M,0,0
50,I9myyPMoG1uAJtDxdM5Muy3LwSZDPA==,Sandy,0,M,0,0
50,I9myyPMoG1uAJtDxdM5Muy3LwSZDPA==,Sandy,1,NA,0,0
100,I9myyPMoG1uAJtDxdM5Muy3LwSZDPA==,Sandy,0,F,0,0
100,I9myyPMoG1uAJtDxdM5Muy3LwSZDPA==,Sandy,0,NA,0,0
50,I9myyPMoG1uAJtDxdM5Muy3LwSZDPA==,Sandy,0,NA,0,0
25,I9myyPMoG1uAJtDxdM5Muy3LwSZDPA==,Sandy,0,F,0,0
25,I9myyPMoG1uAJtDxdM5Muy3LwSZDPA==,Sandy,0,M,0,0
20,I9myyPMoG1uAJtDxdM5Muy3LwSZDPA==,Sandy,1,NA,0,0
25,I9myyPMoG1uAJtDxdM5Muy3LwSZDPA==,Sandy,0,M,0,0
50,I9myyPMoG1uAJtDxdM5Muy3LwSZDPA==,Sandy,0,F,0,0
100,I9myyPMoG1uAJtDxdM5Muy3LwSZDPA==,Sandy,0,NA,0,0
500,I9myyPMoG1uAJtDxdM5Muy3LwSZDPA==,Sandy,0,M,0,0
100,I9myyPMoG1uAJtDxdM5Muy3LwSZDPA==,Sandy,0,F,0,0
25,I9myyPMoG1uAJtDxdM5Muy3LwSZDPA==,Sandy,1,NA,0,0
100,I9myyPMoG1uAJtDxdM5Muy3LwSZDPA==,Sandy,0,NA,0,0
100,I9myyPMoG1uAJtDxdM5Muy3LwSZDPA==,Sandy,0,F,0,0
500,I9myyPMoG1uAJtDxdM5Muy3LwSZDPA==,Sandy,0,NA,0,0
50,I9myyPMoG1uAJtDxdM5Muy3LwSZDPA==,Sandy,0,F,0,0
500,I9myyPMoG1uAJtDxdM5Muy3LwSZDPA==,Sandy,0,M,0,0
100,I9myyPMoG1uAJtDxdM5Muy3LwSZDPA==,Sandy,0,NA,0,0
500,I9myyPMoG1uAJtDxdM5Muy3LwSZDPA==,Sandy,0,NA,0,0
50,I9myyPMoG1uAJtDxdM5Muy3LwSZDPA==,Sandy,0,NA,0,0
100,I9myyPMoG1uAJtDxdM5Muy3LwSZDPA==,Sandy,0,F,0,0
1000,I9myyPMoG1uAJtDxdM5Muy3LwSZDPA==,Sandy,1,NA,0,0
100,I9myyPMoG1uAJtDxdM5Muy3LwSZDPA==,Sandy,0,F,0,0
25,I9myyPMoG1uAJtDxdM5Muy3LwSZDPA==,Sandy,0,NA,0,0
50,I9myyPMoG1uAJtDxdM5Muy3LwSZDPA==,Sandy,0,F,0,0
300,I9myyPMoG1uAJtDxdM5Muy3LwSZDPA==,Sandy,0,NA,0,1
400,I9myyPMoG1uAJtDxdM5Muy3LwSZDPA==,Sandy,1,NA,0,0
100,I9myyPMoG1uAJtDxdM5Muy3LwSZDPA==,Sandy,0,F,0,0
200,I9myyPMoG1uAJtDxdM5Muy3LwSZDPA==,Sandy,1,NA,0,0
100,I9myyPMoG1uAJtDxdM5Muy3LwSZDPA==,Sandy,0,NA,0,0
20,I9myyPMoG1uAJtDxdM5Muy3LwSZDPA==,Sandy,0,NA,0,0
50,I9myyPMoG1uAJtDxdM5Muy3LwSZDPA==,Sandy,0,M,0,0
25,tUcVb1VW0ioMPYdMFONOEi3LxW4Dbw==,Sandy,1,NA,0,0
300,tUcVb1VW0ioMPYdMFONOEi3LxW4Dbw==,Sandy,0,NA,0,0
100,tUcVb1VW0ioMPYdMFONOEi3LxW4Dbw==,Sandy,0,NA,0,0
2000,tUcVb1VW0ioMPYdMFONOEi3LxW4Dbw==,Sandy,0,NA,0,0
60,tUcVb1VW0ioMPYdMFONOEi3LxW4Dbw==,Sandy,1,NA,0,0
10,tUcVb1VW0ioMPYdMFONOEi3LxW4Dbw==,Sandy,0,NA,0,0
100,tUcVb1VW0ioMPYdMFONOEi3LxW4Dbw==,Sandy,1,NA,0,0
10,tUcVb1VW0ioMPYdMFONOEi3LxW4Dbw==,Sandy,1,NA,0,0
20,tUcVb1VW0ioMPYdMFONOEi3LxW4Dbw==,Sandy,1,NA,0,0
500,8bRyL/OerUsTA8bFICtE6C3LzXMXMHAslw==,Charity,0,NA,0,0
50,8bRyL/OerUsTA8bFICtE6C3LzXMXMHAslw==,Charity,0,NA,1,0
100,8bRyL/OerUsTA8bFICtE6C3LzXMXMHAslw==,Charity,0,NA,0,0
100,8bRyL/OerUsTA8bFICtE6C3LzXMXMHAslw==,Charity,0,NA,0,0
100,8bRyL/OerUsTA8bFICtE6C3LzXMXMHAslw==,Charity,0,F,0,0
50,8bRyL/OerUsTA8bFICtE6C3LzXMXMHAslw==,Charity,0,NA,0,0
400,8bRyL/OerUsTA8bFICtE6C3LzXMXMHAslw==,Charity,0,NA,1,0
25,8bRyL/OerUsTA8bFICtE6C3LzXMXMHAslw==,Charity,1,NA,0,0
100,8bRyL/OerUsTA8bFICtE6C3LzXMXMHAslw==,Charity,0,F,0,0
150,gN2dRb/uB0srorgR+4BqZC3L0mYeZw==,Sandy,1,NA,0,0
100,gN2dRb/uB0srorgR+4BqZC3L0mYeZw==,Sandy,0,F,0,0
10,gN2dRb/uB0srorgR+4BqZC3L0mYeZw==,Sandy,1,NA,0,0
500,gN2dRb/uB0srorgR+4BqZC3L0mYeZw==,Sandy,0,M,0,0
25,gN2dRb/uB0srorgR+4BqZC3L0mYeZw==,Sandy,0,F,0,0
25,gN2dRb/uB0srorgR+4BqZC3L0mYeZw==,Sandy,1,NA,0,0
25,gN2dRb/uB0srorgR+4BqZC3L0mYeZw==,Sandy,0,M,0,0
75,gN2dRb/uB0srorgR+4BqZC3L0mYeZw==,Sandy,1,NA,0,0
20,gN2dRb/uB0srorgR+4BqZC3L0mYeZw==,Sandy,0,F,0,0
20,gN2dRb/uB0srorgR+4BqZC3L0mYeZw==,Sandy,0,M,0,0
100,gN2dRb/uB0srorgR+4BqZC3L0mYeZw==,Sandy,0,NA,0,0
25,gN2dRb/uB0srorgR+4BqZC3L0mYeZw==,Sandy,1,NA,0,0
25,gN2dRb/uB0srorgR+4BqZC3L0mYeZw==,Sandy,0,F,0,0
5,gN2dRb/uB0srorgR+4BqZC3L0mYeZw==,Sandy,0,F,0,0
50,gN2dRb/uB0srorgR+4BqZC3L0mYeZw==,Sandy,0,NA,0,0
5,gN2dRb/uB0srorgR+4BqZC3L0mYeZw==,Sandy,0,M,0,0
35,j7e+2Gfp86ifmNAA+c7YmC3L2XMUNA==,Sandy,0,NA,0,0
200,j7e+2Gfp86ifmNAA+c7YmC3L2XMUNA==,Sandy,0,F,0,0
50,j7e+2Gfp86ifmNAA+c7YmC3L2XMUNA==,Sandy,0,NA,0,0
50,j7e+2Gfp86ifmNAA+c7YmC3L2XMUNA==,Sandy,1,NA,0,0
500,j7e+2Gfp86ifmNAA+c7YmC3L2XMUNA==,Sandy,0,NA,0,0
50,j7e+2Gfp86ifmNAA+c7YmC3L2XMUNA==,Sandy,0,NA,1,0
50,j7e+2Gfp86ifmNAA+c7YmC3L2XMUNA==,Sandy,0,NA,0,0
50,j7e+2Gfp86ifmNAA+c7YmC3L2XMUNA==,Sandy,1,NA,0,0
25,j7e+2Gfp86ifmNAA+c7YmC3L2XMUNA==,Sandy,1,NA,0,0
350,j7e+2Gfp86ifmNAA+c7YmC3L2XMUNA==,Sandy,0,M,0,0
50,j7e+2Gfp86ifmNAA+c7YmC3L2XMUNA==,Sandy,1,NA,0,0
100,j7e+2Gfp86ifmNAA+c7YmC3L2XMUNA==,Sandy,0,F,0,0
25,j7e+2Gfp86ifmNAA+c7YmC3L2XMUNA==,Sandy,1,NA,0,0
25,j7e+2Gfp86ifmNAA+c7YmC3L2XMUNA==,Sandy,0,F,0,0
200,j7e+2Gfp86ifmNAA+c7YmC3L2XMUNA==,Sandy,1,NA,0,0
50,j7e+2Gfp86ifmNAA+c7YmC3L2XMUNA==,Sandy,0,F,0,0
50,j7e+2Gfp86ifmNAA+c7YmC3L2XMUNA==,Sandy,1,NA,0,0
50,j7e+2Gfp86ifmNAA+c7YmC3L2XMUNA==,Sandy,1,NA,0,0
50,j7e+2Gfp86ifmNAA+c7YmC3L2XMUNA==,Sandy,1,NA,0,0
50,j7e+2Gfp86ifmNAA+c7YmC3L2XMUNA==,Sandy,0,F,0,0
50,j7e+2Gfp86ifmNAA+c7YmC3L2XMUNA==,Sandy,0,NA,0,0
500,j7e+2Gfp86ifmNAA+c7YmC3L2XMUNA==,Sandy,1,NA,0,0
50,j7e+2Gfp86ifmNAA+c7YmC3L2XMUNA==,Sandy,1,NA,0,0
500,j7e+2Gfp86ifmNAA+c7YmC3L2XMUNA==,Sandy,0,F,0,0
50,j7e+2Gfp86ifmNAA+c7YmC3L2XMUNA==,Sandy,1,NA,0,0
1000,j7e+2Gfp86ifmNAA+c7YmC3L2XMUNA==,Sandy,1,NA,0,0
100,j7e+2Gfp86ifmNAA+c7YmC3L2XMUNA==,Sandy,1,NA,0,0
50,j7e+2Gfp86ifmNAA+c7YmC3L2XMUNA==,Sandy,0,F,0,0
50,j7e+2Gfp86ifmNAA+c7YmC3L2XMUNA==,Sandy,1,NA,0,0
50,j7e+2Gfp86ifmNAA+c7YmC3L2XMUNA==,Sandy,1,NA,0,0
30,nKus2wXKv54NNkbiEjwRNS3UxC4fPA==,Newlyweds,0,M,0,0
100,nKus2wXKv54NNkbiEjwRNS3UxC4fPA==,Newlyweds,1,NA,0,0
50,nKus2wXKv54NNkbiEjwRNS3UxC4fPA==,Newlyweds,0,NA,0,0
25,nKus2wXKv54NNkbiEjwRNS3UxC4fPA==,Newlyweds,0,NA,0,0
50,nKus2wXKv54NNkbiEjwRNS3UxC4fPA==,Newlyweds,1,NA,0,0
100,nKus2wXKv54NNkbiEjwRNS3UxC4fPA==,Newlyweds,0,F,0,0
25,nKus2wXKv54NNkbiEjwRNS3UxC4fPA==,Newlyweds,1,NA,0,0
50,nKus2wXKv54NNkbiEjwRNS3UxC4fPA==,Newlyweds,1,NA,0,0
500,nKus2wXKv54NNkbiEjwRNS3UxC4fPA==,Newlyweds,1,NA,0,0
250,nKus2wXKv54NNkbiEjwRNS3UxC4fPA==,Newlyweds,1,NA,0,0
50,nKus2wXKv54NNkbiEjwRNS3UxC4fPA==,Newlyweds,0,F,0,0
100,nKus2wXKv54NNkbiEjwRNS3UxC4fPA==,Newlyweds,1,NA,0,0
250,nKus2wXKv54NNkbiEjwRNS3UxC4fPA==,Newlyweds,0,M,0,0
150,nKus2wXKv54NNkbiEjwRNS3UxC4fPA==,Newlyweds,0,NA,0,0
1000,nKus2wXKv54NNkbiEjwRNS3UxC4fPA==,Newlyweds,1,NA,0,0
5,nKus2wXKv54NNkbiEjwRNS3UxC4fPA==,Newlyweds,0,F,0,0
150,nKus2wXKv54NNkbiEjwRNS3UxC4fPA==,Newlyweds,1,NA,0,0
25,nKus2wXKv54NNkbiEjwRNS3UxC4fPA==,Newlyweds,0,F,0,0
25,nKus2wXKv54NNkbiEjwRNS3UxC4fPA==,Newlyweds,0,F,0,0
50,nKus2wXKv54NNkbiEjwRNS3UxC4fPA==,Newlyweds,0,NA,0,0
20,nKus2wXKv54NNkbiEjwRNS3UxC4fPA==,Newlyweds,0,NA,0,0
20,nKus2wXKv54NNkbiEjwRNS3UxC4fPA==,Newlyweds,0,F,0,0
5,nKus2wXKv54NNkbiEjwRNS3UxC4fPA==,Newlyweds,1,NA,0,0
25,nKus2wXKv54NNkbiEjwRNS3UxC4fPA==,Newlyweds,1,NA,0,0
250,nKus2wXKv54NNkbiEjwRNS3UxC4fPA==,Newlyweds,1,NA,0,0
50,nKus2wXKv54NNkbiEjwRNS3UxC4fPA==,Newlyweds,1,NA,0,0
10,nKus2wXKv54NNkbiEjwRNS3UxC4fPA==,Newlyweds,1,NA,0,0
40,nKus2wXKv54NNkbiEjwRNS3UxC4fPA==,Newlyweds,0,F,0,0
25,nKus2wXKv54NNkbiEjwRNS3UxC4fPA==,Newlyweds,0,NA,0,0
10,nKus2wXKv54NNkbiEjwRNS3UxC4fPA==,Newlyweds,1,NA,0,0
200,AHN7AxN1GcsOZzJmMGdM8y3VwCYeKA==,Sandy,1,NA,0,0
125,AHN7AxN1GcsOZzJmMGdM8y3VwCYeKA==,Sandy,0,NA,0,0
25,AHN7AxN1GcsOZzJmMGdM8y3VwCYeKA==,Sandy,1,NA,0,0
25,4fD8D8u9z2T+cgl8peHp4S3VwGMVOA==,Events,1,NA,0,0
200,4fD8D8u9z2T+cgl8peHp4S3VwGMVOA==,Events,0,F,0,0
80,4fD8D8u9z2T+cgl8peHp4S3VwGMVOA==,Events,0,F,0,0
25,4fD8D8u9z2T+cgl8peHp4S3VwGMVOA==,Events,1,NA,0,0
20,4fD8D8u9z2T+cgl8peHp4S3VwGMVOA==,Events,0,F,0,0
100,4fD8D8u9z2T+cgl8peHp4S3VwGMVOA==,Events,0,F,0,0
50,4fD8D8u9z2T+cgl8peHp4S3VwGMVOA==,Events,0,F,0,0
50,4fD8D8u9z2T+cgl8peHp4S3VwGMVOA==,Events,0,F,0,0
100,qZBbyPf+I2WIVcGvteDU9y3V0XUIMA==,Events,0,M,0,0
100,qZBbyPf+I2WIVcGvteDU9y3V0XUIMA==,Events,0,M,0,0
10,qZBbyPf+I2WIVcGvteDU9y3V0XUIMA==,Events,0,M,0,0
25,qZBbyPf+I2WIVcGvteDU9y3V0XUIMA==,Events,0,NA,0,0
20,qZBbyPf+I2WIVcGvteDU9y3V0XUIMA==,Events,0,NA,0,0
50,qZBbyPf+I2WIVcGvteDU9y3V0XUIMA==,Events,0,M,0,0
15,qZBbyPf+I2WIVcGvteDU9y3V0XUIMA==,Events,0,M,0,0
100,qZBbyPf+I2WIVcGvteDU9y3V0XUIMA==,Events,0,NA,0,0
20,qZBbyPf+I2WIVcGvteDU9y3V0XUIMA==,Events,0,M,0,0
50,qZBbyPf+I2WIVcGvteDU9y3V0XUIMA==,Events,0,NA,0,0
50,qZBbyPf+I2WIVcGvteDU9y3V0XUIMA==,Events,0,NA,0,0
10,qZBbyPf+I2WIVcGvteDU9y3V0XUIMA==,Events,0,M,0,0
20,qZBbyPf+I2WIVcGvteDU9y3V0XUIMA==,Events,0,NA,0,0
50,qZBbyPf+I2WIVcGvteDU9y3V0XUIMA==,Events,0,M,0,0
50,qZBbyPf+I2WIVcGvteDU9y3V0XUIMA==,Events,1,NA,0,0
10,qZBbyPf+I2WIVcGvteDU9y3V0XUIMA==,Events,0,NA,0,0
10,qZBbyPf+I2WIVcGvteDU9y3V0XUIMA==,Events,0,NA,0,0
20,qZBbyPf+I2WIVcGvteDU9y3V0XUIMA==,Events,0,NA,0,0
10,qZBbyPf+I2WIVcGvteDU9y3V0XUIMA==,Events,0,NA,0,0
50,qZBbyPf+I2WIVcGvteDU9y3V0XUIMA==,Events,0,NA,0,0
300,qZBbyPf+I2WIVcGvteDU9y3V0XUIMA==,Events,0,F,0,0
25,qZBbyPf+I2WIVcGvteDU9y3V0XUIMA==,Events,1,NA,0,0
25,qZBbyPf+I2WIVcGvteDU9y3V0XUIMA==,Events,0,F,0,0
200,qZBbyPf+I2WIVcGvteDU9y3V0XUIMA==,Events,0,NA,0,0
20,qZBbyPf+I2WIVcGvteDU9y3V0XUIMA==,Events,0,NA,0,0
20,qZBbyPf+I2WIVcGvteDU9y3V0XUIMA==,Events,0,M,0,0
50,qZBbyPf+I2WIVcGvteDU9y3V0XUIMA==,Events,0,M,0,0
100,qZBbyPf+I2WIVcGvteDU9y3V0XUIMA==,Events,0,M,0,0
20,qZBbyPf+I2WIVcGvteDU9y3V0XUIMA==,Events,0,NA,0,0
100,qZBbyPf+I2WIVcGvteDU9y3V0XUIMA==,Events,1,NA,0,0
20,qZBbyPf+I2WIVcGvteDU9y3V0XUIMA==,Events,0,F,0,0
50,qZBbyPf+I2WIVcGvteDU9y3V0XUIMA==,Events,0,NA,0,0
100,qZBbyPf+I2WIVcGvteDU9y3V0XUIMA==,Events,0,NA,0,0
25,qZBbyPf+I2WIVcGvteDU9y3V0XUIMA==,Events,0,M,0,0
100,qZBbyPf+I2WIVcGvteDU9y3V0XUIMA==,Events,0,M,0,0
10,qZBbyPf+I2WIVcGvteDU9y3V0XUIMA==,Events,0,F,0,0
10,qZBbyPf+I2WIVcGvteDU9y3V0XUIMA==,Events,0,M,0,0
50,qZBbyPf+I2WIVcGvteDU9y3V0XUIMA==,Events,1,NA,0,0
400,YU4IwWfXRKZWBZx21KshDS3WkHUROA==,Newlyweds,0,M,0,0
500,YU4IwWfXRKZWBZx21KshDS3WkHUROA==,Newlyweds,1,NA,0,0
20,hdbeevkzQOUrF+YDl8jxay3WlyUVLA==,Events,0,F,0,0
10,hdbeevkzQOUrF+YDl8jxay3WlyUVLA==,Events,0,F,0,0
25,hdbeevkzQOUrF+YDl8jxay3WlyUVLA==,Events,1,NA,0,0
25,hdbeevkzQOUrF+YDl8jxay3WlyUVLA==,Events,0,F,0,0
10,hdbeevkzQOUrF+YDl8jxay3WlyUVLA==,Events,0,M,0,0
25,hdbeevkzQOUrF+YDl8jxay3WlyUVLA==,Events,0,F,0,0
50,hdbeevkzQOUrF+YDl8jxay3WlyUVLA==,Events,0,NA,0,0
100,hdbeevkzQOUrF+YDl8jxay3WlyUVLA==,Events,1,NA,0,0
20,hdbeevkzQOUrF+YDl8jxay3WlyUVLA==,Events,0,F,0,0
50,hdbeevkzQOUrF+YDl8jxay3WlyUVLA==,Events,1,NA,0,0
20,hdbeevkzQOUrF+YDl8jxay3WlyUVLA==,Events,0,M,0,0
25,hdbeevkzQOUrF+YDl8jxay3WlyUVLA==,Events,1,NA,0,0
25,hdbeevkzQOUrF+YDl8jxay3WlyUVLA==,Events,0,F,0,0
25,hdbeevkzQOUrF+YDl8jxay3WlyUVLA==,Events,1,NA,0,0
100,hdbeevkzQOUrF+YDl8jxay3WlyUVLA==,Events,1,NA,0,0
20,3rWm1V7VoWqcZXfVs0ak4C3WyCUKOA==,Events,0,M,0,0
10,3rWm1V7VoWqcZXfVs0ak4C3WyCUKOA==,Events,0,F,0,0
80,3rWm1V7VoWqcZXfVs0ak4C3WyCUKOA==,Events,0,NA,0,0
20,3rWm1V7VoWqcZXfVs0ak4C3WyCUKOA==,Events,0,F,0,0
20,3rWm1V7VoWqcZXfVs0ak4C3WyCUKOA==,Events,0,F,0,0
20,3rWm1V7VoWqcZXfVs0ak4C3WyCUKOA==,Events,0,NA,0,0
20,3rWm1V7VoWqcZXfVs0ak4C3WyCUKOA==,Events,0,F,0,0
100,3rWm1V7VoWqcZXfVs0ak4C3WyCUKOA==,Events,0,NA,0,0
100,3rWm1V7VoWqcZXfVs0ak4C3WyCUKOA==,Events,1,NA,0,0
25,c3NnhGOPn/q89CwHgiyyMC3WznILKA==,Business,0,F,0,0
25,c3NnhGOPn/q89CwHgiyyMC3WznILKA==,Business,0,M,0,0
75,c3NnhGOPn/q89CwHgiyyMC3WznILKA==,Business,0,M,0,0
27,c3NnhGOPn/q89CwHgiyyMC3WznILKA==,Business,0,M,0,0
50,c3NnhGOPn/q89CwHgiyyMC3WznILKA==,Business,0,M,0,0
18,c3NnhGOPn/q89CwHgiyyMC3WznILKA==,Business,0,NA,0,0
100,c3NnhGOPn/q89CwHgiyyMC3WznILKA==,Business,0,M,0,0
5,c3NnhGOPn/q89CwHgiyyMC3WznILKA==,Business,0,F,0,0
25,c3NnhGOPn/q89CwHgiyyMC3WznILKA==,Business,1,NA,0,0
10,c3NnhGOPn/q89CwHgiyyMC3WznILKA==,Business,0,F,0,0
25,c3NnhGOPn/q89CwHgiyyMC3WznILKA==,Business,0,M,0,0
25,c3NnhGOPn/q89CwHgiyyMC3WznILKA==,Business,0,F,0,0
25,c3NnhGOPn/q89CwHgiyyMC3WznILKA==,Business,0,M,0,0
250,qoxUr8DJky4WJP/D6/PytC3W125DOA==,Sandy,1,NA,0,0
50,qoxUr8DJky4WJP/D6/PytC3W125DOA==,Sandy,0,F,0,1
223,qoxUr8DJky4WJP/D6/PytC3W125DOA==,Sandy,0,NA,0,0
500,qoxUr8DJky4WJP/D6/PytC3W125DOA==,Sandy,0,F,0,0
100,qoxUr8DJky4WJP/D6/PytC3W125DOA==,Sandy,0,NA,0,0
250,qoxUr8DJky4WJP/D6/PytC3W125DOA==,Sandy,1,NA,0,0
20,qoxUr8DJky4WJP/D6/PytC3W125DOA==,Sandy,0,NA,0,0
50,qoxUr8DJky4WJP/D6/PytC3W125DOA==,Sandy,0,NA,0,0
25,qoxUr8DJky4WJP/D6/PytC3W125DOA==,Sandy,0,NA,0,0
50,qoxUr8DJky4WJP/D6/PytC3W125DOA==,Sandy,0,NA,0,0
50,qoxUr8DJky4WJP/D6/PytC3W125DOA==,Sandy,0,NA,0,0
100,qoxUr8DJky4WJP/D6/PytC3W125DOA==,Sandy,0,NA,0,0
50,qoxUr8DJky4WJP/D6/PytC3W125DOA==,Sandy,0,M,0,0
75,qoxUr8DJky4WJP/D6/PytC3W125DOA==,Sandy,0,M,0,0
25,qoxUr8DJky4WJP/D6/PytC3W125DOA==,Sandy,1,NA,0,0
25,qoxUr8DJky4WJP/D6/PytC3W125DOA==,Sandy,0,M,0,0
500,qoxUr8DJky4WJP/D6/PytC3W125DOA==,Sandy,0,M,0,0
10,qoxUr8DJky4WJP/D6/PytC3W125DOA==,Sandy,0,NA,0,0
100,qoxUr8DJky4WJP/D6/PytC3W125DOA==,Sandy,0,M,0,0
100,qoxUr8DJky4WJP/D6/PytC3W125DOA==,Sandy,0,F,0,0
200,qoxUr8DJky4WJP/D6/PytC3W125DOA==,Sandy,0,M,0,0
40,qoxUr8DJky4WJP/D6/PytC3W125DOA==,Sandy,0,NA,0,0
500,qoxUr8DJky4WJP/D6/PytC3W125DOA==,Sandy,0,F,0,0
300,qoxUr8DJky4WJP/D6/PytC3W125DOA==,Sandy,1,NA,0,0
200,qoxUr8DJky4WJP/D6/PytC3W125DOA==,Sandy,0,M,0,0
50,qoxUr8DJky4WJP/D6/PytC3W125DOA==,Sandy,0,F,0,0
500,qoxUr8DJky4WJP/D6/PytC3W125DOA==,Sandy,0,NA,0,0
100,qoxUr8DJky4WJP/D6/PytC3W125DOA==,Sandy,1,NA,0,0
25,qoxUr8DJky4WJP/D6/PytC3W125DOA==,Sandy,0,F,0,0
200,qoxUr8DJky4WJP/D6/PytC3W125DOA==,Sandy,1,NA,0,0
25,qoxUr8DJky4WJP/D6/PytC3W125DOA==,Sandy,0,F,0,0
10,qoxUr8DJky4WJP/D6/PytC3W125DOA==,Sandy,1,NA,0,0
300,qoxUr8DJky4WJP/D6/PytC3W125DOA==,Sandy,0,M,0,0
50,qoxUr8DJky4WJP/D6/PytC3W125DOA==,Sandy,0,NA,0,0
50,qoxUr8DJky4WJP/D6/PytC3W125DOA==,Sandy,0,NA,0,0
800,qoxUr8DJky4WJP/D6/PytC3W125DOA==,Sandy,1,NA,0,0
100,qoxUr8DJky4WJP/D6/PytC3W125DOA==,Sandy,0,F,0,0
100,qoxUr8DJky4WJP/D6/PytC3W125DOA==,Sandy,1,NA,0,0
500,qoxUr8DJky4WJP/D6/PytC3W125DOA==,Sandy,0,F,0,0
1000,qoxUr8DJky4WJP/D6/PytC3W125DOA==,Sandy,0,F,0,0
100,5mkWsBGN9rHbG9OnkGm81i3W1mUeMA==,Business,0,F,0,0
100,5mkWsBGN9rHbG9OnkGm81i3W1mUeMA==,Business,0,F,0,0
100,5mkWsBGN9rHbG9OnkGm81i3W1mUeMA==,Business,0,M,0,0
1000,5mkWsBGN9rHbG9OnkGm81i3W1mUeMA==,Business,1,NA,0,0
100,5mkWsBGN9rHbG9OnkGm81i3W1mUeMA==,Business,0,NA,0,0
500,5mkWsBGN9rHbG9OnkGm81i3W1mUeMA==,Business,0,NA,0,0
25,5mkWsBGN9rHbG9OnkGm81i3W1mUeMA==,Business,0,F,0,0
50,5mkWsBGN9rHbG9OnkGm81i3W1mUeMA==,Business,0,F,0,0
50,5mkWsBGN9rHbG9OnkGm81i3W1mUeMA==,Business,0,F,0,0
100,5mkWsBGN9rHbG9OnkGm81i3W1mUeMA==,Business,0,NA,0,0
20,5mkWsBGN9rHbG9OnkGm81i3W1mUeMA==,Business,0,F,0,0
50,5mkWsBGN9rHbG9OnkGm81i3W1mUeMA==,Business,0,F,0,0
100,5mkWsBGN9rHbG9OnkGm81i3W1mUeMA==,Business,1,NA,0,0
200,5mkWsBGN9rHbG9OnkGm81i3W1mUeMA==,Business,0,F,0,0
1000,5mkWsBGN9rHbG9OnkGm81i3W1mUeMA==,Business,1,NA,0,0
20,5mkWsBGN9rHbG9OnkGm81i3W1mUeMA==,Business,0,F,0,0
20,5mkWsBGN9rHbG9OnkGm81i3W1mUeMA==,Business,1,NA,0,0
25,APjnHhhsRBGUNf4JR94nVi3W2y8QZw==,Philippine Relief,0,NA,0,0
80,APjnHhhsRBGUNf4JR94nVi3W2y8QZw==,Philippine Relief,0,M,0,0
20,APjnHhhsRBGUNf4JR94nVi3W2y8QZw==,Philippine Relief,0,M,0,0
100,APjnHhhsRBGUNf4JR94nVi3W2y8QZw==,Philippine Relief,1,NA,0,0
250,APjnHhhsRBGUNf4JR94nVi3W2y8QZw==,Philippine Relief,0,M,0,0
50,APjnHhhsRBGUNf4JR94nVi3W2y8QZw==,Philippine Relief,0,NA,0,0
10,APjnHhhsRBGUNf4JR94nVi3W2y8QZw==,Philippine Relief,0,M,0,0
10,APjnHhhsRBGUNf4JR94nVi3W2y8QZw==,Philippine Relief,0,NA,0,0
100,APjnHhhsRBGUNf4JR94nVi3W2y8QZw==,Philippine Relief,0,M,0,0
10,APjnHhhsRBGUNf4JR94nVi3W2y8QZw==,Philippine Relief,0,NA,0,0
50,APjnHhhsRBGUNf4JR94nVi3W2y8QZw==,Philippine Relief,0,M,0,0
20,APjnHhhsRBGUNf4JR94nVi3W2y8QZw==,Philippine Relief,0,M,0,0
39,vaFPn/osVH3jJxv3Q3sgsi3XlGEUPA==,Business,0,M,0,0
39,vaFPn/osVH3jJxv3Q3sgsi3XlGEUPA==,Business,1,NA,0,0
39,vaFPn/osVH3jJxv3Q3sgsi3XlGEUPA==,Business,1,NA,0,0
39,vaFPn/osVH3jJxv3Q3sgsi3XlGEUPA==,Business,0,M,0,0
50,vaFPn/osVH3jJxv3Q3sgsi3XlGEUPA==,Business,1,NA,0,0
39,vaFPn/osVH3jJxv3Q3sgsi3XlGEUPA==,Business,0,F,0,0
39,vaFPn/osVH3jJxv3Q3sgsi3XlGEUPA==,Business,0,M,0,0
39,vaFPn/osVH3jJxv3Q3sgsi3XlGEUPA==,Business,1,NA,0,0
39,vaFPn/osVH3jJxv3Q3sgsi3XlGEUPA==,Business,0,F,0,0
39,vaFPn/osVH3jJxv3Q3sgsi3XlGEUPA==,Business,0,M,0,0
39,vaFPn/osVH3jJxv3Q3sgsi3XlGEUPA==,Business,1,NA,0,0
39,vaFPn/osVH3jJxv3Q3sgsi3XlGEUPA==,Business,1,NA,0,0
80,vaFPn/osVH3jJxv3Q3sgsi3XlGEUPA==,Business,0,M,0,0
39,vaFPn/osVH3jJxv3Q3sgsi3XlGEUPA==,Business,0,M,0,0
39,vaFPn/osVH3jJxv3Q3sgsi3XlGEUPA==,Business,0,M,0,0
39,vaFPn/osVH3jJxv3Q3sgsi3XlGEUPA==,Business,0,M,0,0
39,vaFPn/osVH3jJxv3Q3sgsi3XlGEUPA==,Business,1,NA,0,0
39,vaFPn/osVH3jJxv3Q3sgsi3XlGEUPA==,Business,0,M,0,0
39,vaFPn/osVH3jJxv3Q3sgsi3XlGEUPA==,Business,0,M,0,0
80,vaFPn/osVH3jJxv3Q3sgsi3XlGEUPA==,Business,0,M,0,0
39,vaFPn/osVH3jJxv3Q3sgsi3XlGEUPA==,Business,0,M,0,0
39,vaFPn/osVH3jJxv3Q3sgsi3XlGEUPA==,Business,0,M,0,0
39,vaFPn/osVH3jJxv3Q3sgsi3XlGEUPA==,Business,0,M,0,0
39,vaFPn/osVH3jJxv3Q3sgsi3XlGEUPA==,Business,1,NA,0,0
39,vaFPn/osVH3jJxv3Q3sgsi3XlGEUPA==,Business,1,NA,0,0
100,BmpN2ya2TOSQgWf0rrMvmC3XwXIfZw==,Business,1,NA,0,0
5,BmpN2ya2TOSQgWf0rrMvmC3XwXIfZw==,Business,1,NA,0,0
50,BmpN2ya2TOSQgWf0rrMvmC3XwXIfZw==,Business,1,NA,0,0
10,BmpN2ya2TOSQgWf0rrMvmC3XwXIfZw==,Business,1,NA,0,0
10,BmpN2ya2TOSQgWf0rrMvmC3XwXIfZw==,Business,0,M,0,0
20,BmpN2ya2TOSQgWf0rrMvmC3XwXIfZw==,Business,0,M,0,0
1000,BmpN2ya2TOSQgWf0rrMvmC3XwXIfZw==,Business,0,NA,0,0
10,BmpN2ya2TOSQgWf0rrMvmC3XwXIfZw==,Business,0,M,0,0
1245,BmpN2ya2TOSQgWf0rrMvmC3XwXIfZw==,Business,0,NA,0,0
5,sqvP+33dqaWsBwoLsyunmi3X10k/NnUnww6M7LLJiw==,Travel,1,NA,0,0
100,sqvP+33dqaWsBwoLsyunmi3X10k/NnUnww6M7LLJiw==,Travel,1,NA,0,0
30,Mei0T0Ci3+Es1ASVmLhkkC3X13ACbw==,Sandy,0,M,0,0
25,Mei0T0Ci3+Es1ASVmLhkkC3X13ACbw==,Sandy,0,F,0,0
10,Mei0T0Ci3+Es1ASVmLhkkC3X13ACbw==,Sandy,0,M,0,0
25,Mei0T0Ci3+Es1ASVmLhkkC3X13ACbw==,Sandy,0,F,0,0
15,Mei0T0Ci3+Es1ASVmLhkkC3X13ACbw==,Sandy,0,M,0,0
20,Mei0T0Ci3+Es1ASVmLhkkC3X13ACbw==,Sandy,0,M,0,0
20,Mei0T0Ci3+Es1ASVmLhkkC3X13ACbw==,Sandy,0,M,0,0
50,Mei0T0Ci3+Es1ASVmLhkkC3X13ACbw==,Sandy,0,NA,0,0
125,Mei0T0Ci3+Es1ASVmLhkkC3X13ACbw==,Sandy,0,M,0,0
20,Mei0T0Ci3+Es1ASVmLhkkC3X13ACbw==,Sandy,0,F,0,0
15,Mei0T0Ci3+Es1ASVmLhkkC3X13ACbw==,Sandy,0,M,0,0
25,Mei0T0Ci3+Es1ASVmLhkkC3X13ACbw==,Sandy,1,NA,0,0
20,Mei0T0Ci3+Es1ASVmLhkkC3X13ACbw==,Sandy,0,F,0,0
15,Mei0T0Ci3+Es1ASVmLhkkC3X13ACbw==,Sandy,1,NA,0,0
75,Mei0T0Ci3+Es1ASVmLhkkC3X13ACbw==,Sandy,0,F,0,0
50,Mei0T0Ci3+Es1ASVmLhkkC3X13ACbw==,Sandy,0,NA,0,0
50,Mei0T0Ci3+Es1ASVmLhkkC3X13ACbw==,Sandy,0,F,0,0
100,Mei0T0Ci3+Es1ASVmLhkkC3X13ACbw==,Sandy,1,NA,0,0
50,Mei0T0Ci3+Es1ASVmLhkkC3X13ACbw==,Sandy,1,NA,0,0
50,Mei0T0Ci3+Es1ASVmLhkkC3X13ACbw==,Sandy,0,F,0,0
100,Mei0T0Ci3+Es1ASVmLhkkC3X13ACbw==,Sandy,0,F,0,0
10,Mei0T0Ci3+Es1ASVmLhkkC3X13ACbw==,Sandy,1,NA,0,0
100,Mei0T0Ci3+Es1ASVmLhkkC3X13ACbw==,Sandy,0,M,1,0
50,svCT7uC4kHABjTYF90xGWC3QzmIZLA==,Sandy,0,NA,0,0
250,svCT7uC4kHABjTYF90xGWC3QzmIZLA==,Sandy,0,NA,0,0
50,svCT7uC4kHABjTYF90xGWC3QzmIZLA==,Sandy,0,M,0,0
250,svCT7uC4kHABjTYF90xGWC3QzmIZLA==,Sandy,0,F,0,0
30,svCT7uC4kHABjTYF90xGWC3QzmIZLA==,Sandy,0,M,0,0
25,svCT7uC4kHABjTYF90xGWC3QzmIZLA==,Sandy,0,M,0,0
25,svCT7uC4kHABjTYF90xGWC3QzmIZLA==,Sandy,0,M,0,0
25,svCT7uC4kHABjTYF90xGWC3QzmIZLA==,Sandy,0,M,0,0
50,svCT7uC4kHABjTYF90xGWC3QzmIZLA==,Sandy,1,NA,0,0
50,svCT7uC4kHABjTYF90xGWC3QzmIZLA==,Sandy,0,F,0,0
25,svCT7uC4kHABjTYF90xGWC3QzmIZLA==,Sandy,0,M,0,0
100,svCT7uC4kHABjTYF90xGWC3QzmIZLA==,Sandy,0,F,0,0
25,svCT7uC4kHABjTYF90xGWC3QzmIZLA==,Sandy,0,F,0,0
100,svCT7uC4kHABjTYF90xGWC3QzmIZLA==,Sandy,0,M,0,0
50,svCT7uC4kHABjTYF90xGWC3QzmIZLA==,Sandy,0,F,0,0
25,svCT7uC4kHABjTYF90xGWC3QzmIZLA==,Sandy,0,F,0,0
50,svCT7uC4kHABjTYF90xGWC3QzmIZLA==,Sandy,0,M,0,0
50,svCT7uC4kHABjTYF90xGWC3QzmIZLA==,Sandy,0,NA,0,0
10,svCT7uC4kHABjTYF90xGWC3QzmIZLA==,Sandy,0,F,0,0
25,svCT7uC4kHABjTYF90xGWC3QzmIZLA==,Sandy,0,F,0,0
5,svCT7uC4kHABjTYF90xGWC3QzmIZLA==,Sandy,1,NA,0,0
25,svCT7uC4kHABjTYF90xGWC3QzmIZLA==,Sandy,0,M,0,0
100,svCT7uC4kHABjTYF90xGWC3QzmIZLA==,Sandy,0,M,0,0
250,svCT7uC4kHABjTYF90xGWC3QzmIZLA==,Sandy,0,NA,0,0
100,svCT7uC4kHABjTYF90xGWC3QzmIZLA==,Sandy,0,NA,0,0
50,svCT7uC4kHABjTYF90xGWC3QzmIZLA==,Sandy,0,M,0,0
10,svCT7uC4kHABjTYF90xGWC3QzmIZLA==,Sandy,0,NA,0,0
20,svCT7uC4kHABjTYF90xGWC3QzmIZLA==,Sandy,0,M,0,0
11,svCT7uC4kHABjTYF90xGWC3QzmIZLA==,Sandy,0,M,0,0
10,svCT7uC4kHABjTYF90xGWC3QzmIZLA==,Sandy,0,M,0,0
50,svCT7uC4kHABjTYF90xGWC3QzmIZLA==,Sandy,0,NA,0,0
25,svCT7uC4kHABjTYF90xGWC3QzmIZLA==,Sandy,0,M,0,0
100,svCT7uC4kHABjTYF90xGWC3QzmIZLA==,Sandy,0,NA,0,0
100,svCT7uC4kHABjTYF90xGWC3QzmIZLA==,Sandy,0,NA,0,0
20,svCT7uC4kHABjTYF90xGWC3QzmIZLA==,Sandy,0,M,0,0
1000,svCT7uC4kHABjTYF90xGWC3QzmIZLA==,Sandy,1,NA,0,0
500,svCT7uC4kHABjTYF90xGWC3QzmIZLA==,Sandy,0,M,0,0
50,svCT7uC4kHABjTYF90xGWC3QzmIZLA==,Sandy,0,NA,0,0
20,svCT7uC4kHABjTYF90xGWC3QzmIZLA==,Sandy,0,M,0,0
25,svCT7uC4kHABjTYF90xGWC3QzmIZLA==,Sandy,0,M,0,0
500,svCT7uC4kHABjTYF90xGWC3QzmIZLA==,Sandy,0,F,0,0
100,svCT7uC4kHABjTYF90xGWC3QzmIZLA==,Sandy,0,NA,1,0
100,svCT7uC4kHABjTYF90xGWC3QzmIZLA==,Sandy,0,M,0,0
50,svCT7uC4kHABjTYF90xGWC3QzmIZLA==,Sandy,0,M,0,0
25,svCT7uC4kHABjTYF90xGWC3QzmIZLA==,Sandy,1,NA,0,0
25,svCT7uC4kHABjTYF90xGWC3QzmIZLA==,Sandy,0,F,0,0
25,svCT7uC4kHABjTYF90xGWC3QzmIZLA==,Sandy,0,F,0,0
25,svCT7uC4kHABjTYF90xGWC3QzmIZLA==,Sandy,0,F,0,0
20,svCT7uC4kHABjTYF90xGWC3QzmIZLA==,Sandy,0,M,0,0
50,svCT7uC4kHABjTYF90xGWC3QzmIZLA==,Sandy,0,F,0,0
100,svCT7uC4kHABjTYF90xGWC3QzmIZLA==,Sandy,0,F,0,0
50,svCT7uC4kHABjTYF90xGWC3QzmIZLA==,Sandy,0,M,0,0
100,svCT7uC4kHABjTYF90xGWC3QzmIZLA==,Sandy,0,F,0,0
50,svCT7uC4kHABjTYF90xGWC3QzmIZLA==,Sandy,0,NA,0,0
50,svCT7uC4kHABjTYF90xGWC3QzmIZLA==,Sandy,0,F,0,0
20,svCT7uC4kHABjTYF90xGWC3QzmIZLA==,Sandy,0,M,0,0
20,svCT7uC4kHABjTYF90xGWC3QzmIZLA==,Sandy,0,M,0,0
500,svCT7uC4kHABjTYF90xGWC3QzmIZLA==,Sandy,0,M,0,0
50,svCT7uC4kHABjTYF90xGWC3QzmIZLA==,Sandy,0,F,0,0
500,svCT7uC4kHABjTYF90xGWC3QzmIZLA==,Sandy,0,M,0,0
50,svCT7uC4kHABjTYF90xGWC3QzmIZLA==,Sandy,0,F,0,0
75,svCT7uC4kHABjTYF90xGWC3QzmIZLA==,Sandy,0,NA,0,0
25,svCT7uC4kHABjTYF90xGWC3QzmIZLA==,Sandy,0,F,0,0
50,svCT7uC4kHABjTYF90xGWC3QzmIZLA==,Sandy,0,M,0,0
20,svCT7uC4kHABjTYF90xGWC3QzmIZLA==,Sandy,0,NA,0,0
100,svCT7uC4kHABjTYF90xGWC3QzmIZLA==,Sandy,0,NA,0,0
20,svCT7uC4kHABjTYF90xGWC3QzmIZLA==,Sandy,0,NA,0,0
50,svCT7uC4kHABjTYF90xGWC3QzmIZLA==,Sandy,0,NA,0,0
50,eLCkH3gujv4GrFfq2/M/1C3Q0XBNbw==,Sandy,1,NA,0,0
100,eLCkH3gujv4GrFfq2/M/1C3Q0XBNbw==,Sandy,0,F,0,0
50,eLCkH3gujv4GrFfq2/M/1C3Q0XBNbw==,Sandy,0,F,0,0
100,eLCkH3gujv4GrFfq2/M/1C3Q0XBNbw==,Sandy,0,NA,0,0
100,eLCkH3gujv4GrFfq2/M/1C3Q0XBNbw==,Sandy,0,F,0,0
100,eLCkH3gujv4GrFfq2/M/1C3Q0XBNbw==,Sandy,1,NA,0,0
10,eLCkH3gujv4GrFfq2/M/1C3Q0XBNbw==,Sandy,0,NA,0,0
25,eLCkH3gujv4GrFfq2/M/1C3Q0XBNbw==,Sandy,0,F,0,0
100,eLCkH3gujv4GrFfq2/M/1C3Q0XBNbw==,Sandy,0,NA,0,0
25,eLCkH3gujv4GrFfq2/M/1C3Q0XBNbw==,Sandy,0,F,0,0
50,eLCkH3gujv4GrFfq2/M/1C3Q0XBNbw==,Sandy,1,NA,0,0
100,eLCkH3gujv4GrFfq2/M/1C3Q0XBNbw==,Sandy,1,NA,0,0
5,eLCkH3gujv4GrFfq2/M/1C3Q0XBNbw==,Sandy,0,M,0,0
50,eLCkH3gujv4GrFfq2/M/1C3Q0XBNbw==,Sandy,0,F,0,0
50,eLCkH3gujv4GrFfq2/M/1C3Q0XBNbw==,Sandy,0,M,0,0
50,eLCkH3gujv4GrFfq2/M/1C3Q0XBNbw==,Sandy,0,F,0,0
500,eLCkH3gujv4GrFfq2/M/1C3Q0XBNbw==,Sandy,0,M,0,0
25,eLCkH3gujv4GrFfq2/M/1C3Q0XBNbw==,Sandy,0,F,0,1
50,eLCkH3gujv4GrFfq2/M/1C3Q0XBNbw==,Sandy,0,F,0,0
1000,eLCkH3gujv4GrFfq2/M/1C3Q0XBNbw==,Sandy,0,M,0,0
25,eLCkH3gujv4GrFfq2/M/1C3Q0XBNbw==,Sandy,1,NA,0,0
50,eLCkH3gujv4GrFfq2/M/1C3Q0XBNbw==,Sandy,0,NA,0,0
100,eLCkH3gujv4GrFfq2/M/1C3Q0XBNbw==,Sandy,0,NA,0,0
10,eLCkH3gujv4GrFfq2/M/1C3Q0XBNbw==,Sandy,0,M,0,0
150,eLCkH3gujv4GrFfq2/M/1C3Q0XBNbw==,Sandy,0,NA,0,0
25,eLCkH3gujv4GrFfq2/M/1C3Q0XBNbw==,Sandy,0,F,0,0
25,eLCkH3gujv4GrFfq2/M/1C3Q0XBNbw==,Sandy,1,NA,0,0
100,eLCkH3gujv4GrFfq2/M/1C3Q0XBNbw==,Sandy,0,F,0,0
25,eLCkH3gujv4GrFfq2/M/1C3Q0XBNbw==,Sandy,1,NA,0,0
50,eLCkH3gujv4GrFfq2/M/1C3Q0XBNbw==,Sandy,0,NA,0,0
10,eLCkH3gujv4GrFfq2/M/1C3Q0XBNbw==,Sandy,0,F,0,0
25,eLCkH3gujv4GrFfq2/M/1C3Q0XBNbw==,Sandy,0,NA,0,0
50,eLCkH3gujv4GrFfq2/M/1C3Q0XBNbw==,Sandy,1,NA,0,0
10,eLCkH3gujv4GrFfq2/M/1C3Q0XBNbw==,Sandy,1,NA,0,0
50,ZrtWy8uTm08OzDZNQW4OrS3Sl2Acaw==,Sandy,0,NA,0,0
10,ZrtWy8uTm08OzDZNQW4OrS3Sl2Acaw==,Sandy,0,M,0,0
10,ZrtWy8uTm08OzDZNQW4OrS3Sl2Acaw==,Sandy,0,M,0,0
25,ZrtWy8uTm08OzDZNQW4OrS3Sl2Acaw==,Sandy,0,M,0,0
150,ZrtWy8uTm08OzDZNQW4OrS3Sl2Acaw==,Sandy,0,F,0,0
50,ZrtWy8uTm08OzDZNQW4OrS3Sl2Acaw==,Sandy,0,F,0,0
50,ZrtWy8uTm08OzDZNQW4OrS3Sl2Acaw==,Sandy,0,F,0,0
18,ZrtWy8uTm08OzDZNQW4OrS3Sl2Acaw==,Sandy,0,F,0,1
100,ZrtWy8uTm08OzDZNQW4OrS3Sl2Acaw==,Sandy,0,NA,0,0
50,ZrtWy8uTm08OzDZNQW4OrS3Sl2Acaw==,Sandy,0,NA,0,0
50,ZrtWy8uTm08OzDZNQW4OrS3Sl2Acaw==,Sandy,1,NA,0,0
15,ZrtWy8uTm08OzDZNQW4OrS3Sl2Acaw==,Sandy,1,NA,0,0
50,ZrtWy8uTm08OzDZNQW4OrS3Sl2Acaw==,Sandy,0,M,0,0
15,ZrtWy8uTm08OzDZNQW4OrS3Sl2Acaw==,Sandy,0,M,0,0
30,ZrtWy8uTm08OzDZNQW4OrS3Sl2Acaw==,Sandy,0,F,0,0
200,ZrtWy8uTm08OzDZNQW4OrS3Sl2Acaw==,Sandy,1,NA,0,0
10,ZrtWy8uTm08OzDZNQW4OrS3Sl2Acaw==,Sandy,1,NA,0,0
50,WhmklM29WmFs5RnhooZGYy3SliMKOA==,Business,0,NA,0,0
10,WhmklM29WmFs5RnhooZGYy3SliMKOA==,Business,1,NA,0,0
50,WhmklM29WmFs5RnhooZGYy3SliMKOA==,Business,0,F,0,0
10,WhmklM29WmFs5RnhooZGYy3SliMKOA==,Business,1,NA,0,0
25,WhmklM29WmFs5RnhooZGYy3SliMKOA==,Business,0,M,0,0
100,WhmklM29WmFs5RnhooZGYy3SliMKOA==,Business,0,M,0,0
20,WhmklM29WmFs5RnhooZGYy3SliMKOA==,Business,0,M,0,0
25,WhmklM29WmFs5RnhooZGYy3SliMKOA==,Business,0,F,0,0
50,WhmklM29WmFs5RnhooZGYy3SliMKOA==,Business,0,M,0,0
25,WhmklM29WmFs5RnhooZGYy3SliMKOA==,Business,0,F,0,0
25,WhmklM29WmFs5RnhooZGYy3SliMKOA==,Business,0,M,0,0
25,WhmklM29WmFs5RnhooZGYy3SliMKOA==,Business,0,NA,0,0
100,WhmklM29WmFs5RnhooZGYy3SliMKOA==,Business,1,NA,0,0
100,WhmklM29WmFs5RnhooZGYy3SliMKOA==,Business,0,M,0,0
50,WhmklM29WmFs5RnhooZGYy3SliMKOA==,Business,0,M,0,0
100,WhmklM29WmFs5RnhooZGYy3SliMKOA==,Business,0,F,0,0
100,WhmklM29WmFs5RnhooZGYy3SliMKOA==,Business,0,F,1,0
50,WhmklM29WmFs5RnhooZGYy3SliMKOA==,Business,0,NA,0,0
20,qpU8p8xCB5cWdq7w0C1lRy3SwGZCbw==,Sandy,0,F,0,0
20,qpU8p8xCB5cWdq7w0C1lRy3SwGZCbw==,Sandy,0,NA,0,0
50,qpU8p8xCB5cWdq7w0C1lRy3SwGZCbw==,Sandy,0,F,0,0
432,qpU8p8xCB5cWdq7w0C1lRy3SwGZCbw==,Sandy,0,NA,0,0
60,qpU8p8xCB5cWdq7w0C1lRy3SwGZCbw==,Sandy,0,NA,0,0
80,qpU8p8xCB5cWdq7w0C1lRy3SwGZCbw==,Sandy,0,NA,0,0
25,qpU8p8xCB5cWdq7w0C1lRy3SwGZCbw==,Sandy,0,NA,0,0
73,qpU8p8xCB5cWdq7w0C1lRy3SwGZCbw==,Sandy,0,NA,0,0
50,qpU8p8xCB5cWdq7w0C1lRy3SwGZCbw==,Sandy,0,F,0,0
50,qpU8p8xCB5cWdq7w0C1lRy3SwGZCbw==,Sandy,0,F,0,0
50,qpU8p8xCB5cWdq7w0C1lRy3SwGZCbw==,Sandy,0,NA,0,0
25,qpU8p8xCB5cWdq7w0C1lRy3SwGZCbw==,Sandy,0,F,0,0
50,qpU8p8xCB5cWdq7w0C1lRy3SwGZCbw==,Sandy,0,F,0,0
25,qpU8p8xCB5cWdq7w0C1lRy3SwGZCbw==,Sandy,0,NA,0,0
30,qpU8p8xCB5cWdq7w0C1lRy3SwGZCbw==,Sandy,0,NA,0,0
50,qpU8p8xCB5cWdq7w0C1lRy3SwGZCbw==,Sandy,0,F,0,0
50,qpU8p8xCB5cWdq7w0C1lRy3SwGZCbw==,Sandy,0,F,1,0
25,qpU8p8xCB5cWdq7w0C1lRy3SwGZCbw==,Sandy,0,NA,1,0
100,qpU8p8xCB5cWdq7w0C1lRy3SwGZCbw==,Sandy,0,NA,0,0
50,qpU8p8xCB5cWdq7w0C1lRy3SwGZCbw==,Sandy,0,F,0,0
20,qpU8p8xCB5cWdq7w0C1lRy3SwGZCbw==,Sandy,0,F,0,0
50,qpU8p8xCB5cWdq7w0C1lRy3SwGZCbw==,Sandy,0,NA,1,0
130,qpU8p8xCB5cWdq7w0C1lRy3SwGZCbw==,Sandy,0,NA,0,0
300,1hyAxN0gYMWKGW1vP5CzMC3S038Daw==,Newlyweds,1,NA,0,0
500,NoWonx0tvwMmfnJq1SPm2C3S12FKaw==,Sandy,0,NA,0,0
20,NoWonx0tvwMmfnJq1SPm2C3S12FKaw==,Sandy,0,F,0,0
100,NoWonx0tvwMmfnJq1SPm2C3S12FKaw==,Sandy,1,NA,0,0
50,NoWonx0tvwMmfnJq1SPm2C3S12FKaw==,Sandy,0,M,0,0
55,VheF2DUDVQ2H2fslaDpi8y3cm3gLbw==,Business,1,NA,0,0
13,VheF2DUDVQ2H2fslaDpi8y3cm3gLbw==,Business,0,M,0,0
100,VheF2DUDVQ2H2fslaDpi8y3cm3gLbw==,Business,1,NA,0,0
50,VheF2DUDVQ2H2fslaDpi8y3cm3gLbw==,Business,0,M,0,0
26,VheF2DUDVQ2H2fslaDpi8y3cm3gLbw==,Business,1,NA,0,0
100,VheF2DUDVQ2H2fslaDpi8y3cm3gLbw==,Business,1,NA,0,0
20,VheF2DUDVQ2H2fslaDpi8y3cm3gLbw==,Business,0,M,0,0
10,VheF2DUDVQ2H2fslaDpi8y3cm3gLbw==,Business,1,NA,0,0
20,VheF2DUDVQ2H2fslaDpi8y3cm3gLbw==,Business,0,M,0,0
13,VheF2DUDVQ2H2fslaDpi8y3cm3gLbw==,Business,0,F,0,0
25,VheF2DUDVQ2H2fslaDpi8y3cm3gLbw==,Business,1,NA,0,0
13,VheF2DUDVQ2H2fslaDpi8y3cm3gLbw==,Business,0,M,0,0
25,VheF2DUDVQ2H2fslaDpi8y3cm3gLbw==,Business,0,F,0,0
20,VheF2DUDVQ2H2fslaDpi8y3cm3gLbw==,Business,0,M,0,0
40,VheF2DUDVQ2H2fslaDpi8y3cm3gLbw==,Business,0,M,0,0
20,VheF2DUDVQ2H2fslaDpi8y3cm3gLbw==,Business,1,NA,0,0
100,VheF2DUDVQ2H2fslaDpi8y3cm3gLbw==,Business,1,NA,0,0
25,VheF2DUDVQ2H2fslaDpi8y3cm3gLbw==,Business,0,F,0,0
100,p4zjBSplgMWiTIyU5K2vry3el24UZw==,Business,0,NA,0,0
25,p4zjBSplgMWiTIyU5K2vry3el24UZw==,Business,1,NA,0,0
10,p4zjBSplgMWiTIyU5K2vry3el24UZw==,Business,0,M,0,0
25,p4zjBSplgMWiTIyU5K2vry3el24UZw==,Business,1,NA,0,0
200,p4zjBSplgMWiTIyU5K2vry3el24UZw==,Business,0,F,0,0
100,p4zjBSplgMWiTIyU5K2vry3el24UZw==,Business,1,NA,0,0
100,p4zjBSplgMWiTIyU5K2vry3el24UZw==,Business,1,NA,0,0
5000,p4zjBSplgMWiTIyU5K2vry3el24UZw==,Business,1,NA,0,0
50,p4zjBSplgMWiTIyU5K2vry3el24UZw==,Business,0,NA,0,0
25,p4zjBSplgMWiTIyU5K2vry3el24UZw==,Business,0,M,0,0
50,lchsAUnBk43/ooKT/1hemi3ewWABMA==,Business,0,NA,0,0
20,lchsAUnBk43/ooKT/1hemi3ewWABMA==,Business,0,NA,0,0
50,lchsAUnBk43/ooKT/1hemi3ewWABMA==,Business,0,NA,0,0
50,lchsAUnBk43/ooKT/1hemi3ewWABMA==,Business,0,M,0,0
20,lchsAUnBk43/ooKT/1hemi3ewWABMA==,Business,0,F,0,0
20,lchsAUnBk43/ooKT/1hemi3ewWABMA==,Business,0,M,0,0
50,lchsAUnBk43/ooKT/1hemi3ewWABMA==,Business,0,M,0,0
100,lchsAUnBk43/ooKT/1hemi3ewWABMA==,Business,0,F,0,0
20,lchsAUnBk43/ooKT/1hemi3ewWABMA==,Business,1,NA,0,0
20,lchsAUnBk43/ooKT/1hemi3ewWABMA==,Business,0,NA,0,0
50,lchsAUnBk43/ooKT/1hemi3ewWABMA==,Business,0,F,0,0
20,lchsAUnBk43/ooKT/1hemi3ewWABMA==,Business,0,F,0,0
50,lchsAUnBk43/ooKT/1hemi3ewWABMA==,Business,0,NA,0,0
25,lchsAUnBk43/ooKT/1hemi3ewWABMA==,Business,0,M,0,0
20,lchsAUnBk43/ooKT/1hemi3ewWABMA==,Business,0,F,0,0
25,lchsAUnBk43/ooKT/1hemi3ewWABMA==,Business,0,F,0,0
20,lchsAUnBk43/ooKT/1hemi3ewWABMA==,Business,0,M,0,0
20,lchsAUnBk43/ooKT/1hemi3ewWABMA==,Business,0,NA,0,0
50,lchsAUnBk43/ooKT/1hemi3ewWABMA==,Business,0,M,0,0
20,lchsAUnBk43/ooKT/1hemi3ewWABMA==,Business,0,M,0,0
20,lchsAUnBk43/ooKT/1hemi3ewWABMA==,Business,0,F,0,0
20,lchsAUnBk43/ooKT/1hemi3ewWABMA==,Business,1,NA,0,0
35,lchsAUnBk43/ooKT/1hemi3ewWABMA==,Business,0,F,0,0
355,lchsAUnBk43/ooKT/1hemi3ewWABMA==,Business,0,F,0,0
150,lchsAUnBk43/ooKT/1hemi3ewWABMA==,Business,1,NA,0,0
20,lchsAUnBk43/ooKT/1hemi3ewWABMA==,Business,0,NA,0,0
86,NO3e5UTJ7mpUlzAZpO2GdS6UkycYM2c61QW27a7JlCA=,Events,0,F,0,0
40,/gMj0KAAeQiQY46OFe3r4C6Ukic9NnAs/xKy6g==,Events,0,F,0,0
20,/gMj0KAAeQiQY46OFe3r4C6Ukic9NnAs/xKy6g==,Events,0,M,0,0
20,/gMj0KAAeQiQY46OFe3r4C6Ukic9NnAs/xKy6g==,Events,0,M,0,0
20,/gMj0KAAeQiQY46OFe3r4C6Ukic9NnAs/xKy6g==,Events,0,NA,0,0
20,/gMj0KAAeQiQY46OFe3r4C6Ukic9NnAs/xKy6g==,Events,0,NA,0,0
40,/gMj0KAAeQiQY46OFe3r4C6Ukic9NnAs/xKy6g==,Events,0,M,0,0
40,/gMj0KAAeQiQY46OFe3r4C6Ukic9NnAs/xKy6g==,Events,0,M,0,0
20,/gMj0KAAeQiQY46OFe3r4C6Ukic9NnAs/xKy6g==,Events,0,M,0,0
40,/gMj0KAAeQiQY46OFe3r4C6Ukic9NnAs/xKy6g==,Events,0,M,0,0
20,/gMj0KAAeQiQY46OFe3r4C6Ukic9NnAs/xKy6g==,Events,0,F,0,0
20,/gMj0KAAeQiQY46OFe3r4C6Ukic9NnAs/xKy6g==,Events,0,F,0,0
20,/gMj0KAAeQiQY46OFe3r4C6Ukic9NnAs/xKy6g==,Events,0,F,0,0
20,/gMj0KAAeQiQY46OFe3r4C6Ukic9NnAs/xKy6g==,Events,0,NA,0,0
20,/gMj0KAAeQiQY46OFe3r4C6Ukic9NnAs/xKy6g==,Events,0,M,0,0
20,/gMj0KAAeQiQY46OFe3r4C6Ukic9NnAs/xKy6g==,Events,0,M,0,0
20,/gMj0KAAeQiQY46OFe3r4C6Ukic9NnAs/xKy6g==,Events,0,NA,0,0
20,/gMj0KAAeQiQY46OFe3r4C6Ukic9NnAs/xKy6g==,Events,0,M,0,0
40,/gMj0KAAeQiQY46OFe3r4C6Ukic9NnAs/xKy6g==,Events,0,NA,0,0
20,/gMj0KAAeQiQY46OFe3r4C6Ukic9NnAs/xKy6g==,Events,0,M,0,0
20,/gMj0KAAeQiQY46OFe3r4C6Ukic9NnAs/xKy6g==,Events,0,M,0,0
20,/gMj0KAAeQiQY46OFe3r4C6Ukic9NnAs/xKy6g==,Events,0,M,0,0
20,/gMj0KAAeQiQY46OFe3r4C6Ukic9NnAs/xKy6g==,Events,0,M,0,0
20,/gMj0KAAeQiQY46OFe3r4C6Ukic9NnAs/xKy6g==,Events,0,M,0,0
20,/gMj0KAAeQiQY46OFe3r4C6Ukic9NnAs/xKy6g==,Events,0,M,0,0
20,/gMj0KAAeQiQY46OFe3r4C6Ukic9NnAs/xKy6g==,Events,0,F,0,0
100,RBfumHguv+40biJU71l2VS6UkiNWDHIm1BqgtfXanDcxSQ==,US Storms,0,M,0,0
50,RBfumHguv+40biJU71l2VS6UkiNWDHIm1BqgtfXanDcxSQ==,US Storms,0,NA,0,0
50,RBfumHguv+40biJU71l2VS6UkiNWDHIm1BqgtfXanDcxSQ==,US Storms,0,F,0,0
100,RBfumHguv+40biJU71l2VS6UkiNWDHIm1BqgtfXanDcxSQ==,US Storms,0,NA,0,0
30,RBfumHguv+40biJU71l2VS6UkiNWDHIm1BqgtfXanDcxSQ==,US Storms,0,M,0,0
101,RBfumHguv+40biJU71l2VS6UkiNWDHIm1BqgtfXanDcxSQ==,US Storms,1,NA,0,0
100,RBfumHguv+40biJU71l2VS6UkiNWDHIm1BqgtfXanDcxSQ==,US Storms,1,NA,0,0
50,RBfumHguv+40biJU71l2VS6UkiNWDHIm1BqgtfXanDcxSQ==,US Storms,0,M,0,0
25,RBfumHguv+40biJU71l2VS6UkiNWDHIm1BqgtfXanDcxSQ==,US Storms,0,NA,0,0
25,RBfumHguv+40biJU71l2VS6UkiNWDHIm1BqgtfXanDcxSQ==,US Storms,0,NA,0,0
500,RBfumHguv+40biJU71l2VS6UkiNWDHIm1BqgtfXanDcxSQ==,US Storms,1,NA,0,0
200,RBfumHguv+40biJU71l2VS6UkiNWDHIm1BqgtfXanDcxSQ==,US Storms,0,M,0,0
25,RBfumHguv+40biJU71l2VS6UkiNWDHIm1BqgtfXanDcxSQ==,US Storms,0,F,0,0
50,RBfumHguv+40biJU71l2VS6UkiNWDHIm1BqgtfXanDcxSQ==,US Storms,1,NA,0,0
100,RBfumHguv+40biJU71l2VS6UkiNWDHIm1BqgtfXanDcxSQ==,US Storms,0,M,0,0
50,RBfumHguv+40biJU71l2VS6UkiNWDHIm1BqgtfXanDcxSQ==,US Storms,0,NA,0,0
50,RBfumHguv+40biJU71l2VS6UkiNWDHIm1BqgtfXanDcxSQ==,US Storms,1,NA,0,0
100,RBfumHguv+40biJU71l2VS6UkiNWDHIm1BqgtfXanDcxSQ==,US Storms,0,F,0,0
200,RBfumHguv+40biJU71l2VS6UkiNWDHIm1BqgtfXanDcxSQ==,US Storms,1,NA,0,0
100,RBfumHguv+40biJU71l2VS6UkiNWDHIm1BqgtfXanDcxSQ==,US Storms,0,NA,0,0
20,RBfumHguv+40biJU71l2VS6UkiNWDHIm1BqgtfXanDcxSQ==,US Storms,0,F,0,0
100,RBfumHguv+40biJU71l2VS6UkiNWDHIm1BqgtfXanDcxSQ==,US Storms,0,NA,0,0
100,RBfumHguv+40biJU71l2VS6UkiNWDHIm1BqgtfXanDcxSQ==,US Storms,0,NA,0,0
100,RBfumHguv+40biJU71l2VS6UkiNWDHIm1BqgtfXanDcxSQ==,US Storms,0,NA,0,0
50,RBfumHguv+40biJU71l2VS6UkiNWDHIm1BqgtfXanDcxSQ==,US Storms,1,NA,0,0
25,RBfumHguv+40biJU71l2VS6UkiNWDHIm1BqgtfXanDcxSQ==,US Storms,1,NA,0,0
50,RBfumHguv+40biJU71l2VS6UkiNWDHIm1BqgtfXanDcxSQ==,US Storms,1,NA,0,0
100,RBfumHguv+40biJU71l2VS6UkiNWDHIm1BqgtfXanDcxSQ==,US Storms,1,NA,0,0
25,RBfumHguv+40biJU71l2VS6UkiNWDHIm1BqgtfXanDcxSQ==,US Storms,0,M,0,0
50,RBfumHguv+40biJU71l2VS6UkiNWDHIm1BqgtfXanDcxSQ==,US Storms,0,M,0,0
100,RBfumHguv+40biJU71l2VS6UkiNWDHIm1BqgtfXanDcxSQ==,US Storms,0,NA,0,0
50,RBfumHguv+40biJU71l2VS6UkiNWDHIm1BqgtfXanDcxSQ==,US Storms,0,NA,0,0
150,RBfumHguv+40biJU71l2VS6UkiNWDHIm1BqgtfXanDcxSQ==,US Storms,1,NA,0,0
25,RBfumHguv+40biJU71l2VS6UkiNWDHIm1BqgtfXanDcxSQ==,US Storms,0,M,0,0
25,RBfumHguv+40biJU71l2VS6UkiNWDHIm1BqgtfXanDcxSQ==,US Storms,0,M,0,0
50,RBfumHguv+40biJU71l2VS6UkiNWDHIm1BqgtfXanDcxSQ==,US Storms,0,M,0,0
100,RBfumHguv+40biJU71l2VS6UkiNWDHIm1BqgtfXanDcxSQ==,US Storms,0,NA,1,0
200,1VPwbhj1ompLW/jSeuNJAy6UkiM1OnYoyiW29KnFnQ==,Nepal,0,F,0,0
40,1VPwbhj1ompLW/jSeuNJAy6UkiM1OnYoyiW29KnFnQ==,Nepal,0,NA,0,0
100,1VPwbhj1ompLW/jSeuNJAy6UkiM1OnYoyiW29KnFnQ==,Nepal,0,M,0,0
111,1VPwbhj1ompLW/jSeuNJAy6UkiM1OnYoyiW29KnFnQ==,Nepal,0,F,0,0
200,1VPwbhj1ompLW/jSeuNJAy6UkiM1OnYoyiW29KnFnQ==,Nepal,0,M,0,0
250,1VPwbhj1ompLW/jSeuNJAy6UkiM1OnYoyiW29KnFnQ==,Nepal,0,F,0,0
500,1VPwbhj1ompLW/jSeuNJAy6UkiM1OnYoyiW29KnFnQ==,Nepal,0,M,0,0
100,1VPwbhj1ompLW/jSeuNJAy6UkiM1OnYoyiW29KnFnQ==,Nepal,0,F,0,0
100,1VPwbhj1ompLW/jSeuNJAy6UkiM1OnYoyiW29KnFnQ==,Nepal,0,NA,0,1
100,1VPwbhj1ompLW/jSeuNJAy6UkiM1OnYoyiW29KnFnQ==,Nepal,0,NA,0,0
50,1VPwbhj1ompLW/jSeuNJAy6UkiM1OnYoyiW29KnFnQ==,Nepal,0,NA,0,0
167,1VPwbhj1ompLW/jSeuNJAy6UkiM1OnYoyiW29KnFnQ==,Nepal,0,F,0,0
250,1VPwbhj1ompLW/jSeuNJAy6UkiM1OnYoyiW29KnFnQ==,Nepal,0,NA,0,0
200,1VPwbhj1ompLW/jSeuNJAy6UkiM1OnYoyiW29KnFnQ==,Nepal,0,NA,0,0
100,1VPwbhj1ompLW/jSeuNJAy6UkiM1OnYoyiW29KnFnQ==,Nepal,0,M,0,0
100,1VPwbhj1ompLW/jSeuNJAy6UkiM1OnYoyiW29KnFnQ==,Nepal,0,NA,0,0
100,1VPwbhj1ompLW/jSeuNJAy6UkiM1OnYoyiW29KnFnQ==,Nepal,0,NA,0,0
200,1VPwbhj1ompLW/jSeuNJAy6UkiM1OnYoyiW29KnFnQ==,Nepal,0,NA,0,0
100,1VPwbhj1ompLW/jSeuNJAy6UkiM1OnYoyiW29KnFnQ==,Nepal,0,NA,0,0
40,1VPwbhj1ompLW/jSeuNJAy6UkiM1OnYoyiW29KnFnQ==,Nepal,1,NA,0,0
100,1VPwbhj1ompLW/jSeuNJAy6UkiM1OnYoyiW29KnFnQ==,Nepal,0,M,0,0
100,1VPwbhj1ompLW/jSeuNJAy6UkiM1OnYoyiW29KnFnQ==,Nepal,0,M,0,0
100,1VPwbhj1ompLW/jSeuNJAy6UkiM1OnYoyiW29KnFnQ==,Nepal,0,NA,0,0
50,1VPwbhj1ompLW/jSeuNJAy6UkiM1OnYoyiW29KnFnQ==,Nepal,1,NA,0,0
100,1VPwbhj1ompLW/jSeuNJAy6UkiM1OnYoyiW29KnFnQ==,Nepal,0,NA,0,0
300,1VPwbhj1ompLW/jSeuNJAy6UkiM1OnYoyiW29KnFnQ==,Nepal,0,NA,0,0
100,1VPwbhj1ompLW/jSeuNJAy6UkiM1OnYoyiW29KnFnQ==,Nepal,0,F,0,0
51,1VPwbhj1ompLW/jSeuNJAy6UkiM1OnYoyiW29KnFnQ==,Nepal,0,NA,0,0
50,1VPwbhj1ompLW/jSeuNJAy6UkiM1OnYoyiW29KnFnQ==,Nepal,0,NA,0,1
100,1VPwbhj1ompLW/jSeuNJAy6UkiM1OnYoyiW29KnFnQ==,Nepal,0,F,0,0
100,1VPwbhj1ompLW/jSeuNJAy6UkiM1OnYoyiW29KnFnQ==,Nepal,0,NA,0,0
100,1VPwbhj1ompLW/jSeuNJAy6UkiM1OnYoyiW29KnFnQ==,Nepal,0,NA,0,0
30,1VPwbhj1ompLW/jSeuNJAy6UkiM1OnYoyiW29KnFnQ==,Nepal,0,F,0,0
20,1VPwbhj1ompLW/jSeuNJAy6UkiM1OnYoyiW29KnFnQ==,Nepal,1,NA,0,0
200,1VPwbhj1ompLW/jSeuNJAy6UkiM1OnYoyiW29KnFnQ==,Nepal,0,NA,0,0
50,1VPwbhj1ompLW/jSeuNJAy6UkiM1OnYoyiW29KnFnQ==,Nepal,1,NA,0,0
250,1VPwbhj1ompLW/jSeuNJAy6UkiM1OnYoyiW29KnFnQ==,Nepal,0,NA,0,0
100,1VPwbhj1ompLW/jSeuNJAy6UkiM1OnYoyiW29KnFnQ==,Nepal,0,F,0,0
100,1VPwbhj1ompLW/jSeuNJAy6UkiM1OnYoyiW29KnFnQ==,Nepal,0,F,0,0
101,1VPwbhj1ompLW/jSeuNJAy6UkiM1OnYoyiW29KnFnQ==,Nepal,0,NA,0,0
100,1VPwbhj1ompLW/jSeuNJAy6UkiM1OnYoyiW29KnFnQ==,Nepal,0,NA,0,0
100,1VPwbhj1ompLW/jSeuNJAy6UkiM1OnYoyiW29KnFnQ==,Nepal,0,NA,0,0
101,1VPwbhj1ompLW/jSeuNJAy6UkiM1OnYoyiW29KnFnQ==,Nepal,0,NA,1,0
30,1VPwbhj1ompLW/jSeuNJAy6UkiM1OnYoyiW29KnFnQ==,Nepal,0,NA,0,0
50,1VPwbhj1ompLW/jSeuNJAy6UkiM1OnYoyiW29KnFnQ==,Nepal,0,NA,0,1
101,1VPwbhj1ompLW/jSeuNJAy6UkiM1OnYoyiW29KnFnQ==,Nepal,0,NA,0,0
20,1VPwbhj1ompLW/jSeuNJAy6UkiM1OnYoyiW29KnFnQ==,Nepal,1,NA,0,0
100,1VPwbhj1ompLW/jSeuNJAy6UkiM1OnYoyiW29KnFnQ==,Nepal,0,NA,0,0
101,1VPwbhj1ompLW/jSeuNJAy6UkiM1OnYoyiW29KnFnQ==,Nepal,1,NA,0,0
50,1VPwbhj1ompLW/jSeuNJAy6UkiM1OnYoyiW29KnFnQ==,Nepal,0,NA,0,0
50,1VPwbhj1ompLW/jSeuNJAy6UkiM1OnYoyiW29KnFnQ==,Nepal,0,NA,0,0
15,1VPwbhj1ompLW/jSeuNJAy6UkiM1OnYoyiW29KnFnQ==,Nepal,0,NA,0,0
100,1VPwbhj1ompLW/jSeuNJAy6UkiM1OnYoyiW29KnFnQ==,Nepal,0,NA,0,0
50,1VPwbhj1ompLW/jSeuNJAy6UkiM1OnYoyiW29KnFnQ==,Nepal,0,NA,0,0
101,1VPwbhj1ompLW/jSeuNJAy6UkiM1OnYoyiW29KnFnQ==,Nepal,0,NA,0,0
100,1VPwbhj1ompLW/jSeuNJAy6UkiM1OnYoyiW29KnFnQ==,Nepal,0,NA,0,0
200,1VPwbhj1ompLW/jSeuNJAy6UkiM1OnYoyiW29KnFnQ==,Nepal,0,NA,0,0
100,1VPwbhj1ompLW/jSeuNJAy6UkiM1OnYoyiW29KnFnQ==,Nepal,0,NA,0,0
15,1VPwbhj1ompLW/jSeuNJAy6UkiM1OnYoyiW29KnFnQ==,Nepal,0,NA,0,0
100,1VPwbhj1ompLW/jSeuNJAy6UkiM1OnYoyiW29KnFnQ==,Nepal,0,NA,0,0
100,1VPwbhj1ompLW/jSeuNJAy6UkiM1OnYoyiW29KnFnQ==,Nepal,0,NA,0,0
10,1VPwbhj1ompLW/jSeuNJAy6UkiM1OnYoyiW29KnFnQ==,Nepal,0,NA,0,0
25,1VPwbhj1ompLW/jSeuNJAy6UkiM1OnYoyiW29KnFnQ==,Nepal,0,NA,0,0
101,1VPwbhj1ompLW/jSeuNJAy6UkiM1OnYoyiW29KnFnQ==,Nepal,0,NA,0,0
50,1VPwbhj1ompLW/jSeuNJAy6UkiM1OnYoyiW29KnFnQ==,Nepal,0,NA,0,0
30,1VPwbhj1ompLW/jSeuNJAy6UkiM1OnYoyiW29KnFnQ==,Nepal,0,NA,0,0
20,1VPwbhj1ompLW/jSeuNJAy6UkiM1OnYoyiW29KnFnQ==,Nepal,0,NA,0,0
50,1VPwbhj1ompLW/jSeuNJAy6UkiM1OnYoyiW29KnFnQ==,Nepal,0,NA,0,1
100,1VPwbhj1ompLW/jSeuNJAy6UkiM1OnYoyiW29KnFnQ==,Nepal,0,F,0,0
10,1VPwbhj1ompLW/jSeuNJAy6UkiM1OnYoyiW29KnFnQ==,Nepal,0,NA,0,0
50,1VPwbhj1ompLW/jSeuNJAy6UkiM1OnYoyiW29KnFnQ==,Nepal,0,NA,0,0
150,1VPwbhj1ompLW/jSeuNJAy6UkiM1OnYoyiW29KnFnQ==,Nepal,0,NA,0,0
40,1VPwbhj1ompLW/jSeuNJAy6UkiM1OnYoyiW29KnFnQ==,Nepal,0,NA,0,0
10,1VPwbhj1ompLW/jSeuNJAy6UkiM1OnYoyiW29KnFnQ==,Nepal,0,NA,0,0
20,T+S8F6DAvtYQfixLeN+zSi6UkiA5M2kmyyOk6JSNvQ==,Sports,1,NA,0,0
25,T+S8F6DAvtYQfixLeN+zSi6UkiA5M2kmyyOk6JSNvQ==,Sports,0,M,0,0
20,T+S8F6DAvtYQfixLeN+zSi6UkiA5M2kmyyOk6JSNvQ==,Sports,0,NA,0,0
25,T+S8F6DAvtYQfixLeN+zSi6UkiA5M2kmyyOk6JSNvQ==,Sports,0,F,0,0
40,T+S8F6DAvtYQfixLeN+zSi6UkiA5M2kmyyOk6JSNvQ==,Sports,0,M,0,0
25,T+S8F6DAvtYQfixLeN+zSi6UkiA5M2kmyyOk6JSNvQ==,Sports,0,M,0,0
25,T+S8F6DAvtYQfixLeN+zSi6UkiA5M2kmyyOk6JSNvQ==,Sports,0,F,0,0
50,T+S8F6DAvtYQfixLeN+zSi6UkiA5M2kmyyOk6JSNvQ==,Sports,0,NA,0,0
50,T+S8F6DAvtYQfixLeN+zSi6UkiA5M2kmyyOk6JSNvQ==,Sports,0,M,0,0
60,T+S8F6DAvtYQfixLeN+zSi6UkiA5M2kmyyOk6JSNvQ==,Sports,0,NA,0,0
50,T+S8F6DAvtYQfixLeN+zSi6UkiA5M2kmyyOk6JSNvQ==,Sports,1,NA,0,0
25,T+S8F6DAvtYQfixLeN+zSi6UkiA5M2kmyyOk6JSNvQ==,Sports,0,M,0,0
25,T+S8F6DAvtYQfixLeN+zSi6UkiA5M2kmyyOk6JSNvQ==,Sports,0,M,0,0
50,T+S8F6DAvtYQfixLeN+zSi6UkiA5M2kmyyOk6JSNvQ==,Sports,0,F,0,0
20,T+S8F6DAvtYQfixLeN+zSi6UkiA5M2kmyyOk6JSNvQ==,Sports,0,M,0,0
50,T+S8F6DAvtYQfixLeN+zSi6UkiA5M2kmyyOk6JSNvQ==,Sports,0,F,0,0
100,T+S8F6DAvtYQfixLeN+zSi6UkiA5M2kmyyOk6JSNvQ==,Sports,0,NA,0,0
25,T+S8F6DAvtYQfixLeN+zSi6UkiA5M2kmyyOk6JSNvQ==,Sports,0,F,0,0
50,T+S8F6DAvtYQfixLeN+zSi6UkiA5M2kmyyOk6JSNvQ==,Sports,0,F,0,0
20,T+S8F6DAvtYQfixLeN+zSi6UkiA5M2kmyyOk6JSNvQ==,Sports,0,F,0,0
25,T+S8F6DAvtYQfixLeN+zSi6UkiA5M2kmyyOk6JSNvQ==,Sports,0,F,0,0
25,T+S8F6DAvtYQfixLeN+zSi6UkiA5M2kmyyOk6JSNvQ==,Sports,0,M,0,0
20,T+S8F6DAvtYQfixLeN+zSi6UkiA5M2kmyyOk6JSNvQ==,Sports,0,M,0,0
25,T+S8F6DAvtYQfixLeN+zSi6UkiA5M2kmyyOk6JSNvQ==,Sports,0,M,0,0
100,T+S8F6DAvtYQfixLeN+zSi6UkiA5M2kmyyOk6JSNvQ==,Sports,0,M,0,0
100,T+S8F6DAvtYQfixLeN+zSi6UkiA5M2kmyyOk6JSNvQ==,Sports,0,M,0,0
30,T+S8F6DAvtYQfixLeN+zSi6UkiA5M2kmyyOk6JSNvQ==,Sports,0,F,0,0
20,T+S8F6DAvtYQfixLeN+zSi6UkiA5M2kmyyOk6JSNvQ==,Sports,0,NA,0,0
25,T+S8F6DAvtYQfixLeN+zSi6UkiA5M2kmyyOk6JSNvQ==,Sports,0,F,0,0
25,T+S8F6DAvtYQfixLeN+zSi6UkiA5M2kmyyOk6JSNvQ==,Sports,0,M,0,0
100,T+S8F6DAvtYQfixLeN+zSi6UkiA5M2kmyyOk6JSNvQ==,Sports,0,F,0,0
25,T+S8F6DAvtYQfixLeN+zSi6UkiA5M2kmyyOk6JSNvQ==,Sports,0,F,0,0
100,T+S8F6DAvtYQfixLeN+zSi6UkiA5M2kmyyOk6JSNvQ==,Sports,0,M,1,0
100,T+S8F6DAvtYQfixLeN+zSi6UkiA5M2kmyyOk6JSNvQ==,Sports,0,M,0,0
100,T+S8F6DAvtYQfixLeN+zSi6UkiA5M2kmyyOk6JSNvQ==,Sports,0,F,0,0
30,T+S8F6DAvtYQfixLeN+zSi6UkiA5M2kmyyOk6JSNvQ==,Sports,0,NA,0,0
25,T+S8F6DAvtYQfixLeN+zSi6UkiA5M2kmyyOk6JSNvQ==,Sports,0,F,0,0
25,T+S8F6DAvtYQfixLeN+zSi6UkiA5M2kmyyOk6JSNvQ==,Sports,0,F,0,0
50,OEVCi2Y9EG0pMCHhkcEY8y6UkiAdLWMsxRa+6A==,Events,0,F,0,0
15,OEVCi2Y9EG0pMCHhkcEY8y6UkiAdLWMsxRa+6A==,Events,1,NA,0,0
100,OEVCi2Y9EG0pMCHhkcEY8y6UkiAdLWMsxRa+6A==,Events,0,M,0,0
200,OEVCi2Y9EG0pMCHhkcEY8y6UkiAdLWMsxRa+6A==,Events,0,NA,0,0
50,OEVCi2Y9EG0pMCHhkcEY8y6UkiAdLWMsxRa+6A==,Events,0,M,0,0
100,OEVCi2Y9EG0pMCHhkcEY8y6UkiAdLWMsxRa+6A==,Events,0,F,0,0
101,OEVCi2Y9EG0pMCHhkcEY8y6UkiAdLWMsxRa+6A==,Events,0,M,0,0
50,OEVCi2Y9EG0pMCHhkcEY8y6UkiAdLWMsxRa+6A==,Events,0,M,0,0
50,OEVCi2Y9EG0pMCHhkcEY8y6UkiAdLWMsxRa+6A==,Events,0,NA,0,0
100,OEVCi2Y9EG0pMCHhkcEY8y6UkiAdLWMsxRa+6A==,Events,0,NA,0,0
100,OEVCi2Y9EG0pMCHhkcEY8y6UkiAdLWMsxRa+6A==,Events,0,M,0,0
25,OEVCi2Y9EG0pMCHhkcEY8y6UkiAdLWMsxRa+6A==,Events,0,F,0,0
50,1XupligNE99KEwTQguuRMi6UkiA1PnIgyRmy9LP0ni85,Sports,0,M,0,0
20,1XupligNE99KEwTQguuRMi6UkiA1PnIgyRmy9LP0ni85,Sports,0,F,0,0
88,1XupligNE99KEwTQguuRMi6UkiA1PnIgyRmy9LP0ni85,Sports,0,F,0,0
300,1XupligNE99KEwTQguuRMi6UkiA1PnIgyRmy9LP0ni85,Sports,0,NA,0,0
100,1XupligNE99KEwTQguuRMi6UkiA1PnIgyRmy9LP0ni85,Sports,0,M,0,0
55,1XupligNE99KEwTQguuRMi6UkiA1PnIgyRmy9LP0ni85,Sports,0,NA,0,0
30,1XupligNE99KEwTQguuRMi6UkiA1PnIgyRmy9LP0ni85,Sports,0,F,0,0
183,1XupligNE99KEwTQguuRMi6UkiA1PnIgyRmy9LP0ni85,Sports,0,M,0,0
100,1XupligNE99KEwTQguuRMi6UkiA1PnIgyRmy9LP0ni85,Sports,1,NA,0,0
50,1XupligNE99KEwTQguuRMi6UkiA1PnIgyRmy9LP0ni85,Sports,1,NA,0,0
10,1XupligNE99KEwTQguuRMi6UkiA1PnIgyRmy9LP0ni85,Sports,0,NA,0,0
129,1XupligNE99KEwTQguuRMi6UkiA1PnIgyRmy9LP0ni85,Sports,0,NA,0,0
80,1XupligNE99KEwTQguuRMi6UkiA1PnIgyRmy9LP0ni85,Sports,0,F,0,0
50,1XupligNE99KEwTQguuRMi6UkiA1PnIgyRmy9LP0ni85,Sports,0,M,0,0
133,1XupligNE99KEwTQguuRMi6UkiA1PnIgyRmy9LP0ni85,Sports,0,F,0,0
140,1XupligNE99KEwTQguuRMi6UkiA1PnIgyRmy9LP0ni85,Sports,0,F,0,0
290,1XupligNE99KEwTQguuRMi6UkiA1PnIgyRmy9LP0ni85,Sports,0,NA,0,0
350,1XupligNE99KEwTQguuRMi6UkiA1PnIgyRmy9LP0ni85,Sports,0,F,0,0
10,1XupligNE99KEwTQguuRMi6UkiA1PnIgyRmy9LP0ni85,Sports,0,NA,0,0
500,1XupligNE99KEwTQguuRMi6UkiA1PnIgyRmy9LP0ni85,Sports,1,NA,0,0
50,1XupligNE99KEwTQguuRMi6UkiA1PnIgyRmy9LP0ni85,Sports,0,F,0,0
123,1XupligNE99KEwTQguuRMi6UkiA1PnIgyRmy9LP0ni85,Sports,0,NA,0,0
20,1XupligNE99KEwTQguuRMi6UkiA1PnIgyRmy9LP0ni85,Sports,0,F,0,0
25,1XupligNE99KEwTQguuRMi6UkiA1PnIgyRmy9LP0ni85,Sports,0,F,0,0
15,1XupligNE99KEwTQguuRMi6UkiA1PnIgyRmy9LP0ni85,Sports,0,F,0,0
100,1XupligNE99KEwTQguuRMi6UkiA1PnIgyRmy9LP0ni85,Sports,0,M,0,0
30,d+VX5kmA4Ittbz4Zafjsiy6UkiApMGsoyB6y,Faith,0,F,0,0
50,d+VX5kmA4Ittbz4Zafjsiy6UkiApMGsoyB6y,Faith,0,F,0,0
500,d+VX5kmA4Ittbz4Zafjsiy6UkiApMGsoyB6y,Faith,0,M,0,0
100,d+VX5kmA4Ittbz4Zafjsiy6UkiApMGsoyB6y,Faith,0,F,0,0
25,MigudYDSrjEb8CsoLRANKi6UkiAINGM9xR+x96/L,Creative,0,NA,0,0
25,MigudYDSrjEb8CsoLRANKi6UkiAINGM9xR+x96/L,Creative,0,M,0,0
25,MigudYDSrjEb8CsoLRANKi6UkiAINGM9xR+x96/L,Creative,0,M,0,0
25,MigudYDSrjEb8CsoLRANKi6UkiAINGM9xR+x96/L,Creative,0,M,0,0
25,MigudYDSrjEb8CsoLRANKi6UkiAINGM9xR+x96/L,Creative,0,F,0,0
50,MigudYDSrjEb8CsoLRANKi6UkiAINGM9xR+x96/L,Creative,0,NA,0,0
25,MigudYDSrjEb8CsoLRANKi6UkiAINGM9xR+x96/L,Creative,0,NA,0,0
300,MigudYDSrjEb8CsoLRANKi6UkiAINGM9xR+x96/L,Creative,0,M,0,0
25,MigudYDSrjEb8CsoLRANKi6UkiAINGM9xR+x96/L,Creative,0,NA,0,0
50,MigudYDSrjEb8CsoLRANKi6UkiAINGM9xR+x96/L,Creative,0,NA,0,0
25,MigudYDSrjEb8CsoLRANKi6UkiAINGM9xR+x96/L,Creative,0,M,0,0
50,MigudYDSrjEb8CsoLRANKi6UkiAINGM9xR+x96/L,Creative,0,NA,0,0
100,MigudYDSrjEb8CsoLRANKi6UkiAINGM9xR+x96/L,Creative,0,M,0,0
25,MigudYDSrjEb8CsoLRANKi6UkiAINGM9xR+x96/L,Creative,0,M,0,0
25,MigudYDSrjEb8CsoLRANKi6UkiAINGM9xR+x96/L,Creative,0,M,0,0
50,MigudYDSrjEb8CsoLRANKi6UkiAINGM9xR+x96/L,Creative,0,NA,0,0
25,MigudYDSrjEb8CsoLRANKi6UkiAINGM9xR+x96/L,Creative,0,M,0,0
25,MigudYDSrjEb8CsoLRANKi6UkiAINGM9xR+x96/L,Creative,0,M,0,0
25,MigudYDSrjEb8CsoLRANKi6UkiAINGM9xR+x96/L,Creative,0,M,0,0
50,fIhm2HmgKi42DCVTX8lNKi6UkiAvPmMi0Ri9/K8=,Sports,0,F,0,0
50,fIhm2HmgKi42DCVTX8lNKi6UkiAvPmMi0Ri9/K8=,Sports,0,NA,0,0
100,fIhm2HmgKi42DCVTX8lNKi6UkiAvPmMi0Ri9/K8=,Sports,0,M,0,0
60,fIhm2HmgKi42DCVTX8lNKi6UkiAvPmMi0Ri9/K8=,Sports,0,F,0,0
5,fIhm2HmgKi42DCVTX8lNKi6UkiAvPmMi0Ri9/K8=,Sports,0,F,0,0
50,fIhm2HmgKi42DCVTX8lNKi6UkiAvPmMi0Ri9/K8=,Sports,0,F,0,0
10,0Z0tOeCiS6vUqjE33sY8BS6UkiAsLWMo0h+D6q/Kni0g,Charity,1,NA,0,0
10,0Z0tOeCiS6vUqjE33sY8BS6UkiAsLWMo0h+D6q/Kni0g,Charity,1,NA,0,0
25,0Z0tOeCiS6vUqjE33sY8BS6UkiAsLWMo0h+D6q/Kni0g,Charity,0,F,0,0
50,0Z0tOeCiS6vUqjE33sY8BS6UkiAsLWMo0h+D6q/Kni0g,Charity,0,F,0,0
10,0Z0tOeCiS6vUqjE33sY8BS6UkiAsLWMo0h+D6q/Kni0g,Charity,1,NA,0,0
10,0Z0tOeCiS6vUqjE33sY8BS6UkiAsLWMo0h+D6q/Kni0g,Charity,1,NA,0,0
200,0Z0tOeCiS6vUqjE33sY8BS6UkiAsLWMo0h+D6q/Kni0g,Charity,0,NA,0,0
10,0Z0tOeCiS6vUqjE33sY8BS6UkiAsLWMo0h+D6q/Kni0g,Charity,1,NA,0,0
50,0Z0tOeCiS6vUqjE33sY8BS6UkiAsLWMo0h+D6q/Kni0g,Charity,0,F,0,0
80,0Z0tOeCiS6vUqjE33sY8BS6UkiAsLWMo0h+D6q/Kni0g,Charity,0,F,0,0
10,0Z0tOeCiS6vUqjE33sY8BS6UkiAsLWMo0h+D6q/Kni0g,Charity,1,NA,0,0
80,0Z0tOeCiS6vUqjE33sY8BS6UkiAsLWMo0h+D6q/Kni0g,Charity,0,M,0,0
150,0Z0tOeCiS6vUqjE33sY8BS6UkiAsLWMo0h+D6q/Kni0g,Charity,0,F,0,0
25,0Z0tOeCiS6vUqjE33sY8BS6UkiAsLWMo0h+D6q/Kni0g,Charity,0,F,0,0
50,0Z0tOeCiS6vUqjE33sY8BS6UkiAsLWMo0h+D6q/Kni0g,Charity,0,M,0,0
160,0Z0tOeCiS6vUqjE33sY8BS6UkiAsLWMo0h+D6q/Kni0g,Charity,0,M,0,0
40,0Z0tOeCiS6vUqjE33sY8BS6UkiAsLWMo0h+D6q/Kni0g,Charity,1,NA,0,0
50,0Z0tOeCiS6vUqjE33sY8BS6UkiAsLWMo0h+D6q/Kni0g,Charity,0,F,0,0
25,0Z0tOeCiS6vUqjE33sY8BS6UkiAsLWMo0h+D6q/Kni0g,Charity,0,M,0,0
50,VW0g7MJP8FJKm6V55nsCHi6UwiNNLA==,Business,0,NA,0,0
25,VW0g7MJP8FJKm6V55nsCHi6UwiNNLA==,Business,0,NA,0,0
15,VW0g7MJP8FJKm6V55nsCHi6UwiNNLA==,Business,0,F,0,0
2000,VW0g7MJP8FJKm6V55nsCHi6UwiNNLA==,Business,1,NA,0,0
20,VW0g7MJP8FJKm6V55nsCHi6UwiNNLA==,Business,1,NA,0,0
600,VW0g7MJP8FJKm6V55nsCHi6UwiNNLA==,Business,1,NA,0,0
25,VW0g7MJP8FJKm6V55nsCHi6UwiNNLA==,Business,0,F,0,0
10,VW0g7MJP8FJKm6V55nsCHi6UwiNNLA==,Business,0,F,0,0
100,VW0g7MJP8FJKm6V55nsCHi6UwiNNLA==,Business,0,M,0,0
100,VW0g7MJP8FJKm6V55nsCHi6UwiNNLA==,Business,1,NA,0,0
200,VW0g7MJP8FJKm6V55nsCHi6UwiNNLA==,Business,1,NA,0,0
100,VW0g7MJP8FJKm6V55nsCHi6UwiNNLA==,Business,0,M,0,0
50,VW0g7MJP8FJKm6V55nsCHi6UwiNNLA==,Business,0,F,0,0
20,VW0g7MJP8FJKm6V55nsCHi6UwiNNLA==,Business,1,NA,0,0
50,VW0g7MJP8FJKm6V55nsCHi6UwiNNLA==,Business,0,F,0,0
100,VW0g7MJP8FJKm6V55nsCHi6UwiNNLA==,Business,0,M,0,0
25,VW0g7MJP8FJKm6V55nsCHi6UwiNNLA==,Business,0,F,0,0
250,VW0g7MJP8FJKm6V55nsCHi6UwiNNLA==,Business,1,NA,0,0
50,VW0g7MJP8FJKm6V55nsCHi6UwiNNLA==,Business,0,F,0,0
100,VW0g7MJP8FJKm6V55nsCHi6UwiNNLA==,Business,1,NA,0,0
200,VW0g7MJP8FJKm6V55nsCHi6UwiNNLA==,Business,1,NA,0,0
25,YTmKeJ1fQ1g30IwNfIOsRy6UwnwOZw==,Business,1,NA,0,0
100,YTmKeJ1fQ1g30IwNfIOsRy6UwnwOZw==,Business,0,NA,0,0
250,YTmKeJ1fQ1g30IwNfIOsRy6UwnwOZw==,Business,1,NA,0,0
200,YTmKeJ1fQ1g30IwNfIOsRy6UwnwOZw==,Business,0,NA,0,0
100,YTmKeJ1fQ1g30IwNfIOsRy6UwnwOZw==,Business,0,M,0,0
10,YTmKeJ1fQ1g30IwNfIOsRy6UwnwOZw==,Business,0,F,0,0
100,YTmKeJ1fQ1g30IwNfIOsRy6UwnwOZw==,Business,0,M,0,0
100,YTmKeJ1fQ1g30IwNfIOsRy6UwnwOZw==,Business,0,F,0,0
100,YTmKeJ1fQ1g30IwNfIOsRy6UwnwOZw==,Business,0,F,0,0
50,YTmKeJ1fQ1g30IwNfIOsRy6UwnwOZw==,Business,0,F,0,0
50,QpExYji9WOuXHr/x5CFE6C6UxXpCNA==,Sandy,0,F,0,0
100,QpExYji9WOuXHr/x5CFE6C6UxXpCNA==,Sandy,0,NA,0,0
100,QpExYji9WOuXHr/x5CFE6C6UxXpCNA==,Sandy,0,F,0,0
75,QpExYji9WOuXHr/x5CFE6C6UxXpCNA==,Sandy,0,F,0,1
400,QpExYji9WOuXHr/x5CFE6C6UxXpCNA==,Sandy,0,M,0,0
50,QpExYji9WOuXHr/x5CFE6C6UxXpCNA==,Sandy,0,F,0,0
100,QpExYji9WOuXHr/x5CFE6C6UxXpCNA==,Sandy,0,F,0,0
100,QpExYji9WOuXHr/x5CFE6C6UxXpCNA==,Sandy,0,F,0,0
116,ypzZaSwKkXf01lVYxVC/3S6U6H8VbTYtxw6g,Nepal,0,F,0,0
100,ypzZaSwKkXf01lVYxVC/3S6U6H8VbTYtxw6g,Nepal,1,NA,0,0
35,ypzZaSwKkXf01lVYxVC/3S6U6H8VbTYtxw6g,Nepal,0,F,0,0
30,ypzZaSwKkXf01lVYxVC/3S6U6H8VbTYtxw6g,Nepal,0,NA,0,0
30,ypzZaSwKkXf01lVYxVC/3S6U6H8VbTYtxw6g,Nepal,0,F,0,0
20,ypzZaSwKkXf01lVYxVC/3S6U6H8VbTYtxw6g,Nepal,1,NA,0,0
30,ypzZaSwKkXf01lVYxVC/3S6U6H8VbTYtxw6g,Nepal,0,NA,0,0
750,ypzZaSwKkXf01lVYxVC/3S6U6H8VbTYtxw6g,Nepal,0,NA,0,0
100,ypzZaSwKkXf01lVYxVC/3S6U6H8VbTYtxw6g,Nepal,0,NA,0,0
50,ypzZaSwKkXf01lVYxVC/3S6U6H8VbTYtxw6g,Nepal,0,NA,0,0
100,ypzZaSwKkXf01lVYxVC/3S6U6H8VbTYtxw6g,Nepal,0,M,0,0
50,ypzZaSwKkXf01lVYxVC/3S6U6H8VbTYtxw6g,Nepal,0,NA,0,0
75,ypzZaSwKkXf01lVYxVC/3S6U6H8VbTYtxw6g,Nepal,0,NA,0,0
50,ypzZaSwKkXf01lVYxVC/3S6U6H8VbTYtxw6g,Nepal,0,NA,0,0
25,ypzZaSwKkXf01lVYxVC/3S6U6H8VbTYtxw6g,Nepal,0,M,0,0
30,ypzZaSwKkXf01lVYxVC/3S6U6H8VbTYtxw6g,Nepal,0,M,0,0
100,ypzZaSwKkXf01lVYxVC/3S6U6H8VbTYtxw6g,Nepal,0,M,0,0
94,ypzZaSwKkXf01lVYxVC/3S6U6H8VbTYtxw6g,Nepal,0,NA,0,0
100,ypzZaSwKkXf01lVYxVC/3S6U6H8VbTYtxw6g,Nepal,1,NA,0,0
200,ypzZaSwKkXf01lVYxVC/3S6U6H8VbTYtxw6g,Nepal,1,NA,0,0
30,ypzZaSwKkXf01lVYxVC/3S6U6H8VbTYtxw6g,Nepal,0,M,0,0
180,ypzZaSwKkXf01lVYxVC/3S6U6H8VbTYtxw6g,Nepal,0,M,0,0
200,ypzZaSwKkXf01lVYxVC/3S6U6H8VbTYtxw6g,Nepal,0,NA,0,0
150,ypzZaSwKkXf01lVYxVC/3S6U6H8VbTYtxw6g,Nepal,1,NA,0,0
25,ypzZaSwKkXf01lVYxVC/3S6U6H8VbTYtxw6g,Nepal,0,NA,0,0
100,ypzZaSwKkXf01lVYxVC/3S6U6H8VbTYtxw6g,Nepal,1,NA,0,0
200,ypzZaSwKkXf01lVYxVC/3S6U6H8VbTYtxw6g,Nepal,1,NA,0,0
100,ypzZaSwKkXf01lVYxVC/3S6U6H8VbTYtxw6g,Nepal,0,M,0,0
500,ypzZaSwKkXf01lVYxVC/3S6U6H8VbTYtxw6g,Nepal,0,NA,0,0
25,ypzZaSwKkXf01lVYxVC/3S6U6H8VbTYtxw6g,Nepal,1,NA,0,0
10,ypzZaSwKkXf01lVYxVC/3S6U6H8VbTYtxw6g,Nepal,0,NA,0,0
100,ypzZaSwKkXf01lVYxVC/3S6U6H8VbTYtxw6g,Nepal,0,M,0,0
50,ypzZaSwKkXf01lVYxVC/3S6U6H8VbTYtxw6g,Nepal,0,NA,0,0
50,ypzZaSwKkXf01lVYxVC/3S6U6H8VbTYtxw6g,Nepal,1,NA,0,0
50,ypzZaSwKkXf01lVYxVC/3S6U6H8VbTYtxw6g,Nepal,0,F,0,0
50,ypzZaSwKkXf01lVYxVC/3S6U6H8VbTYtxw6g,Nepal,0,M,0,0
200,ypzZaSwKkXf01lVYxVC/3S6U6H8VbTYtxw6g,Nepal,0,NA,0,0
30,ypzZaSwKkXf01lVYxVC/3S6U6H8VbTYtxw6g,Nepal,0,M,0,0
25,ypzZaSwKkXf01lVYxVC/3S6U6H8VbTYtxw6g,Nepal,1,NA,0,0
50,ypzZaSwKkXf01lVYxVC/3S6U6H8VbTYtxw6g,Nepal,0,NA,0,0
100,ypzZaSwKkXf01lVYxVC/3S6U6H8VbTYtxw6g,Nepal,0,NA,0,0
30,ypzZaSwKkXf01lVYxVC/3S6U6H8VbTYtxw6g,Nepal,0,M,0,0
100,ypzZaSwKkXf01lVYxVC/3S6U6H8VbTYtxw6g,Nepal,1,NA,0,0
10,ypzZaSwKkXf01lVYxVC/3S6U6H8VbTYtxw6g,Nepal,0,F,0,0
50,ypzZaSwKkXf01lVYxVC/3S6U6H8VbTYtxw6g,Nepal,1,NA,0,0
250,ypzZaSwKkXf01lVYxVC/3S6U6H8VbTYtxw6g,Nepal,0,NA,0,0
250,ypzZaSwKkXf01lVYxVC/3S6U6H8VbTYtxw6g,Nepal,0,NA,0,0
18,axPeNdibMIUw355nr8S+nS6U030fNA==,Sandy,0,NA,0,0
25,axPeNdibMIUw355nr8S+nS6U030fNA==,Sandy,0,M,0,0
100,axPeNdibMIUw355nr8S+nS6U030fNA==,Sandy,0,M,0,0
25,axPeNdibMIUw355nr8S+nS6U030fNA==,Sandy,0,NA,0,0
50,axPeNdibMIUw355nr8S+nS6U030fNA==,Sandy,0,M,0,0
100,axPeNdibMIUw355nr8S+nS6U030fNA==,Sandy,1,NA,0,0
25,axPeNdibMIUw355nr8S+nS6U030fNA==,Sandy,0,M,0,0
100,axPeNdibMIUw355nr8S+nS6U030fNA==,Sandy,0,M,0,0
20,axPeNdibMIUw355nr8S+nS6U030fNA==,Sandy,1,NA,0,0
50,axPeNdibMIUw355nr8S+nS6U030fNA==,Sandy,0,NA,0,0
22,axPeNdibMIUw355nr8S+nS6U030fNA==,Sandy,0,M,0,0
10,axPeNdibMIUw355nr8S+nS6U030fNA==,Sandy,0,NA,0,0
30,axPeNdibMIUw355nr8S+nS6U030fNA==,Sandy,0,NA,0,0
25,axPeNdibMIUw355nr8S+nS6U030fNA==,Sandy,0,M,0,0
10,axPeNdibMIUw355nr8S+nS6U030fNA==,Sandy,1,NA,0,0
100,axPeNdibMIUw355nr8S+nS6U030fNA==,Sandy,1,NA,0,0
20,axPeNdibMIUw355nr8S+nS6U030fNA==,Sandy,1,NA,0,0
72,axPeNdibMIUw355nr8S+nS6U030fNA==,Sandy,0,M,0,0
25,axPeNdibMIUw355nr8S+nS6U030fNA==,Sandy,0,NA,0,0
100,axPeNdibMIUw355nr8S+nS6U030fNA==,Sandy,0,NA,0,0
200,axPeNdibMIUw355nr8S+nS6U030fNA==,Sandy,0,M,0,0
300,axPeNdibMIUw355nr8S+nS6U030fNA==,Sandy,0,M,0,0
36,axPeNdibMIUw355nr8S+nS6U030fNA==,Sandy,0,NA,0,0
25,axPeNdibMIUw355nr8S+nS6U030fNA==,Sandy,1,NA,0,0
25,axPeNdibMIUw355nr8S+nS6U030fNA==,Sandy,0,M,0,0
10,m1qwIkz2cYVQquEE3YGJIC6U2yBJMA==,Sandy,0,F,0,0
50,m1qwIkz2cYVQquEE3YGJIC6U2yBJMA==,Sandy,0,M,0,0
100,m1qwIkz2cYVQquEE3YGJIC6U2yBJMA==,Sandy,0,M,0,0
20,m1qwIkz2cYVQquEE3YGJIC6U2yBJMA==,Sandy,0,M,0,0
30,m1qwIkz2cYVQquEE3YGJIC6U2yBJMA==,Sandy,0,NA,0,0
100,m1qwIkz2cYVQquEE3YGJIC6U2yBJMA==,Sandy,0,M,0,0
100,m1qwIkz2cYVQquEE3YGJIC6U2yBJMA==,Sandy,0,NA,0,0
100,m1qwIkz2cYVQquEE3YGJIC6U2yBJMA==,Sandy,1,NA,0,0
25,m1qwIkz2cYVQquEE3YGJIC6U2yBJMA==,Sandy,0,M,0,0
20,m1qwIkz2cYVQquEE3YGJIC6U2yBJMA==,Sandy,0,M,0,0
25,m1qwIkz2cYVQquEE3YGJIC6U2yBJMA==,Sandy,0,F,1,0
10,kFOuSuss+fjJaC4IrZWEui6U2XoUaw==,Business,0,NA,0,0
60,kFOuSuss+fjJaC4IrZWEui6U2XoUaw==,Business,0,F,0,0
5,kFOuSuss+fjJaC4IrZWEui6U2XoUaw==,Business,0,F,0,0
25,kFOuSuss+fjJaC4IrZWEui6U2XoUaw==,Business,1,NA,0,0
5,kFOuSuss+fjJaC4IrZWEui6U2XoUaw==,Business,0,M,0,0
25,kFOuSuss+fjJaC4IrZWEui6U2XoUaw==,Business,1,NA,0,0
30,lItCp/mGs73bofWyVlw2Ji6WkXACNzJ9,Events,0,M,NA,0
25,lItCp/mGs73bofWyVlw2Ji6WkXACNzJ9,Events,0,F,NA,0
50,lItCp/mGs73bofWyVlw2Ji6WkXACNzJ9,Events,0,M,NA,0
100,lItCp/mGs73bofWyVlw2Ji6WkXACNzJ9,Events,0,M,NA,0
15,VvHsAsgc1K6daZeYs2u1qi6WkXEBbHE=,Business,0,M,0,0
40,VvHsAsgc1K6daZeYs2u1qi6WkXEBbHE=,Business,0,F,0,0
50,VvHsAsgc1K6daZeYs2u1qi6WkXEBbHE=,Business,0,M,0,0
100,VvHsAsgc1K6daZeYs2u1qi6WkXEBbHE=,Business,1,NA,0,0
50,VvHsAsgc1K6daZeYs2u1qi6WkXEBbHE=,Business,1,NA,0,0
20,VvHsAsgc1K6daZeYs2u1qi6WkXEBbHE=,Business,0,M,0,0
5,VvHsAsgc1K6daZeYs2u1qi6WkXEBbHE=,Business,0,NA,0,0
40,VvHsAsgc1K6daZeYs2u1qi6WkXEBbHE=,Business,0,M,0,0
15,VvHsAsgc1K6daZeYs2u1qi6WkXEBbHE=,Business,0,NA,0,0
10,VvHsAsgc1K6daZeYs2u1qi6WkXEBbHE=,Business,0,NA,0,0
50,VvHsAsgc1K6daZeYs2u1qi6WkXEBbHE=,Business,0,F,0,0
25,VvHsAsgc1K6daZeYs2u1qi6WkXEBbHE=,Business,0,F,0,0
10,VvHsAsgc1K6daZeYs2u1qi6WkXEBbHE=,Business,0,F,0,0
10,VvHsAsgc1K6daZeYs2u1qi6WkXEBbHE=,Business,0,M,0,0
25,VvHsAsgc1K6daZeYs2u1qi6WkXEBbHE=,Business,0,F,0,0
25,VvHsAsgc1K6daZeYs2u1qi6WkXEBbHE=,Business,0,NA,0,0
60,VvHsAsgc1K6daZeYs2u1qi6WkXEBbHE=,Business,0,F,0,0
30,VvHsAsgc1K6daZeYs2u1qi6WkXEBbHE=,Business,0,F,0,0
30,VvHsAsgc1K6daZeYs2u1qi6WkXEBbHE=,Business,0,M,0,0
50,VvHsAsgc1K6daZeYs2u1qi6WkXEBbHE=,Business,1,NA,0,0
110,VvHsAsgc1K6daZeYs2u1qi6WkXEBbHE=,Business,0,F,0,0
25,VvHsAsgc1K6daZeYs2u1qi6WkXEBbHE=,Business,0,F,0,0
15,VvHsAsgc1K6daZeYs2u1qi6WkXEBbHE=,Business,0,F,0,0
10,VvHsAsgc1K6daZeYs2u1qi6WkXEBbHE=,Business,0,M,0,0
10,VvHsAsgc1K6daZeYs2u1qi6WkXEBbHE=,Business,0,F,0,0
25,VvHsAsgc1K6daZeYs2u1qi6WkXEBbHE=,Business,0,M,0,0
30,VvHsAsgc1K6daZeYs2u1qi6WkXEBbHE=,Business,0,M,0,0
20,VvHsAsgc1K6daZeYs2u1qi6WkXEBbHE=,Business,0,F,0,0
10,VvHsAsgc1K6daZeYs2u1qi6WkXEBbHE=,Business,0,F,0,0
15,VvHsAsgc1K6daZeYs2u1qi6WkXEBbHE=,Business,1,NA,0,0
100,BhqjH5FDoe11n/AiSjDSzC6WkWVDMA==,Sandy,1,NA,0,0
100,BhqjH5FDoe11n/AiSjDSzC6WkWVDMA==,Sandy,0,M,0,0
100,BhqjH5FDoe11n/AiSjDSzC6WkWVDMA==,Sandy,0,NA,0,0
20,BhqjH5FDoe11n/AiSjDSzC6WkWVDMA==,Sandy,0,F,0,0
5,BhqjH5FDoe11n/AiSjDSzC6WkWVDMA==,Sandy,0,F,0,0
10,BhqjH5FDoe11n/AiSjDSzC6WkWVDMA==,Sandy,0,NA,0,0
20,BhqjH5FDoe11n/AiSjDSzC6WkWVDMA==,Sandy,0,F,0,0
20,BhqjH5FDoe11n/AiSjDSzC6WkWVDMA==,Sandy,0,F,0,0
100,BhqjH5FDoe11n/AiSjDSzC6WkWVDMA==,Sandy,0,F,0,0
20,BhqjH5FDoe11n/AiSjDSzC6WkWVDMA==,Sandy,0,NA,0,0
5,BhqjH5FDoe11n/AiSjDSzC6WkWVDMA==,Sandy,0,F,0,0
5,BhqjH5FDoe11n/AiSjDSzC6WkWVDMA==,Sandy,0,M,0,0
50,9Tcoqlu7/Ku3xZLlv59xkS6WkWNIbWU=,Faith,0,NA,0,0
100,9Tcoqlu7/Ku3xZLlv59xkS6WkWNIbWU=,Faith,0,F,0,0
25,9Tcoqlu7/Ku3xZLlv59xkS6WkWNIbWU=,Faith,0,F,0,0
50,9Tcoqlu7/Ku3xZLlv59xkS6WkWNIbWU=,Faith,0,NA,0,0
25,9Tcoqlu7/Ku3xZLlv59xkS6WkWNIbWU=,Faith,1,NA,0,0
100,9Tcoqlu7/Ku3xZLlv59xkS6WkWNIbWU=,Faith,0,NA,0,0
30,9Tcoqlu7/Ku3xZLlv59xkS6WkWNIbWU=,Faith,1,NA,0,0
100,9Tcoqlu7/Ku3xZLlv59xkS6WkWNIbWU=,Faith,0,NA,0,0
100,9Tcoqlu7/Ku3xZLlv59xkS6WkWNIbWU=,Faith,0,F,0,0
125,9Tcoqlu7/Ku3xZLlv59xkS6WkWNIbWU=,Faith,0,F,0,0
2000,9Tcoqlu7/Ku3xZLlv59xkS6WkWNIbWU=,Faith,1,NA,0,0
525,9Tcoqlu7/Ku3xZLlv59xkS6WkWNIbWU=,Faith,1,NA,0,0
125,9Tcoqlu7/Ku3xZLlv59xkS6WkWNIbWU=,Faith,1,NA,0,0
100,9Tcoqlu7/Ku3xZLlv59xkS6WkWNIbWU=,Faith,1,NA,0,0
50,9Tcoqlu7/Ku3xZLlv59xkS6WkWNIbWU=,Faith,0,F,0,0
50,BlzWYa2tcqW7ojvrUMIEYi6WkWMaNWwh,Events,0,F,0,0
50,BlzWYa2tcqW7ojvrUMIEYi6WkWMaNWwh,Events,0,F,0,0
100,BlzWYa2tcqW7ojvrUMIEYi6WkWMaNWwh,Events,0,M,0,0
33,BlzWYa2tcqW7ojvrUMIEYi6WkWMaNWwh,Events,0,NA,0,0
50,BlzWYa2tcqW7ojvrUMIEYi6WkWMaNWwh,Events,0,F,0,0
10,BlzWYa2tcqW7ojvrUMIEYi6WkWMaNWwh,Events,0,F,0,0
100,BlzWYa2tcqW7ojvrUMIEYi6WkWMaNWwh,Events,0,NA,0,0
33,BlzWYa2tcqW7ojvrUMIEYi6WkWMaNWwh,Events,0,NA,0,0
15,BlzWYa2tcqW7ojvrUMIEYi6WkWMaNWwh,Events,1,NA,0,0
100,BlzWYa2tcqW7ojvrUMIEYi6WkWMaNWwh,Events,0,NA,0,0
66,BlzWYa2tcqW7ojvrUMIEYi6WkWMaNWwh,Events,0,M,0,0
93,BlzWYa2tcqW7ojvrUMIEYi6WkWMaNWwh,Events,0,F,0,0
79,BlzWYa2tcqW7ojvrUMIEYi6WkWMaNWwh,Events,0,M,0,0
30,BlzWYa2tcqW7ojvrUMIEYi6WkWMaNWwh,Events,1,NA,0,0
30,BlzWYa2tcqW7ojvrUMIEYi6WkWMaNWwh,Events,0,NA,0,0
90,BlzWYa2tcqW7ojvrUMIEYi6WkWMaNWwh,Events,1,NA,0,0
100,BlzWYa2tcqW7ojvrUMIEYi6WkWMaNWwh,Events,0,NA,0,0
36,BlzWYa2tcqW7ojvrUMIEYi6WkWMaNWwh,Events,0,F,0,0
50,BlzWYa2tcqW7ojvrUMIEYi6WkWMaNWwh,Events,0,M,0,0
50,BlzWYa2tcqW7ojvrUMIEYi6WkWMaNWwh,Events,0,F,0,0
50,BlzWYa2tcqW7ojvrUMIEYi6WkWMaNWwh,Events,0,F,0,0
25,BlzWYa2tcqW7ojvrUMIEYi6WkWMaNWwh,Events,0,M,0,0
33,BlzWYa2tcqW7ojvrUMIEYi6WkWMaNWwh,Events,0,F,0,0
50,BlzWYa2tcqW7ojvrUMIEYi6WkWMaNWwh,Events,0,F,0,0
60,BlzWYa2tcqW7ojvrUMIEYi6WkWMaNWwh,Events,0,F,0,0
45,BlzWYa2tcqW7ojvrUMIEYi6WkWMaNWwh,Events,0,NA,0,0
100,BlzWYa2tcqW7ojvrUMIEYi6WkWMaNWwh,Events,0,NA,0,0
250,BlzWYa2tcqW7ojvrUMIEYi6WkWMaNWwh,Events,0,F,0,0
60,BlzWYa2tcqW7ojvrUMIEYi6WkWMaNWwh,Events,0,M,0,0
30,BlzWYa2tcqW7ojvrUMIEYi6WkWMaNWwh,Events,0,NA,0,0
60,BlzWYa2tcqW7ojvrUMIEYi6WkWMaNWwh,Events,0,F,0,0
100,BlzWYa2tcqW7ojvrUMIEYi6WkWMaNWwh,Events,0,NA,0,0
20,BlzWYa2tcqW7ojvrUMIEYi6WkWMaNWwh,Events,0,F,0,0
50,BlzWYa2tcqW7ojvrUMIEYi6WkWMaNWwh,Events,0,F,0,0
30,BlzWYa2tcqW7ojvrUMIEYi6WkWMaNWwh,Events,0,F,0,0
30,BlzWYa2tcqW7ojvrUMIEYi6WkWMaNWwh,Events,0,F,0,0
100,BlzWYa2tcqW7ojvrUMIEYi6WkWMaNWwh,Events,1,NA,0,0
27,BlzWYa2tcqW7ojvrUMIEYi6WkWMaNWwh,Events,0,F,0,0
50,BlzWYa2tcqW7ojvrUMIEYi6WkWMaNWwh,Events,0,M,0,0
100,BlzWYa2tcqW7ojvrUMIEYi6WkWMaNWwh,Events,0,F,1,0
300,BlzWYa2tcqW7ojvrUMIEYi6WkWMaNWwh,Events,0,NA,0,0
25,BlzWYa2tcqW7ojvrUMIEYi6WkWMaNWwh,Events,0,NA,0,0
100,BlzWYa2tcqW7ojvrUMIEYi6WkWMaNWwh,Events,1,NA,0,0
25,BlzWYa2tcqW7ojvrUMIEYi6WkWMaNWwh,Events,0,NA,0,0
30,BlzWYa2tcqW7ojvrUMIEYi6WkWMaNWwh,Events,0,M,0,0
60,BlzWYa2tcqW7ojvrUMIEYi6WkWMaNWwh,Events,0,F,0,0
20,BlzWYa2tcqW7ojvrUMIEYi6WkWMaNWwh,Events,0,M,0,0
15,BlzWYa2tcqW7ojvrUMIEYi6WkWMaNWwh,Events,1,NA,0,0
60,BlzWYa2tcqW7ojvrUMIEYi6WkWMaNWwh,Events,0,M,0,0
50,BlzWYa2tcqW7ojvrUMIEYi6WkWMaNWwh,Events,0,F,0,0
50,BlzWYa2tcqW7ojvrUMIEYi6WkWMaNWwh,Events,0,M,0,0
100,BlzWYa2tcqW7ojvrUMIEYi6WkWMaNWwh,Events,0,F,1,0
300,BlzWYa2tcqW7ojvrUMIEYi6WkWMaNWwh,Events,0,NA,1,0
50,BlzWYa2tcqW7ojvrUMIEYi6WkWMaNWwh,Events,0,F,0,0
200,BlzWYa2tcqW7ojvrUMIEYi6WkWMaNWwh,Events,0,M,0,0
30,BlzWYa2tcqW7ojvrUMIEYi6WkWMaNWwh,Events,0,M,0,0
66,BlzWYa2tcqW7ojvrUMIEYi6WkWMaNWwh,Events,0,M,0,0
50,BlzWYa2tcqW7ojvrUMIEYi6WkWMaNWwh,Events,0,F,0,0
15,BlzWYa2tcqW7ojvrUMIEYi6WkWMaNWwh,Events,0,F,0,0
30,BlzWYa2tcqW7ojvrUMIEYi6WkWMaNWwh,Events,0,F,0,0
25,BlzWYa2tcqW7ojvrUMIEYi6WkWMaNWwh,Events,0,F,0,0
100,BlzWYa2tcqW7ojvrUMIEYi6WkWMaNWwh,Events,0,F,0,0
31,BlzWYa2tcqW7ojvrUMIEYi6WkWMaNWwh,Events,0,NA,0,0
49,BlzWYa2tcqW7ojvrUMIEYi6WkWMaNWwh,Events,0,NA,0,0
30,BlzWYa2tcqW7ojvrUMIEYi6WkWMaNWwh,Events,0,F,0,0
30,BlzWYa2tcqW7ojvrUMIEYi6WkWMaNWwh,Events,0,NA,0,0
50,BlzWYa2tcqW7ojvrUMIEYi6WkWMaNWwh,Events,1,NA,0,0
30,BlzWYa2tcqW7ojvrUMIEYi6WkWMaNWwh,Events,0,F,0,0
60,BlzWYa2tcqW7ojvrUMIEYi6WkWMaNWwh,Events,0,M,0,0
100,BlzWYa2tcqW7ojvrUMIEYi6WkWMaNWwh,Events,0,NA,0,0
100,BlzWYa2tcqW7ojvrUMIEYi6WkWMaNWwh,Events,0,F,0,0
40,BlzWYa2tcqW7ojvrUMIEYi6WkWMaNWwh,Events,0,M,0,0
80,BlzWYa2tcqW7ojvrUMIEYi6WkWMaNWwh,Events,0,M,0,0
145,BlzWYa2tcqW7ojvrUMIEYi6WkWMaNWwh,Events,0,M,0,0
100,BlzWYa2tcqW7ojvrUMIEYi6WkWMaNWwh,Events,0,F,0,0
45,BlzWYa2tcqW7ojvrUMIEYi6WkWMaNWwh,Events,0,NA,1,0
30,BlzWYa2tcqW7ojvrUMIEYi6WkWMaNWwh,Events,0,F,0,0
200,BlzWYa2tcqW7ojvrUMIEYi6WkWMaNWwh,Events,0,M,0,0
30,BlzWYa2tcqW7ojvrUMIEYi6WkWMaNWwh,Events,0,NA,0,0
10,aHWVWZR5bc6+22YxmUc6qS6WkC5MOzM4,Alberta Fires,0,F,0,0
50,aHWVWZR5bc6+22YxmUc6qS6WkC5MOzM4,Alberta Fires,0,F,0,0
25,aHWVWZR5bc6+22YxmUc6qS6WkC5MOzM4,Alberta Fires,0,NA,0,0
15,aHWVWZR5bc6+22YxmUc6qS6WkC5MOzM4,Alberta Fires,0,NA,0,0
20,aHWVWZR5bc6+22YxmUc6qS6WkC5MOzM4,Alberta Fires,0,F,0,0
100,aHWVWZR5bc6+22YxmUc6qS6WkC5MOzM4,Alberta Fires,0,M,0,0
100,aHWVWZR5bc6+22YxmUc6qS6WkC5MOzM4,Alberta Fires,0,M,0,0
100,aHWVWZR5bc6+22YxmUc6qS6WkC5MOzM4,Alberta Fires,0,NA,0,0
20,aHWVWZR5bc6+22YxmUc6qS6WkC5MOzM4,Alberta Fires,0,M,0,0
20,aHWVWZR5bc6+22YxmUc6qS6WkC5MOzM4,Alberta Fires,0,F,0,0
50,aHWVWZR5bc6+22YxmUc6qS6WkC5MOzM4,Alberta Fires,0,F,0,0
10,lWohWhC2xW6ZbfeJdNcbjC6WkGAMLzA4,Charity,0,F,0,0
20,lWohWhC2xW6ZbfeJdNcbjC6WkGAMLzA4,Charity,1,NA,0,0
50,lWohWhC2xW6ZbfeJdNcbjC6WkGAMLzA4,Charity,0,F,0,0
25,lWohWhC2xW6ZbfeJdNcbjC6WkGAMLzA4,Charity,0,F,0,0
50,lWohWhC2xW6ZbfeJdNcbjC6WkGAMLzA4,Charity,0,F,0,0
250,lWohWhC2xW6ZbfeJdNcbjC6WkGAMLzA4,Charity,0,M,0,0
50,lWohWhC2xW6ZbfeJdNcbjC6WkGAMLzA4,Charity,0,M,0,0
35,lWohWhC2xW6ZbfeJdNcbjC6WkGAMLzA4,Charity,1,NA,0,0
20,lWohWhC2xW6ZbfeJdNcbjC6WkGAMLzA4,Charity,0,F,0,0
20,lWohWhC2xW6ZbfeJdNcbjC6WkGAMLzA4,Charity,1,NA,0,0
25,lWohWhC2xW6ZbfeJdNcbjC6WkGAMLzA4,Charity,0,NA,0,0
20,lWohWhC2xW6ZbfeJdNcbjC6WkGAMLzA4,Charity,1,NA,0,0
20,lWohWhC2xW6ZbfeJdNcbjC6WkGAMLzA4,Charity,0,NA,0,0
20,lWohWhC2xW6ZbfeJdNcbjC6WkGAMLzA4,Charity,0,NA,0,0
50,lWohWhC2xW6ZbfeJdNcbjC6WkGAMLzA4,Charity,0,NA,0,0
10,lWohWhC2xW6ZbfeJdNcbjC6WkGAMLzA4,Charity,0,F,0,0
10,lWohWhC2xW6ZbfeJdNcbjC6WkGAMLzA4,Charity,0,NA,0,0
25,lWohWhC2xW6ZbfeJdNcbjC6WkGAMLzA4,Charity,0,NA,0,0
5,lWohWhC2xW6ZbfeJdNcbjC6WkGAMLzA4,Charity,0,F,0,0
30,lWohWhC2xW6ZbfeJdNcbjC6WkGAMLzA4,Charity,0,M,0,0
20,lWohWhC2xW6ZbfeJdNcbjC6WkGAMLzA4,Charity,0,F,0,0
50,lWohWhC2xW6ZbfeJdNcbjC6WkGAMLzA4,Charity,0,F,0,0
25,lWohWhC2xW6ZbfeJdNcbjC6WkGAMLzA4,Charity,0,M,0,0
20,lWohWhC2xW6ZbfeJdNcbjC6WkGAMLzA4,Charity,0,NA,0,1
25,lWohWhC2xW6ZbfeJdNcbjC6WkGAMLzA4,Charity,0,NA,0,0
100,lWohWhC2xW6ZbfeJdNcbjC6WkGAMLzA4,Charity,0,NA,0,0
50,lWohWhC2xW6ZbfeJdNcbjC6WkGAMLzA4,Charity,0,NA,0,0
20,lWohWhC2xW6ZbfeJdNcbjC6WkGAMLzA4,Charity,0,F,0,0
25,lWohWhC2xW6ZbfeJdNcbjC6WkGAMLzA4,Charity,0,F,0,0
50,lWohWhC2xW6ZbfeJdNcbjC6WkGAMLzA4,Charity,0,NA,0,0
100,lWohWhC2xW6ZbfeJdNcbjC6WkGAMLzA4,Charity,0,NA,0,0
20,lWohWhC2xW6ZbfeJdNcbjC6WkGAMLzA4,Charity,1,NA,0,0
50,lWohWhC2xW6ZbfeJdNcbjC6WkGAMLzA4,Charity,1,NA,0,0
320,lWohWhC2xW6ZbfeJdNcbjC6WkGAMLzA4,Charity,0,NA,0,0
200,lWohWhC2xW6ZbfeJdNcbjC6WkGAMLzA4,Charity,1,NA,0,0
50,lWohWhC2xW6ZbfeJdNcbjC6WkGAMLzA4,Charity,0,NA,0,0
25,lWohWhC2xW6ZbfeJdNcbjC6WkGAMLzA4,Charity,0,F,0,0
10,lWohWhC2xW6ZbfeJdNcbjC6WkGAMLzA4,Charity,0,M,0,0
100,lWohWhC2xW6ZbfeJdNcbjC6WkGAMLzA4,Charity,1,NA,0,0
200,lWohWhC2xW6ZbfeJdNcbjC6WkGAMLzA4,Charity,1,NA,0,0
100,lWohWhC2xW6ZbfeJdNcbjC6WkGAMLzA4,Charity,0,F,0,0
50,lWohWhC2xW6ZbfeJdNcbjC6WkGAMLzA4,Charity,1,NA,0,0
25,lWohWhC2xW6ZbfeJdNcbjC6WkGAMLzA4,Charity,0,F,0,0
15,lWohWhC2xW6ZbfeJdNcbjC6WkGAMLzA4,Charity,0,M,0,0
50,lWohWhC2xW6ZbfeJdNcbjC6WkGAMLzA4,Charity,1,NA,0,0
10,lWohWhC2xW6ZbfeJdNcbjC6WkGAMLzA4,Charity,0,NA,0,0
200,lWohWhC2xW6ZbfeJdNcbjC6WkGAMLzA4,Charity,1,NA,0,0
20,lWohWhC2xW6ZbfeJdNcbjC6WkGAMLzA4,Charity,0,F,0,0
50,lWohWhC2xW6ZbfeJdNcbjC6WkGAMLzA4,Charity,0,M,0,0
10,lWohWhC2xW6ZbfeJdNcbjC6WkGAMLzA4,Charity,0,NA,0,0
75,lWohWhC2xW6ZbfeJdNcbjC6WkGAMLzA4,Charity,1,NA,0,0
50,lWohWhC2xW6ZbfeJdNcbjC6WkGAMLzA4,Charity,0,M,1,0
20,lWohWhC2xW6ZbfeJdNcbjC6WkGAMLzA4,Charity,1,NA,0,0
10,lWohWhC2xW6ZbfeJdNcbjC6WkGAMLzA4,Charity,1,NA,0,0
30,lWohWhC2xW6ZbfeJdNcbjC6WkGAMLzA4,Charity,0,M,0,0
100,lWohWhC2xW6ZbfeJdNcbjC6WkGAMLzA4,Charity,0,F,0,0
25,lWohWhC2xW6ZbfeJdNcbjC6WkGAMLzA4,Charity,0,M,0,0
10,lWohWhC2xW6ZbfeJdNcbjC6WkGAMLzA4,Charity,0,M,0,0
100,/jeZoRZAb2WB88oTSPhKty6WkGECLjI=,Charity,0,F,0,0
100,/jeZoRZAb2WB88oTSPhKty6WkGECLjI=,Charity,1,NA,0,0
100,/jeZoRZAb2WB88oTSPhKty6WkGECLjI=,Charity,0,M,0,0
100,/jeZoRZAb2WB88oTSPhKty6WkGECLjI=,Charity,0,M,0,0
100,/jeZoRZAb2WB88oTSPhKty6WkGECLjI=,Charity,1,NA,0,0
100,/jeZoRZAb2WB88oTSPhKty6WkGECLjI=,Charity,0,NA,0,0
500,/jeZoRZAb2WB88oTSPhKty6WkGECLjI=,Charity,0,F,0,0
25,/jeZoRZAb2WB88oTSPhKty6WkGECLjI=,Charity,0,F,0,0
25,/jeZoRZAb2WB88oTSPhKty6WkGECLjI=,Charity,1,NA,0,0
35,/jeZoRZAb2WB88oTSPhKty6WkGECLjI=,Charity,1,NA,0,0
10,/jeZoRZAb2WB88oTSPhKty6WkGECLjI=,Charity,0,F,0,0
500,/jeZoRZAb2WB88oTSPhKty6WkGECLjI=,Charity,1,NA,0,0
100,/jeZoRZAb2WB88oTSPhKty6WkGECLjI=,Charity,0,F,0,0
100,/jeZoRZAb2WB88oTSPhKty6WkGECLjI=,Charity,0,NA,0,0
50,/jeZoRZAb2WB88oTSPhKty6WkGECLjI=,Charity,0,NA,0,0
100,/jeZoRZAb2WB88oTSPhKty6WkGECLjI=,Charity,1,NA,0,0
50,/jeZoRZAb2WB88oTSPhKty6WkGECLjI=,Charity,1,NA,0,0
25,/jeZoRZAb2WB88oTSPhKty6WkGECLjI=,Charity,0,F,0,0
100,/jeZoRZAb2WB88oTSPhKty6WkGECLjI=,Charity,1,NA,0,0
25,/jeZoRZAb2WB88oTSPhKty6WkGECLjI=,Charity,1,NA,0,0
100,/jeZoRZAb2WB88oTSPhKty6WkGECLjI=,Charity,0,M,0,0
100,/jeZoRZAb2WB88oTSPhKty6WkGECLjI=,Charity,0,M,0,0
250,/jeZoRZAb2WB88oTSPhKty6WkGECLjI=,Charity,1,NA,0,0
20,/jeZoRZAb2WB88oTSPhKty6WkGECLjI=,Charity,0,F,0,0
15,/jeZoRZAb2WB88oTSPhKty6WkGECLjI=,Charity,0,F,0,0
20,/jeZoRZAb2WB88oTSPhKty6WkGECLjI=,Charity,0,F,0,0
10,/jeZoRZAb2WB88oTSPhKty6WkGECLjI=,Charity,0,NA,0,0
40,/jeZoRZAb2WB88oTSPhKty6WkGECLjI=,Charity,0,NA,0,0
300,/jeZoRZAb2WB88oTSPhKty6WkGECLjI=,Charity,0,F,0,0
10,/jeZoRZAb2WB88oTSPhKty6WkGECLjI=,Charity,0,F,0,0
200,/jeZoRZAb2WB88oTSPhKty6WkGECLjI=,Charity,1,NA,0,0
250,/jeZoRZAb2WB88oTSPhKty6WkGECLjI=,Charity,0,NA,0,0
100,/jeZoRZAb2WB88oTSPhKty6WkGECLjI=,Charity,0,F,0,0
100,/jeZoRZAb2WB88oTSPhKty6WkGECLjI=,Charity,1,NA,0,0
10,/jeZoRZAb2WB88oTSPhKty6WkGECLjI=,Charity,0,M,0,0
25,/jeZoRZAb2WB88oTSPhKty6WkGECLjI=,Charity,0,F,0,0
200,/jeZoRZAb2WB88oTSPhKty6WkGECLjI=,Charity,1,NA,0,0
200,/jeZoRZAb2WB88oTSPhKty6WkGECLjI=,Charity,0,F,0,0
250,/jeZoRZAb2WB88oTSPhKty6WkGECLjI=,Charity,1,NA,0,0
100,/jeZoRZAb2WB88oTSPhKty6WkGECLjI=,Charity,0,F,0,0
100,/jeZoRZAb2WB88oTSPhKty6WkGECLjI=,Charity,0,NA,0,0
50,/jeZoRZAb2WB88oTSPhKty6WkGECLjI=,Charity,1,NA,0,0
10,/jeZoRZAb2WB88oTSPhKty6WkGECLjI=,Charity,0,M,0,0
50,/jeZoRZAb2WB88oTSPhKty6WkGECLjI=,Charity,0,M,0,0
250,/jeZoRZAb2WB88oTSPhKty6WkGECLjI=,Charity,0,F,0,0
50,/jeZoRZAb2WB88oTSPhKty6WkGECLjI=,Charity,0,F,0,0
10,/jeZoRZAb2WB88oTSPhKty6WkGECLjI=,Charity,0,F,0,0
1000,/jeZoRZAb2WB88oTSPhKty6WkGECLjI=,Charity,1,NA,0,0
100,/jeZoRZAb2WB88oTSPhKty6WkGECLjI=,Charity,0,NA,0,0
100,/jeZoRZAb2WB88oTSPhKty6WkGECLjI=,Charity,0,NA,0,0
50,/jeZoRZAb2WB88oTSPhKty6WkGECLjI=,Charity,1,NA,0,0
200,/jeZoRZAb2WB88oTSPhKty6WkGECLjI=,Charity,0,F,0,0
250,/jeZoRZAb2WB88oTSPhKty6WkGECLjI=,Charity,0,M,0,0
100,/jeZoRZAb2WB88oTSPhKty6WkGECLjI=,Charity,0,F,0,0
25,/jeZoRZAb2WB88oTSPhKty6WkGECLjI=,Charity,0,M,0,0
500,/jeZoRZAb2WB88oTSPhKty6WkGECLjI=,Charity,1,NA,0,0
40,/jeZoRZAb2WB88oTSPhKty6WkGECLjI=,Charity,0,M,0,0
50,/jeZoRZAb2WB88oTSPhKty6WkGECLjI=,Charity,1,NA,0,0
100,/jeZoRZAb2WB88oTSPhKty6WkGECLjI=,Charity,0,F,0,0
25,/jeZoRZAb2WB88oTSPhKty6WkGECLjI=,Charity,0,F,0,0
50,/jeZoRZAb2WB88oTSPhKty6WkGECLjI=,Charity,0,F,0,0
50,/jeZoRZAb2WB88oTSPhKty6WkGECLjI=,Charity,0,NA,0,0
50,/jeZoRZAb2WB88oTSPhKty6WkGECLjI=,Charity,0,F,0,0
50,/jeZoRZAb2WB88oTSPhKty6WkGECLjI=,Charity,0,F,0,0
25,/jeZoRZAb2WB88oTSPhKty6WkGECLjI=,Charity,1,NA,0,0
100,/jeZoRZAb2WB88oTSPhKty6WkGECLjI=,Charity,0,F,0,0
100,/jeZoRZAb2WB88oTSPhKty6WkGECLjI=,Charity,1,NA,0,0
15,/jeZoRZAb2WB88oTSPhKty6WkGECLjI=,Charity,0,NA,0,0
200,/jeZoRZAb2WB88oTSPhKty6WkGECLjI=,Charity,1,NA,0,0
5,/jeZoRZAb2WB88oTSPhKty6WkGECLjI=,Charity,1,NA,0,0
100,/jeZoRZAb2WB88oTSPhKty6WkGECLjI=,Charity,1,NA,0,0
100,/jeZoRZAb2WB88oTSPhKty6WkGECLjI=,Charity,1,NA,0,0
10,/jeZoRZAb2WB88oTSPhKty6WkGECLjI=,Charity,0,F,0,0
100,/jeZoRZAb2WB88oTSPhKty6WkGECLjI=,Charity,0,NA,0,0
25,/jeZoRZAb2WB88oTSPhKty6WkGECLjI=,Charity,0,NA,0,0
5,/jeZoRZAb2WB88oTSPhKty6WkGECLjI=,Charity,1,NA,0,0
25,/jeZoRZAb2WB88oTSPhKty6WkGECLjI=,Charity,0,F,0,0
25,/jeZoRZAb2WB88oTSPhKty6WkGECLjI=,Charity,0,NA,0,0
25,/jeZoRZAb2WB88oTSPhKty6WkGECLjI=,Charity,0,F,0,0
30,/jeZoRZAb2WB88oTSPhKty6WkGECLjI=,Charity,1,NA,0,0
100,/jeZoRZAb2WB88oTSPhKty6WkGECLjI=,Charity,0,NA,0,0
25,/jeZoRZAb2WB88oTSPhKty6WkGECLjI=,Charity,0,NA,0,0
25,/jeZoRZAb2WB88oTSPhKty6WkGECLjI=,Charity,0,F,0,0
50,/jeZoRZAb2WB88oTSPhKty6WkGECLjI=,Charity,0,F,0,0
100,/jeZoRZAb2WB88oTSPhKty6WkGECLjI=,Charity,0,M,0,0
250,/jeZoRZAb2WB88oTSPhKty6WkGECLjI=,Charity,0,F,0,1
100,/jeZoRZAb2WB88oTSPhKty6WkGECLjI=,Charity,0,NA,0,0
25,MGnlzv56MC4H1hSJVHNVlC6Wl2IOKGB/,Charity,0,F,0,0
25,MGnlzv56MC4H1hSJVHNVlC6Wl2IOKGB/,Charity,0,F,0,0
100,MGnlzv56MC4H1hSJVHNVlC6Wl2IOKGB/,Charity,0,NA,0,0
25,MGnlzv56MC4H1hSJVHNVlC6Wl2IOKGB/,Charity,0,NA,0,0
100,MGnlzv56MC4H1hSJVHNVlC6Wl2IOKGB/,Charity,0,M,0,0
50,MGnlzv56MC4H1hSJVHNVlC6Wl2IOKGB/,Charity,0,F,0,0
100,MGnlzv56MC4H1hSJVHNVlC6Wl2IOKGB/,Charity,0,NA,0,0
100,MGnlzv56MC4H1hSJVHNVlC6Wl2IOKGB/,Charity,0,F,0,0
100,MGnlzv56MC4H1hSJVHNVlC6Wl2IOKGB/,Charity,0,F,0,0
75,MGnlzv56MC4H1hSJVHNVlC6Wl2IOKGB/,Charity,0,NA,0,0
25,MGnlzv56MC4H1hSJVHNVlC6Wl2IOKGB/,Charity,0,NA,0,0
100,MGnlzv56MC4H1hSJVHNVlC6Wl2IOKGB/,Charity,0,NA,1,1
50,MGnlzv56MC4H1hSJVHNVlC6Wl2IOKGB/,Charity,0,M,0,0
100,MGnlzv56MC4H1hSJVHNVlC6Wl2IOKGB/,Charity,0,F,0,0
25,MGnlzv56MC4H1hSJVHNVlC6Wl2IOKGB/,Charity,0,F,0,0
50,MGnlzv56MC4H1hSJVHNVlC6Wl2IOKGB/,Charity,0,F,0,0
50,MGnlzv56MC4H1hSJVHNVlC6Wl2IOKGB/,Charity,1,NA,0,0
100,MGnlzv56MC4H1hSJVHNVlC6Wl2IOKGB/,Charity,0,F,0,0
100,MGnlzv56MC4H1hSJVHNVlC6Wl2IOKGB/,Charity,0,F,0,0
50,MGnlzv56MC4H1hSJVHNVlC6Wl2IOKGB/,Charity,0,F,0,0
25,MGnlzv56MC4H1hSJVHNVlC6Wl2IOKGB/,Charity,0,M,0,0
100,MGnlzv56MC4H1hSJVHNVlC6Wl2IOKGB/,Charity,0,NA,0,0
50,MGnlzv56MC4H1hSJVHNVlC6Wl2IOKGB/,Charity,0,F,0,0
35,MGnlzv56MC4H1hSJVHNVlC6Wl2IOKGB/,Charity,0,NA,0,0
100,MGnlzv56MC4H1hSJVHNVlC6Wl2IOKGB/,Charity,0,NA,0,0
25,MGnlzv56MC4H1hSJVHNVlC6Wl2IOKGB/,Charity,1,NA,0,0
50,MGnlzv56MC4H1hSJVHNVlC6Wl2IOKGB/,Charity,0,NA,0,0
100,MGnlzv56MC4H1hSJVHNVlC6Wl2IOKGB/,Charity,0,F,0,0
50,MGnlzv56MC4H1hSJVHNVlC6Wl2IOKGB/,Charity,0,F,0,0
50,MGnlzv56MC4H1hSJVHNVlC6Wl2IOKGB/,Charity,0,NA,0,0
25,MGnlzv56MC4H1hSJVHNVlC6Wl2IOKGB/,Charity,0,NA,0,0
50,MGnlzv56MC4H1hSJVHNVlC6Wl2IOKGB/,Charity,0,F,0,0
25,MGnlzv56MC4H1hSJVHNVlC6Wl2IOKGB/,Charity,0,NA,0,0
25,MGnlzv56MC4H1hSJVHNVlC6Wl2IOKGB/,Charity,0,NA,0,0
100,MGnlzv56MC4H1hSJVHNVlC6Wl2IOKGB/,Charity,0,F,1,0
50,g01EDmRYg2nanEEnXOXAQi6Wl2MMLz4=,Creative,0,NA,0,0
25,g01EDmRYg2nanEEnXOXAQi6Wl2MMLz4=,Creative,0,NA,0,0
25,g01EDmRYg2nanEEnXOXAQi6Wl2MMLz4=,Creative,1,NA,0,0
25,g01EDmRYg2nanEEnXOXAQi6Wl2MMLz4=,Creative,0,F,0,0
100,g01EDmRYg2nanEEnXOXAQi6Wl2MMLz4=,Creative,0,M,0,0
50,g01EDmRYg2nanEEnXOXAQi6Wl2MMLz4=,Creative,0,F,0,0
20,g01EDmRYg2nanEEnXOXAQi6Wl2MMLz4=,Creative,1,NA,0,0
200,g01EDmRYg2nanEEnXOXAQi6Wl2MMLz4=,Creative,0,M,0,0
15,g01EDmRYg2nanEEnXOXAQi6Wl2MMLz4=,Creative,0,M,0,0
100,g01EDmRYg2nanEEnXOXAQi6Wl2MMLz4=,Creative,0,M,0,0
50,g01EDmRYg2nanEEnXOXAQi6Wl2MMLz4=,Creative,0,M,0,0
25,g01EDmRYg2nanEEnXOXAQi6Wl2MMLz4=,Creative,1,NA,0,0
100,g01EDmRYg2nanEEnXOXAQi6Wl2MMLz4=,Creative,0,M,0,0
30,g01EDmRYg2nanEEnXOXAQi6Wl2MMLz4=,Creative,0,NA,0,0
100,g01EDmRYg2nanEEnXOXAQi6Wl2MMLz4=,Creative,0,NA,0,0
500,g01EDmRYg2nanEEnXOXAQi6Wl2MMLz4=,Creative,0,M,0,0
25,g01EDmRYg2nanEEnXOXAQi6Wl2MMLz4=,Creative,0,NA,0,0
50,g01EDmRYg2nanEEnXOXAQi6Wl2MMLz4=,Creative,1,NA,0,0
150,g01EDmRYg2nanEEnXOXAQi6Wl2MMLz4=,Creative,0,NA,0,0
100,g01EDmRYg2nanEEnXOXAQi6Wl2MMLz4=,Creative,0,NA,0,0
100,g01EDmRYg2nanEEnXOXAQi6Wl2MMLz4=,Creative,0,M,0,0
25,g01EDmRYg2nanEEnXOXAQi6Wl2MMLz4=,Creative,0,M,0,0
50,g01EDmRYg2nanEEnXOXAQi6Wl2MMLz4=,Creative,0,F,0,0
50,g01EDmRYg2nanEEnXOXAQi6Wl2MMLz4=,Creative,0,M,0,0
25,g01EDmRYg2nanEEnXOXAQi6Wl2MMLz4=,Creative,1,NA,0,0
20,g01EDmRYg2nanEEnXOXAQi6Wl2MMLz4=,Creative,1,NA,0,0
40,g01EDmRYg2nanEEnXOXAQi6Wl2MMLz4=,Creative,0,M,0,0
50,g01EDmRYg2nanEEnXOXAQi6Wl2MMLz4=,Creative,0,F,0,0
20,g01EDmRYg2nanEEnXOXAQi6Wl2MMLz4=,Creative,0,F,0,0
25,g01EDmRYg2nanEEnXOXAQi6Wl2MMLz4=,Creative,0,F,0,0
100,g01EDmRYg2nanEEnXOXAQi6Wl2MMLz4=,Creative,1,NA,0,0
25,g01EDmRYg2nanEEnXOXAQi6Wl2MMLz4=,Creative,0,F,0,0
20,g01EDmRYg2nanEEnXOXAQi6Wl2MMLz4=,Creative,0,M,0,0
25,g01EDmRYg2nanEEnXOXAQi6Wl2MMLz4=,Creative,0,NA,0,0
80,g01EDmRYg2nanEEnXOXAQi6Wl2MMLz4=,Creative,0,F,0,0
15,g01EDmRYg2nanEEnXOXAQi6Wl2MMLz4=,Creative,1,NA,0,0
20,g01EDmRYg2nanEEnXOXAQi6Wl2MMLz4=,Creative,0,M,0,0
100,g01EDmRYg2nanEEnXOXAQi6Wl2MMLz4=,Creative,0,M,0,0
50,uL15VNz30TOeJzTz0PmNCi6WliQOLDMq,NA,0,F,NA,0
100,uL15VNz30TOeJzTz0PmNCi6WliQOLDMq,NA,0,F,NA,0
100,uL15VNz30TOeJzTz0PmNCi6WliQOLDMq,NA,0,F,NA,0
50,uL15VNz30TOeJzTz0PmNCi6WliQOLDMq,NA,0,F,NA,0
50,uL15VNz30TOeJzTz0PmNCi6WliQOLDMq,NA,0,F,NA,0
50,uL15VNz30TOeJzTz0PmNCi6WliQOLDMq,NA,0,F,NA,0
70,uL15VNz30TOeJzTz0PmNCi6WliQOLDMq,NA,0,M,NA,0
50,uL15VNz30TOeJzTz0PmNCi6WliQOLDMq,NA,0,F,NA,0
100,uL15VNz30TOeJzTz0PmNCi6WliQOLDMq,NA,0,NA,NA,0
20,uL15VNz30TOeJzTz0PmNCi6WliQOLDMq,NA,1,NA,NA,0
25,uL15VNz30TOeJzTz0PmNCi6WliQOLDMq,NA,0,F,NA,0
25,uL15VNz30TOeJzTz0PmNCi6WliQOLDMq,NA,0,F,NA,0
50,uL15VNz30TOeJzTz0PmNCi6WliQOLDMq,NA,1,NA,NA,0
50,uL15VNz30TOeJzTz0PmNCi6WliQOLDMq,NA,0,F,NA,0
50,uL15VNz30TOeJzTz0PmNCi6WliQOLDMq,NA,1,NA,NA,0
25,uL15VNz30TOeJzTz0PmNCi6WliQOLDMq,NA,0,NA,NA,0
25,uL15VNz30TOeJzTz0PmNCi6WliQOLDMq,NA,0,F,NA,0
50,uL15VNz30TOeJzTz0PmNCi6WliQOLDMq,NA,0,F,NA,0
20,uL15VNz30TOeJzTz0PmNCi6WliQOLDMq,NA,0,NA,NA,0
100,uL15VNz30TOeJzTz0PmNCi6WliQOLDMq,NA,1,NA,NA,0
50,uL15VNz30TOeJzTz0PmNCi6WliQOLDMq,NA,0,F,NA,0
75,uL15VNz30TOeJzTz0PmNCi6WliQOLDMq,NA,0,F,NA,0
30,uL15VNz30TOeJzTz0PmNCi6WliQOLDMq,NA,0,F,NA,1
25,uL15VNz30TOeJzTz0PmNCi6WliQOLDMq,NA,0,F,NA,0
100,uL15VNz30TOeJzTz0PmNCi6WliQOLDMq,NA,1,NA,NA,0
50,uL15VNz30TOeJzTz0PmNCi6WliQOLDMq,NA,0,NA,NA,0
50,uL15VNz30TOeJzTz0PmNCi6WliQOLDMq,NA,0,F,NA,0
100,uL15VNz30TOeJzTz0PmNCi6WliQOLDMq,NA,0,F,NA,0
50,uL15VNz30TOeJzTz0PmNCi6WliQOLDMq,NA,1,NA,NA,0
50,uL15VNz30TOeJzTz0PmNCi6WliQOLDMq,NA,0,F,NA,0
20,uL15VNz30TOeJzTz0PmNCi6WliQOLDMq,NA,1,NA,NA,0
50,uL15VNz30TOeJzTz0PmNCi6WliQOLDMq,NA,1,NA,NA,0
100,uL15VNz30TOeJzTz0PmNCi6WliQOLDMq,NA,1,NA,NA,0
100,uL15VNz30TOeJzTz0PmNCi6WliQOLDMq,NA,1,NA,NA,0
100,uL15VNz30TOeJzTz0PmNCi6WliQOLDMq,NA,1,NA,NA,0
50,uL15VNz30TOeJzTz0PmNCi6WliQOLDMq,NA,0,NA,NA,0
50,uL15VNz30TOeJzTz0PmNCi6WliQOLDMq,NA,0,M,NA,0
40,uL15VNz30TOeJzTz0PmNCi6WliQOLDMq,NA,1,NA,NA,0
100,uL15VNz30TOeJzTz0PmNCi6WliQOLDMq,NA,1,NA,NA,0
40,yQZSAz5SSMczeGwI2t1chi6WlnQZLm0=,Medical,0,F,0,0
100,yQZSAz5SSMczeGwI2t1chi6WlnQZLm0=,Medical,0,M,0,0
25,yQZSAz5SSMczeGwI2t1chi6WlnQZLm0=,Medical,1,NA,0,0
300,yQZSAz5SSMczeGwI2t1chi6WlnQZLm0=,Medical,1,NA,0,0
50,yQZSAz5SSMczeGwI2t1chi6WlnQZLm0=,Medical,0,F,0,0
100,yQZSAz5SSMczeGwI2t1chi6WlnQZLm0=,Medical,0,F,0,0
50,yQZSAz5SSMczeGwI2t1chi6WlnQZLm0=,Medical,0,NA,0,0
50,yQZSAz5SSMczeGwI2t1chi6WlnQZLm0=,Medical,1,NA,0,0
50,yQZSAz5SSMczeGwI2t1chi6WlnQZLm0=,Medical,1,NA,0,0
50,yQZSAz5SSMczeGwI2t1chi6WlnQZLm0=,Medical,0,F,0,0
50,yQZSAz5SSMczeGwI2t1chi6WlnQZLm0=,Medical,1,NA,0,0
40,yQZSAz5SSMczeGwI2t1chi6WlnQZLm0=,Medical,0,M,0,0
50,yQZSAz5SSMczeGwI2t1chi6WlnQZLm0=,Medical,0,NA,0,0
100,yQZSAz5SSMczeGwI2t1chi6WlnQZLm0=,Medical,1,NA,0,0
200,yQZSAz5SSMczeGwI2t1chi6WlnQZLm0=,Medical,1,NA,0,0
200,yQZSAz5SSMczeGwI2t1chi6WlnQZLm0=,Medical,1,NA,0,0
25,yQZSAz5SSMczeGwI2t1chi6WlnQZLm0=,Medical,0,F,0,0
100,yQZSAz5SSMczeGwI2t1chi6WlnQZLm0=,Medical,0,NA,0,0
50,yQZSAz5SSMczeGwI2t1chi6WlnQZLm0=,Medical,0,NA,0,0
75,yQZSAz5SSMczeGwI2t1chi6WlnQZLm0=,Medical,0,NA,0,0
1000,yQZSAz5SSMczeGwI2t1chi6WlnQZLm0=,Medical,0,M,0,0
500,yQZSAz5SSMczeGwI2t1chi6WlnQZLm0=,Medical,0,M,0,0
50,yQZSAz5SSMczeGwI2t1chi6WlnQZLm0=,Medical,1,NA,0,0
50,yQZSAz5SSMczeGwI2t1chi6WlnQZLm0=,Medical,1,NA,0,0
50,yQZSAz5SSMczeGwI2t1chi6WlnQZLm0=,Medical,0,NA,0,0
20,yQZSAz5SSMczeGwI2t1chi6WlnQZLm0=,Medical,0,M,0,0
100,yQZSAz5SSMczeGwI2t1chi6WlnQZLm0=,Medical,0,F,0,0
100,yQZSAz5SSMczeGwI2t1chi6WlnQZLm0=,Medical,0,NA,0,0
20,yQZSAz5SSMczeGwI2t1chi6WlnQZLm0=,Medical,0,F,0,0
50,yQZSAz5SSMczeGwI2t1chi6WlnQZLm0=,Medical,0,NA,0,0
50,yQZSAz5SSMczeGwI2t1chi6WlnQZLm0=,Medical,0,F,0,0
50,yQZSAz5SSMczeGwI2t1chi6WlnQZLm0=,Medical,0,F,0,0
250,yQZSAz5SSMczeGwI2t1chi6WlnQZLm0=,Medical,0,NA,0,0
50,yQZSAz5SSMczeGwI2t1chi6WlnQZLm0=,Medical,0,F,0,0
100,yQZSAz5SSMczeGwI2t1chi6WlnQZLm0=,Medical,0,NA,0,0
100,yQZSAz5SSMczeGwI2t1chi6WlnQZLm0=,Medical,0,F,0,0
40,yQZSAz5SSMczeGwI2t1chi6WlnQZLm0=,Medical,0,NA,0,0
100,yQZSAz5SSMczeGwI2t1chi6WlnQZLm0=,Medical,0,F,0,0
50,yQZSAz5SSMczeGwI2t1chi6WlnQZLm0=,Medical,0,M,0,0
100,yQZSAz5SSMczeGwI2t1chi6WlnQZLm0=,Medical,0,M,0,0
500,yQZSAz5SSMczeGwI2t1chi6WlnQZLm0=,Medical,0,NA,0,0
100,yQZSAz5SSMczeGwI2t1chi6WlnQZLm0=,Medical,1,NA,0,0
200,yQZSAz5SSMczeGwI2t1chi6WlnQZLm0=,Medical,0,NA,0,0
50,yQZSAz5SSMczeGwI2t1chi6WlnQZLm0=,Medical,0,F,0,0
50,yQZSAz5SSMczeGwI2t1chi6WlnQZLm0=,Medical,0,NA,0,0
50,yQZSAz5SSMczeGwI2t1chi6WlnQZLm0=,Medical,0,NA,0,0
100,yQZSAz5SSMczeGwI2t1chi6WlnQZLm0=,Medical,0,F,0,1
500,yQZSAz5SSMczeGwI2t1chi6WlnQZLm0=,Medical,1,NA,0,0
100,yQZSAz5SSMczeGwI2t1chi6WlnQZLm0=,Medical,0,NA,0,0
50,yQZSAz5SSMczeGwI2t1chi6WlnQZLm0=,Medical,0,F,0,0
50,yQZSAz5SSMczeGwI2t1chi6WlnQZLm0=,Medical,0,F,0,0
100,yQZSAz5SSMczeGwI2t1chi6WlnQZLm0=,Medical,0,F,0,0
50,yQZSAz5SSMczeGwI2t1chi6WlnQZLm0=,Medical,0,NA,0,0
25,yQZSAz5SSMczeGwI2t1chi6WlnQZLm0=,Medical,0,NA,0,0
50,yQZSAz5SSMczeGwI2t1chi6WlnQZLm0=,Medical,0,F,0,0
100,yQZSAz5SSMczeGwI2t1chi6WlnQZLm0=,Medical,0,NA,0,0
100,yQZSAz5SSMczeGwI2t1chi6WlnQZLm0=,Medical,0,NA,0,0
100,yQZSAz5SSMczeGwI2t1chi6WlnQZLm0=,Medical,0,F,0,0
50,yQZSAz5SSMczeGwI2t1chi6WlnQZLm0=,Medical,0,F,0,0
40,yQZSAz5SSMczeGwI2t1chi6WlnQZLm0=,Medical,0,F,0,0
100,yQZSAz5SSMczeGwI2t1chi6WlnQZLm0=,Medical,0,F,0,0
50,yQZSAz5SSMczeGwI2t1chi6WlnQZLm0=,Medical,0,NA,0,0
50,yQZSAz5SSMczeGwI2t1chi6WlnQZLm0=,Medical,0,F,0,0
200,yQZSAz5SSMczeGwI2t1chi6WlnQZLm0=,Medical,0,NA,0,0
100,yQZSAz5SSMczeGwI2t1chi6WlnQZLm0=,Medical,0,M,0,0
50,yQZSAz5SSMczeGwI2t1chi6WlnQZLm0=,Medical,0,F,0,0
25,yQZSAz5SSMczeGwI2t1chi6WlnQZLm0=,Medical,0,F,0,0
50,yQZSAz5SSMczeGwI2t1chi6WlnQZLm0=,Medical,0,F,0,0
50,yQZSAz5SSMczeGwI2t1chi6WlnQZLm0=,Medical,0,F,0,0
100,yQZSAz5SSMczeGwI2t1chi6WlnQZLm0=,Medical,1,NA,0,0
100,yQZSAz5SSMczeGwI2t1chi6WlnQZLm0=,Medical,0,NA,0,0
200,yQZSAz5SSMczeGwI2t1chi6WlnQZLm0=,Medical,1,NA,0,0
25,yQZSAz5SSMczeGwI2t1chi6WlnQZLm0=,Medical,0,NA,0,0
100,yQZSAz5SSMczeGwI2t1chi6WlnQZLm0=,Medical,1,NA,0,0
50,yQZSAz5SSMczeGwI2t1chi6WlnQZLm0=,Medical,0,F,0,0
100,yQZSAz5SSMczeGwI2t1chi6WlnQZLm0=,Medical,0,F,0,1
50,yQZSAz5SSMczeGwI2t1chi6WlnQZLm0=,Medical,0,F,0,0
100,yQZSAz5SSMczeGwI2t1chi6WlnQZLm0=,Medical,1,NA,0,0
100,yQZSAz5SSMczeGwI2t1chi6WlnQZLm0=,Medical,0,NA,0,0
25,yQZSAz5SSMczeGwI2t1chi6WlnQZLm0=,Medical,0,F,0,0
100,yQZSAz5SSMczeGwI2t1chi6WlnQZLm0=,Medical,0,NA,0,0
200,yQZSAz5SSMczeGwI2t1chi6WlnQZLm0=,Medical,0,NA,0,0
100,yQZSAz5SSMczeGwI2t1chi6WlnQZLm0=,Medical,0,NA,0,0
100,yQZSAz5SSMczeGwI2t1chi6WlnQZLm0=,Medical,1,NA,0,0
100,yQZSAz5SSMczeGwI2t1chi6WlnQZLm0=,Medical,0,F,0,0
100,yQZSAz5SSMczeGwI2t1chi6WlnQZLm0=,Medical,1,NA,0,0
200,yQZSAz5SSMczeGwI2t1chi6WlnQZLm0=,Medical,0,NA,0,0
50,yQZSAz5SSMczeGwI2t1chi6WlnQZLm0=,Medical,0,F,0,0
50,yQZSAz5SSMczeGwI2t1chi6WlnQZLm0=,Medical,1,NA,0,0
50,yQZSAz5SSMczeGwI2t1chi6WlnQZLm0=,Medical,0,F,0,0
25,yQZSAz5SSMczeGwI2t1chi6WlnQZLm0=,Medical,1,NA,0,0
25,yQZSAz5SSMczeGwI2t1chi6WlnQZLm0=,Medical,0,F,0,0
40,yQZSAz5SSMczeGwI2t1chi6WlnQZLm0=,Medical,0,NA,0,0
25,yQZSAz5SSMczeGwI2t1chi6WlnQZLm0=,Medical,0,F,0,0
25,yQZSAz5SSMczeGwI2t1chi6WlnQZLm0=,Medical,0,F,0,0
50,yQZSAz5SSMczeGwI2t1chi6WlnQZLm0=,Medical,0,NA,0,0
25,yQZSAz5SSMczeGwI2t1chi6WlnQZLm0=,Medical,1,NA,0,0
300,yQZSAz5SSMczeGwI2t1chi6WlnQZLm0=,Medical,1,NA,0,0
500,yQZSAz5SSMczeGwI2t1chi6WlnQZLm0=,Medical,1,NA,0,0
100,yQZSAz5SSMczeGwI2t1chi6WlnQZLm0=,Medical,0,NA,0,0
50,yQZSAz5SSMczeGwI2t1chi6WlnQZLm0=,Medical,0,F,0,0
100,yQZSAz5SSMczeGwI2t1chi6WlnQZLm0=,Medical,0,F,0,0
50,yQZSAz5SSMczeGwI2t1chi6WlnQZLm0=,Medical,0,M,0,0
100,yQZSAz5SSMczeGwI2t1chi6WlnQZLm0=,Medical,1,NA,0,0
100,yQZSAz5SSMczeGwI2t1chi6WlnQZLm0=,Medical,1,NA,0,0
75,yQZSAz5SSMczeGwI2t1chi6WlnQZLm0=,Medical,1,NA,0,0
50,yQZSAz5SSMczeGwI2t1chi6WlnQZLm0=,Medical,0,NA,0,0
1000,yQZSAz5SSMczeGwI2t1chi6WlnQZLm0=,Medical,0,M,0,0
200,yQZSAz5SSMczeGwI2t1chi6WlnQZLm0=,Medical,0,M,0,0
100,yQZSAz5SSMczeGwI2t1chi6WlnQZLm0=,Medical,1,NA,0,0
25,yQZSAz5SSMczeGwI2t1chi6WlnQZLm0=,Medical,0,F,0,0
25,yQZSAz5SSMczeGwI2t1chi6WlnQZLm0=,Medical,0,NA,0,0
100,yQZSAz5SSMczeGwI2t1chi6WlnQZLm0=,Medical,0,F,0,0
100,yQZSAz5SSMczeGwI2t1chi6WlnQZLm0=,Medical,0,M,0,0
200,yQZSAz5SSMczeGwI2t1chi6WlnQZLm0=,Medical,1,NA,0,0
500,yQZSAz5SSMczeGwI2t1chi6WlnQZLm0=,Medical,0,F,0,0
100,yQZSAz5SSMczeGwI2t1chi6WlnQZLm0=,Medical,0,NA,0,0
100,yQZSAz5SSMczeGwI2t1chi6WlnQZLm0=,Medical,0,F,0,0
50,yQZSAz5SSMczeGwI2t1chi6WlnQZLm0=,Medical,0,F,0,0
100,yQZSAz5SSMczeGwI2t1chi6WlnQZLm0=,Medical,0,F,0,0
100,yQZSAz5SSMczeGwI2t1chi6WlnQZLm0=,Medical,0,NA,0,0
500,yQZSAz5SSMczeGwI2t1chi6WlnQZLm0=,Medical,0,F,0,0
100,yQZSAz5SSMczeGwI2t1chi6WlnQZLm0=,Medical,1,NA,0,0
150,yQZSAz5SSMczeGwI2t1chi6WlnQZLm0=,Medical,0,NA,0,0
50,yQZSAz5SSMczeGwI2t1chi6WlnQZLm0=,Medical,0,F,0,0
50,yQZSAz5SSMczeGwI2t1chi6WlnQZLm0=,Medical,0,F,0,0
50,yQZSAz5SSMczeGwI2t1chi6WlnQZLm0=,Medical,0,M,0,0
25,yQZSAz5SSMczeGwI2t1chi6WlnQZLm0=,Medical,1,NA,0,0
400,yQZSAz5SSMczeGwI2t1chi6WlnQZLm0=,Medical,1,NA,0,0
25,yQZSAz5SSMczeGwI2t1chi6WlnQZLm0=,Medical,0,F,0,0
50,yQZSAz5SSMczeGwI2t1chi6WlnQZLm0=,Medical,1,NA,0,0
20,yQZSAz5SSMczeGwI2t1chi6WlnQZLm0=,Medical,0,M,0,0
250,yQZSAz5SSMczeGwI2t1chi6WlnQZLm0=,Medical,0,F,0,0
100,yQZSAz5SSMczeGwI2t1chi6WlnQZLm0=,Medical,0,M,0,0
500,yQZSAz5SSMczeGwI2t1chi6WlnQZLm0=,Medical,0,NA,0,0
50,yQZSAz5SSMczeGwI2t1chi6WlnQZLm0=,Medical,0,F,0,0
100,yQZSAz5SSMczeGwI2t1chi6WlnQZLm0=,Medical,0,M,0,1
50,yQZSAz5SSMczeGwI2t1chi6WlnQZLm0=,Medical,0,F,0,0
150,yQZSAz5SSMczeGwI2t1chi6WlnQZLm0=,Medical,0,NA,0,0
40,yQZSAz5SSMczeGwI2t1chi6WlnQZLm0=,Medical,0,F,0,0
40,yQZSAz5SSMczeGwI2t1chi6WlnQZLm0=,Medical,0,NA,0,0
50,yQZSAz5SSMczeGwI2t1chi6WlnQZLm0=,Medical,0,F,0,0
50,yQZSAz5SSMczeGwI2t1chi6WlnQZLm0=,Medical,0,F,0,0
50,yQZSAz5SSMczeGwI2t1chi6WlnQZLm0=,Medical,0,F,0,0
50,yQZSAz5SSMczeGwI2t1chi6WlnQZLm0=,Medical,0,F,0,0
50,yQZSAz5SSMczeGwI2t1chi6WlnQZLm0=,Medical,0,F,0,0
25,yQZSAz5SSMczeGwI2t1chi6WlnQZLm0=,Medical,0,F,0,0
100,yQZSAz5SSMczeGwI2t1chi6WlnQZLm0=,Medical,0,M,0,0
100,yQZSAz5SSMczeGwI2t1chi6WlnQZLm0=,Medical,0,F,0,0
100,yQZSAz5SSMczeGwI2t1chi6WlnQZLm0=,Medical,1,NA,0,0
25,yQZSAz5SSMczeGwI2t1chi6WlnQZLm0=,Medical,0,NA,0,0
25,yQZSAz5SSMczeGwI2t1chi6WlnQZLm0=,Medical,1,NA,0,0
50,yQZSAz5SSMczeGwI2t1chi6WlnQZLm0=,Medical,0,F,0,0
50,yQZSAz5SSMczeGwI2t1chi6WlnQZLm0=,Medical,0,NA,0,0
15,yQZSAz5SSMczeGwI2t1chi6WlnQZLm0=,Medical,1,NA,0,0
75,yQZSAz5SSMczeGwI2t1chi6WlnQZLm0=,Medical,0,F,0,0
200,yQZSAz5SSMczeGwI2t1chi6WlnQZLm0=,Medical,0,M,0,0
100,yQZSAz5SSMczeGwI2t1chi6WlnQZLm0=,Medical,0,M,0,0
50,yQZSAz5SSMczeGwI2t1chi6WlnQZLm0=,Medical,0,F,0,1
50,yQZSAz5SSMczeGwI2t1chi6WlnQZLm0=,Medical,0,F,0,0
200,yQZSAz5SSMczeGwI2t1chi6WlnQZLm0=,Medical,0,F,0,1
35,yQZSAz5SSMczeGwI2t1chi6WlnQZLm0=,Medical,0,NA,0,0
250,yQZSAz5SSMczeGwI2t1chi6WlnQZLm0=,Medical,1,NA,0,0
100,yQZSAz5SSMczeGwI2t1chi6WlnQZLm0=,Medical,0,NA,0,0
150,yQZSAz5SSMczeGwI2t1chi6WlnQZLm0=,Medical,0,NA,0,0
50,yQZSAz5SSMczeGwI2t1chi6WlnQZLm0=,Medical,0,F,0,0
500,yQZSAz5SSMczeGwI2t1chi6WlnQZLm0=,Medical,1,NA,0,0
100,yQZSAz5SSMczeGwI2t1chi6WlnQZLm0=,Medical,0,F,0,0
500,yQZSAz5SSMczeGwI2t1chi6WlnQZLm0=,Medical,0,NA,0,0
100,yQZSAz5SSMczeGwI2t1chi6WlnQZLm0=,Medical,0,F,0,0
500,yQZSAz5SSMczeGwI2t1chi6WlnQZLm0=,Medical,0,NA,0,0
25,yQZSAz5SSMczeGwI2t1chi6WlnQZLm0=,Medical,1,NA,0,0
300,yQZSAz5SSMczeGwI2t1chi6WlnQZLm0=,Medical,1,NA,0,0
50,yQZSAz5SSMczeGwI2t1chi6WlnQZLm0=,Medical,0,F,0,0
100,yQZSAz5SSMczeGwI2t1chi6WlnQZLm0=,Medical,0,F,0,0
100,yQZSAz5SSMczeGwI2t1chi6WlnQZLm0=,Medical,0,M,0,0
40,yQZSAz5SSMczeGwI2t1chi6WlnQZLm0=,Medical,0,F,0,0
50,yQZSAz5SSMczeGwI2t1chi6WlnQZLm0=,Medical,1,NA,0,0
50,yQZSAz5SSMczeGwI2t1chi6WlnQZLm0=,Medical,1,NA,0,0
50,yQZSAz5SSMczeGwI2t1chi6WlnQZLm0=,Medical,0,NA,0,0
20,yQZSAz5SSMczeGwI2t1chi6WlnQZLm0=,Medical,0,M,0,0
100,yQZSAz5SSMczeGwI2t1chi6WlnQZLm0=,Medical,0,F,0,0
100,yQZSAz5SSMczeGwI2t1chi6WlnQZLm0=,Medical,0,NA,0,0
20,yQZSAz5SSMczeGwI2t1chi6WlnQZLm0=,Medical,0,F,0,0
50,yQZSAz5SSMczeGwI2t1chi6WlnQZLm0=,Medical,0,NA,0,0
50,yQZSAz5SSMczeGwI2t1chi6WlnQZLm0=,Medical,0,F,0,0
50,yQZSAz5SSMczeGwI2t1chi6WlnQZLm0=,Medical,0,F,0,0
250,yQZSAz5SSMczeGwI2t1chi6WlnQZLm0=,Medical,0,NA,0,0
50,yQZSAz5SSMczeGwI2t1chi6WlnQZLm0=,Medical,0,F,0,0
100,yQZSAz5SSMczeGwI2t1chi6WlnQZLm0=,Medical,0,NA,0,0
100,yQZSAz5SSMczeGwI2t1chi6WlnQZLm0=,Medical,0,F,0,0
40,yQZSAz5SSMczeGwI2t1chi6WlnQZLm0=,Medical,0,NA,0,0
100,yQZSAz5SSMczeGwI2t1chi6WlnQZLm0=,Medical,0,F,0,0
50,yQZSAz5SSMczeGwI2t1chi6WlnQZLm0=,Medical,0,M,0,0
100,yQZSAz5SSMczeGwI2t1chi6WlnQZLm0=,Medical,0,M,0,0
500,yQZSAz5SSMczeGwI2t1chi6WlnQZLm0=,Medical,0,NA,0,0
100,yQZSAz5SSMczeGwI2t1chi6WlnQZLm0=,Medical,1,NA,0,0
200,yQZSAz5SSMczeGwI2t1chi6WlnQZLm0=,Medical,0,NA,0,0
50,yQZSAz5SSMczeGwI2t1chi6WlnQZLm0=,Medical,0,F,0,0
50,yQZSAz5SSMczeGwI2t1chi6WlnQZLm0=,Medical,0,NA,0,0
50,yQZSAz5SSMczeGwI2t1chi6WlnQZLm0=,Medical,0,NA,0,0
50,yQZSAz5SSMczeGwI2t1chi6WlnQZLm0=,Medical,0,NA,0,0
50,yQZSAz5SSMczeGwI2t1chi6WlnQZLm0=,Medical,1,NA,0,0
50,yQZSAz5SSMczeGwI2t1chi6WlnQZLm0=,Medical,1,NA,0,0
50,yQZSAz5SSMczeGwI2t1chi6WlnQZLm0=,Medical,0,F,0,0
50,yQZSAz5SSMczeGwI2t1chi6WlnQZLm0=,Medical,1,NA,0,0
40,yQZSAz5SSMczeGwI2t1chi6WlnQZLm0=,Medical,0,M,0,0
50,yQZSAz5SSMczeGwI2t1chi6WlnQZLm0=,Medical,0,NA,0,0
100,yQZSAz5SSMczeGwI2t1chi6WlnQZLm0=,Medical,1,NA,0,0
200,yQZSAz5SSMczeGwI2t1chi6WlnQZLm0=,Medical,1,NA,0,0
200,yQZSAz5SSMczeGwI2t1chi6WlnQZLm0=,Medical,1,NA,0,0
25,yQZSAz5SSMczeGwI2t1chi6WlnQZLm0=,Medical,0,F,0,0
100,yQZSAz5SSMczeGwI2t1chi6WlnQZLm0=,Medical,0,NA,0,0
50,yQZSAz5SSMczeGwI2t1chi6WlnQZLm0=,Medical,0,NA,0,0
75,yQZSAz5SSMczeGwI2t1chi6WlnQZLm0=,Medical,0,NA,0,0
1000,yQZSAz5SSMczeGwI2t1chi6WlnQZLm0=,Medical,0,M,0,0
500,yQZSAz5SSMczeGwI2t1chi6WlnQZLm0=,Medical,0,M,0,0
100,yQZSAz5SSMczeGwI2t1chi6WlnQZLm0=,Medical,1,NA,0,0
100,yQZSAz5SSMczeGwI2t1chi6WlnQZLm0=,Medical,1,NA,0,0
75,yQZSAz5SSMczeGwI2t1chi6WlnQZLm0=,Medical,1,NA,0,0
50,yQZSAz5SSMczeGwI2t1chi6WlnQZLm0=,Medical,0,NA,0,0
1000,yQZSAz5SSMczeGwI2t1chi6WlnQZLm0=,Medical,0,M,0,0
200,yQZSAz5SSMczeGwI2t1chi6WlnQZLm0=,Medical,0,M,0,0
100,yQZSAz5SSMczeGwI2t1chi6WlnQZLm0=,Medical,1,NA,0,0
25,yQZSAz5SSMczeGwI2t1chi6WlnQZLm0=,Medical,0,F,0,0
25,yQZSAz5SSMczeGwI2t1chi6WlnQZLm0=,Medical,0,NA,0,0
100,yQZSAz5SSMczeGwI2t1chi6WlnQZLm0=,Medical,0,F,0,0
100,yQZSAz5SSMczeGwI2t1chi6WlnQZLm0=,Medical,0,M,0,0
200,yQZSAz5SSMczeGwI2t1chi6WlnQZLm0=,Medical,1,NA,0,0
500,yQZSAz5SSMczeGwI2t1chi6WlnQZLm0=,Medical,0,F,0,0
100,yQZSAz5SSMczeGwI2t1chi6WlnQZLm0=,Medical,0,NA,0,0
100,yQZSAz5SSMczeGwI2t1chi6WlnQZLm0=,Medical,0,F,0,0
50,yQZSAz5SSMczeGwI2t1chi6WlnQZLm0=,Medical,0,F,0,0
100,yQZSAz5SSMczeGwI2t1chi6WlnQZLm0=,Medical,0,F,0,0
100,yQZSAz5SSMczeGwI2t1chi6WlnQZLm0=,Medical,0,NA,0,0
500,yQZSAz5SSMczeGwI2t1chi6WlnQZLm0=,Medical,0,F,0,0
100,yQZSAz5SSMczeGwI2t1chi6WlnQZLm0=,Medical,1,NA,0,0
150,yQZSAz5SSMczeGwI2t1chi6WlnQZLm0=,Medical,0,NA,0,0
50,yQZSAz5SSMczeGwI2t1chi6WlnQZLm0=,Medical,0,F,0,0
50,yQZSAz5SSMczeGwI2t1chi6WlnQZLm0=,Medical,0,F,0,0
50,yQZSAz5SSMczeGwI2t1chi6WlnQZLm0=,Medical,0,M,0,0
25,yQZSAz5SSMczeGwI2t1chi6WlnQZLm0=,Medical,1,NA,0,0
400,yQZSAz5SSMczeGwI2t1chi6WlnQZLm0=,Medical,1,NA,0,0
25,yQZSAz5SSMczeGwI2t1chi6WlnQZLm0=,Medical,0,F,0,0
50,yQZSAz5SSMczeGwI2t1chi6WlnQZLm0=,Medical,1,NA,0,0
20,yQZSAz5SSMczeGwI2t1chi6WlnQZLm0=,Medical,0,M,0,0
250,yQZSAz5SSMczeGwI2t1chi6WlnQZLm0=,Medical,0,F,0,0
100,yQZSAz5SSMczeGwI2t1chi6WlnQZLm0=,Medical,0,M,0,0
500,yQZSAz5SSMczeGwI2t1chi6WlnQZLm0=,Medical,0,NA,0,0
50,yQZSAz5SSMczeGwI2t1chi6WlnQZLm0=,Medical,0,F,0,0
100,yQZSAz5SSMczeGwI2t1chi6WlnQZLm0=,Medical,0,M,0,1
50,yQZSAz5SSMczeGwI2t1chi6WlnQZLm0=,Medical,0,F,0,0
150,yQZSAz5SSMczeGwI2t1chi6WlnQZLm0=,Medical,0,NA,0,0
40,yQZSAz5SSMczeGwI2t1chi6WlnQZLm0=,Medical,0,F,0,0
40,yQZSAz5SSMczeGwI2t1chi6WlnQZLm0=,Medical,0,NA,0,0
50,yQZSAz5SSMczeGwI2t1chi6WlnQZLm0=,Medical,0,F,0,0
50,yQZSAz5SSMczeGwI2t1chi6WlnQZLm0=,Medical,0,F,0,0
50,yQZSAz5SSMczeGwI2t1chi6WlnQZLm0=,Medical,0,F,0,0
50,yQZSAz5SSMczeGwI2t1chi6WlnQZLm0=,Medical,0,F,0,0
50,yQZSAz5SSMczeGwI2t1chi6WlnQZLm0=,Medical,0,F,0,0
25,yQZSAz5SSMczeGwI2t1chi6WlnQZLm0=,Medical,0,F,0,0
100,yQZSAz5SSMczeGwI2t1chi6WlnQZLm0=,Medical,0,M,0,0
100,yQZSAz5SSMczeGwI2t1chi6WlnQZLm0=,Medical,0,F,0,0
100,yQZSAz5SSMczeGwI2t1chi6WlnQZLm0=,Medical,1,NA,0,0
25,yQZSAz5SSMczeGwI2t1chi6WlnQZLm0=,Medical,0,NA,0,0
25,yQZSAz5SSMczeGwI2t1chi6WlnQZLm0=,Medical,1,NA,0,0
50,yQZSAz5SSMczeGwI2t1chi6WlnQZLm0=,Medical,0,F,0,0
50,yQZSAz5SSMczeGwI2t1chi6WlnQZLm0=,Medical,0,NA,0,0
15,yQZSAz5SSMczeGwI2t1chi6WlnQZLm0=,Medical,1,NA,0,0
75,yQZSAz5SSMczeGwI2t1chi6WlnQZLm0=,Medical,0,F,0,0
200,yQZSAz5SSMczeGwI2t1chi6WlnQZLm0=,Medical,0,M,0,0
100,yQZSAz5SSMczeGwI2t1chi6WlnQZLm0=,Medical,0,M,0,0
50,yQZSAz5SSMczeGwI2t1chi6WlnQZLm0=,Medical,0,F,0,1
50,yQZSAz5SSMczeGwI2t1chi6WlnQZLm0=,Medical,0,F,0,0
200,yQZSAz5SSMczeGwI2t1chi6WlnQZLm0=,Medical,0,F,0,1
35,yQZSAz5SSMczeGwI2t1chi6WlnQZLm0=,Medical,0,NA,0,0
250,yQZSAz5SSMczeGwI2t1chi6WlnQZLm0=,Medical,1,NA,0,0
100,yQZSAz5SSMczeGwI2t1chi6WlnQZLm0=,Medical,0,NA,0,0
150,yQZSAz5SSMczeGwI2t1chi6WlnQZLm0=,Medical,0,NA,0,0
50,yQZSAz5SSMczeGwI2t1chi6WlnQZLm0=,Medical,0,F,0,0
500,yQZSAz5SSMczeGwI2t1chi6WlnQZLm0=,Medical,1,NA,0,0
100,yQZSAz5SSMczeGwI2t1chi6WlnQZLm0=,Medical,0,F,0,1
500,yQZSAz5SSMczeGwI2t1chi6WlnQZLm0=,Medical,1,NA,0,0
100,yQZSAz5SSMczeGwI2t1chi6WlnQZLm0=,Medical,0,NA,0,0
50,yQZSAz5SSMczeGwI2t1chi6WlnQZLm0=,Medical,0,F,0,0
50,yQZSAz5SSMczeGwI2t1chi6WlnQZLm0=,Medical,0,F,0,0
100,yQZSAz5SSMczeGwI2t1chi6WlnQZLm0=,Medical,0,F,0,0
50,yQZSAz5SSMczeGwI2t1chi6WlnQZLm0=,Medical,0,NA,0,0
25,yQZSAz5SSMczeGwI2t1chi6WlnQZLm0=,Medical,0,NA,0,0
50,yQZSAz5SSMczeGwI2t1chi6WlnQZLm0=,Medical,0,F,0,0
100,yQZSAz5SSMczeGwI2t1chi6WlnQZLm0=,Medical,0,NA,0,0
100,yQZSAz5SSMczeGwI2t1chi6WlnQZLm0=,Medical,0,NA,0,0
100,yQZSAz5SSMczeGwI2t1chi6WlnQZLm0=,Medical,0,F,0,0
50,yQZSAz5SSMczeGwI2t1chi6WlnQZLm0=,Medical,0,F,0,0
40,yQZSAz5SSMczeGwI2t1chi6WlnQZLm0=,Medical,0,F,0,0
100,yQZSAz5SSMczeGwI2t1chi6WlnQZLm0=,Medical,0,F,0,0
50,yQZSAz5SSMczeGwI2t1chi6WlnQZLm0=,Medical,0,NA,0,0
50,yQZSAz5SSMczeGwI2t1chi6WlnQZLm0=,Medical,0,F,0,0
200,yQZSAz5SSMczeGwI2t1chi6WlnQZLm0=,Medical,0,NA,0,0
100,yQZSAz5SSMczeGwI2t1chi6WlnQZLm0=,Medical,0,M,0,0
50,yQZSAz5SSMczeGwI2t1chi6WlnQZLm0=,Medical,0,F,0,0
25,yQZSAz5SSMczeGwI2t1chi6WlnQZLm0=,Medical,0,F,0,0
50,yQZSAz5SSMczeGwI2t1chi6WlnQZLm0=,Medical,0,F,0,0
50,yQZSAz5SSMczeGwI2t1chi6WlnQZLm0=,Medical,0,F,0,0
100,yQZSAz5SSMczeGwI2t1chi6WlnQZLm0=,Medical,1,NA,0,0
100,yQZSAz5SSMczeGwI2t1chi6WlnQZLm0=,Medical,0,NA,0,0
200,yQZSAz5SSMczeGwI2t1chi6WlnQZLm0=,Medical,1,NA,0,0
25,yQZSAz5SSMczeGwI2t1chi6WlnQZLm0=,Medical,0,NA,0,0
100,yQZSAz5SSMczeGwI2t1chi6WlnQZLm0=,Medical,1,NA,0,0
50,yQZSAz5SSMczeGwI2t1chi6WlnQZLm0=,Medical,0,F,0,0
100,yQZSAz5SSMczeGwI2t1chi6WlnQZLm0=,Medical,0,F,0,1
50,yQZSAz5SSMczeGwI2t1chi6WlnQZLm0=,Medical,0,F,0,0
100,yQZSAz5SSMczeGwI2t1chi6WlnQZLm0=,Medical,1,NA,0,0
100,yQZSAz5SSMczeGwI2t1chi6WlnQZLm0=,Medical,0,NA,0,0
25,yQZSAz5SSMczeGwI2t1chi6WlnQZLm0=,Medical,0,F,0,0
100,yQZSAz5SSMczeGwI2t1chi6WlnQZLm0=,Medical,0,NA,0,0
200,yQZSAz5SSMczeGwI2t1chi6WlnQZLm0=,Medical,0,NA,0,0
100,yQZSAz5SSMczeGwI2t1chi6WlnQZLm0=,Medical,0,NA,0,0
100,yQZSAz5SSMczeGwI2t1chi6WlnQZLm0=,Medical,1,NA,0,0
100,yQZSAz5SSMczeGwI2t1chi6WlnQZLm0=,Medical,0,F,0,0
100,yQZSAz5SSMczeGwI2t1chi6WlnQZLm0=,Medical,1,NA,0,0
200,yQZSAz5SSMczeGwI2t1chi6WlnQZLm0=,Medical,0,NA,0,0
50,yQZSAz5SSMczeGwI2t1chi6WlnQZLm0=,Medical,0,F,0,0
50,yQZSAz5SSMczeGwI2t1chi6WlnQZLm0=,Medical,1,NA,0,0
50,yQZSAz5SSMczeGwI2t1chi6WlnQZLm0=,Medical,0,F,0,0
25,yQZSAz5SSMczeGwI2t1chi6WlnQZLm0=,Medical,1,NA,0,0
25,yQZSAz5SSMczeGwI2t1chi6WlnQZLm0=,Medical,0,F,0,0
40,yQZSAz5SSMczeGwI2t1chi6WlnQZLm0=,Medical,0,NA,0,0
25,yQZSAz5SSMczeGwI2t1chi6WlnQZLm0=,Medical,0,F,0,0
25,yQZSAz5SSMczeGwI2t1chi6WlnQZLm0=,Medical,0,F,0,0
50,yQZSAz5SSMczeGwI2t1chi6WlnQZLm0=,Medical,0,NA,0,0
25,yQZSAz5SSMczeGwI2t1chi6WlnQZLm0=,Medical,1,NA,0,0
300,yQZSAz5SSMczeGwI2t1chi6WlnQZLm0=,Medical,1,NA,0,0
500,yQZSAz5SSMczeGwI2t1chi6WlnQZLm0=,Medical,1,NA,0,0
100,yQZSAz5SSMczeGwI2t1chi6WlnQZLm0=,Medical,0,NA,0,0
50,yQZSAz5SSMczeGwI2t1chi6WlnQZLm0=,Medical,0,F,0,0
100,yQZSAz5SSMczeGwI2t1chi6WlnQZLm0=,Medical,0,F,0,0
50,yQZSAz5SSMczeGwI2t1chi6WlnQZLm0=,Medical,0,M,0,0
100,yQZSAz5SSMczeGwI2t1chi6WlnQZLm0=,Medical,0,F,0,0
50,yQZSAz5SSMczeGwI2t1chi6WlnQZLm0=,Medical,0,F,0,0
50,yQZSAz5SSMczeGwI2t1chi6WlnQZLm0=,Medical,0,F,0,0
50,yQZSAz5SSMczeGwI2t1chi6WlnQZLm0=,Medical,0,F,0,0
50,yQZSAz5SSMczeGwI2t1chi6WlnQZLm0=,Medical,0,F,0,0
100,yQZSAz5SSMczeGwI2t1chi6WlnQZLm0=,Medical,0,NA,0,0
50,yQZSAz5SSMczeGwI2t1chi6WlnQZLm0=,Medical,0,F,0,0
25,yQZSAz5SSMczeGwI2t1chi6WlnQZLm0=,Medical,0,F,0,0
50,yQZSAz5SSMczeGwI2t1chi6WlnQZLm0=,Medical,0,NA,0,0
50,yQZSAz5SSMczeGwI2t1chi6WlnQZLm0=,Medical,0,NA,0,0
100,yQZSAz5SSMczeGwI2t1chi6WlnQZLm0=,Medical,0,F,0,0
50,yQZSAz5SSMczeGwI2t1chi6WlnQZLm0=,Medical,0,NA,0,0
50,yQZSAz5SSMczeGwI2t1chi6WlnQZLm0=,Medical,0,NA,0,0
150,yQZSAz5SSMczeGwI2t1chi6WlnQZLm0=,Medical,1,NA,0,0
50,yQZSAz5SSMczeGwI2t1chi6WlnQZLm0=,Medical,0,F,0,0
100,yQZSAz5SSMczeGwI2t1chi6WlnQZLm0=,Medical,1,NA,0,0
100,yQZSAz5SSMczeGwI2t1chi6WlnQZLm0=,Medical,0,F,0,0
50,yQZSAz5SSMczeGwI2t1chi6WlnQZLm0=,Medical,0,F,0,0
15,yQZSAz5SSMczeGwI2t1chi6WlnQZLm0=,Medical,0,F,0,0
35,yQZSAz5SSMczeGwI2t1chi6WlnQZLm0=,Medical,0,F,0,0
50,yQZSAz5SSMczeGwI2t1chi6WlnQZLm0=,Medical,0,M,0,0
100,yQZSAz5SSMczeGwI2t1chi6WlnQZLm0=,Medical,1,NA,0,0
100,yQZSAz5SSMczeGwI2t1chi6WlnQZLm0=,Medical,0,NA,0,0
50,yQZSAz5SSMczeGwI2t1chi6WlnQZLm0=,Medical,0,F,0,0
50,yQZSAz5SSMczeGwI2t1chi6WlnQZLm0=,Medical,0,F,0,0
60,yQZSAz5SSMczeGwI2t1chi6WlnQZLm0=,Medical,1,NA,0,0
50,yQZSAz5SSMczeGwI2t1chi6WlnQZLm0=,Medical,1,NA,0,0
10,yQZSAz5SSMczeGwI2t1chi6WlnQZLm0=,Medical,0,F,0,0
25,yQZSAz5SSMczeGwI2t1chi6WlnQZLm0=,Medical,1,NA,0,0
100,yQZSAz5SSMczeGwI2t1chi6WlnQZLm0=,Medical,1,NA,0,0
100,yQZSAz5SSMczeGwI2t1chi6WlnQZLm0=,Medical,0,NA,0,0
50,yQZSAz5SSMczeGwI2t1chi6WlnQZLm0=,Medical,0,F,0,0
50,yQZSAz5SSMczeGwI2t1chi6WlnQZLm0=,Medical,0,F,0,0
60,yQZSAz5SSMczeGwI2t1chi6WlnQZLm0=,Medical,1,NA,0,0
50,yQZSAz5SSMczeGwI2t1chi6WlnQZLm0=,Medical,1,NA,0,0
10,yQZSAz5SSMczeGwI2t1chi6WlnQZLm0=,Medical,0,F,0,0
25,yQZSAz5SSMczeGwI2t1chi6WlnQZLm0=,Medical,1,NA,0,0
50,yQZSAz5SSMczeGwI2t1chi6WlnQZLm0=,Medical,0,F,0,0
50,yQZSAz5SSMczeGwI2t1chi6WlnQZLm0=,Medical,0,F,0,0
50,yQZSAz5SSMczeGwI2t1chi6WlnQZLm0=,Medical,0,F,0,0
50,yQZSAz5SSMczeGwI2t1chi6WlnQZLm0=,Medical,0,F,0,0
100,yQZSAz5SSMczeGwI2t1chi6WlnQZLm0=,Medical,0,NA,0,0
50,yQZSAz5SSMczeGwI2t1chi6WlnQZLm0=,Medical,0,F,0,0
25,yQZSAz5SSMczeGwI2t1chi6WlnQZLm0=,Medical,0,F,0,0
50,yQZSAz5SSMczeGwI2t1chi6WlnQZLm0=,Medical,0,NA,0,0
50,yQZSAz5SSMczeGwI2t1chi6WlnQZLm0=,Medical,0,NA,0,0
100,yQZSAz5SSMczeGwI2t1chi6WlnQZLm0=,Medical,0,F,0,0
50,yQZSAz5SSMczeGwI2t1chi6WlnQZLm0=,Medical,0,NA,0,0
50,yQZSAz5SSMczeGwI2t1chi6WlnQZLm0=,Medical,0,NA,0,0
100,yQZSAz5SSMczeGwI2t1chi6WlnQZLm0=,Medical,0,F,0,0
50,yQZSAz5SSMczeGwI2t1chi6WlnQZLm0=,Medical,0,F,0,0
100,yQZSAz5SSMczeGwI2t1chi6WlnQZLm0=,Medical,1,NA,0,0
100,yQZSAz5SSMczeGwI2t1chi6WlnQZLm0=,Medical,0,F,0,0
50,yQZSAz5SSMczeGwI2t1chi6WlnQZLm0=,Medical,0,F,0,0
15,yQZSAz5SSMczeGwI2t1chi6WlnQZLm0=,Medical,0,F,0,0
35,yQZSAz5SSMczeGwI2t1chi6WlnQZLm0=,Medical,0,F,0,0
50,yQZSAz5SSMczeGwI2t1chi6WlnQZLm0=,Medical,0,M,0,0
150,yQZSAz5SSMczeGwI2t1chi6WlnQZLm0=,Medical,1,NA,0,0
50,uEeU3BhEusMxNoRmV377xS6WlnQDZ3Qu,Creative,0,F,0,0
100,uEeU3BhEusMxNoRmV377xS6WlnQDZ3Qu,Creative,0,F,0,0
140,uEeU3BhEusMxNoRmV377xS6WlnQDZ3Qu,Creative,0,F,0,0
100,uEeU3BhEusMxNoRmV377xS6WlnQDZ3Qu,Creative,0,F,0,0
50,uEeU3BhEusMxNoRmV377xS6WlnQDZ3Qu,Creative,0,F,0,0
100,uEeU3BhEusMxNoRmV377xS6WlnQDZ3Qu,Creative,1,NA,0,0
50,uEeU3BhEusMxNoRmV377xS6WlnQDZ3Qu,Creative,0,M,0,0
25,uEeU3BhEusMxNoRmV377xS6WlnQDZ3Qu,Creative,0,F,0,0
50,uEeU3BhEusMxNoRmV377xS6WlnQDZ3Qu,Creative,0,NA,1,0
100,uEeU3BhEusMxNoRmV377xS6WlnQDZ3Qu,Creative,0,F,0,0
50,uEeU3BhEusMxNoRmV377xS6WlnQDZ3Qu,Creative,0,M,0,0
25,uEeU3BhEusMxNoRmV377xS6WlnQDZ3Qu,Creative,0,M,0,0
50,uEeU3BhEusMxNoRmV377xS6WlnQDZ3Qu,Creative,0,M,1,0
50,uEeU3BhEusMxNoRmV377xS6WlnQDZ3Qu,Creative,0,F,0,0
100,uEeU3BhEusMxNoRmV377xS6WlnQDZ3Qu,Creative,0,NA,0,0
50,uEeU3BhEusMxNoRmV377xS6WlnQDZ3Qu,Creative,0,F,0,0
100,wfLSXvVhUtruvsLkWLUU+y6WlmVNbWd9,Alberta Fires,1,NA,0,0
100,wfLSXvVhUtruvsLkWLUU+y6WlmVNbWd9,Alberta Fires,0,M,0,0
50,wfLSXvVhUtruvsLkWLUU+y6WlmVNbWd9,Alberta Fires,0,F,0,0
50,wfLSXvVhUtruvsLkWLUU+y6WlmVNbWd9,Alberta Fires,0,F,0,0
50,wfLSXvVhUtruvsLkWLUU+y6WlmVNbWd9,Alberta Fires,0,M,0,0
250,wfLSXvVhUtruvsLkWLUU+y6WlmVNbWd9,Alberta Fires,0,M,0,0
50,wfLSXvVhUtruvsLkWLUU+y6WlmVNbWd9,Alberta Fires,0,M,0,0
20,wfLSXvVhUtruvsLkWLUU+y6WlmVNbWd9,Alberta Fires,0,F,0,0
100,wfLSXvVhUtruvsLkWLUU+y6WlmVNbWd9,Alberta Fires,0,M,0,0
100,O41C42i0t/24zI9H51QGqC6WlXcYJXA9,Medical,0,NA,0,0
50,O41C42i0t/24zI9H51QGqC6WlXcYJXA9,Medical,0,NA,0,0
100,O41C42i0t/24zI9H51QGqC6WlXcYJXA9,Medical,0,F,0,0
200,O41C42i0t/24zI9H51QGqC6WlXcYJXA9,Medical,0,M,0,0
60,O41C42i0t/24zI9H51QGqC6WlXcYJXA9,Medical,0,F,0,1
50,O41C42i0t/24zI9H51QGqC6WlXcYJXA9,Medical,0,F,0,0
20,O41C42i0t/24zI9H51QGqC6WlXcYJXA9,Medical,0,M,0,0
100,O41C42i0t/24zI9H51QGqC6WlXcYJXA9,Medical,0,M,0,0
50,O41C42i0t/24zI9H51QGqC6WlXcYJXA9,Medical,1,NA,0,0
50,O41C42i0t/24zI9H51QGqC6WlXcYJXA9,Medical,0,M,0,0
100,O41C42i0t/24zI9H51QGqC6WlXcYJXA9,Medical,0,M,0,0
100,O41C42i0t/24zI9H51QGqC6WlXcYJXA9,Medical,0,F,0,0
25,O41C42i0t/24zI9H51QGqC6WlXcYJXA9,Medical,0,NA,0,0
50,O41C42i0t/24zI9H51QGqC6WlXcYJXA9,Medical,0,NA,0,0
50,O41C42i0t/24zI9H51QGqC6WlXcYJXA9,Medical,1,NA,0,0
200,O41C42i0t/24zI9H51QGqC6WlXcYJXA9,Medical,0,M,0,0
25,O41C42i0t/24zI9H51QGqC6WlXcYJXA9,Medical,0,M,0,0
250,O41C42i0t/24zI9H51QGqC6WlXcYJXA9,Medical,0,M,0,0
50,O41C42i0t/24zI9H51QGqC6WlXcYJXA9,Medical,0,F,0,0
100,O41C42i0t/24zI9H51QGqC6WlXcYJXA9,Medical,0,NA,0,0
200,O41C42i0t/24zI9H51QGqC6WlXcYJXA9,Medical,1,NA,0,0
40,O41C42i0t/24zI9H51QGqC6WlXcYJXA9,Medical,0,M,0,0
45,O41C42i0t/24zI9H51QGqC6WlXcYJXA9,Medical,0,F,0,0
50,O41C42i0t/24zI9H51QGqC6WlXcYJXA9,Medical,0,NA,0,0
50,O41C42i0t/24zI9H51QGqC6WlXcYJXA9,Medical,0,F,0,0
50,O41C42i0t/24zI9H51QGqC6WlXcYJXA9,Medical,1,NA,0,0
50,O41C42i0t/24zI9H51QGqC6WlXcYJXA9,Medical,0,F,0,0
100,O41C42i0t/24zI9H51QGqC6WlXcYJXA9,Medical,0,F,0,0
50,O41C42i0t/24zI9H51QGqC6WlXcYJXA9,Medical,0,F,0,0
25,O41C42i0t/24zI9H51QGqC6WlXcYJXA9,Medical,0,F,0,0
25,O41C42i0t/24zI9H51QGqC6WlXcYJXA9,Medical,0,M,0,0
150,O41C42i0t/24zI9H51QGqC6WlXcYJXA9,Medical,0,NA,0,0
100,O41C42i0t/24zI9H51QGqC6WlXcYJXA9,Medical,0,M,0,0
150,O41C42i0t/24zI9H51QGqC6WlXcYJXA9,Medical,0,M,0,0
100,O41C42i0t/24zI9H51QGqC6WlXcYJXA9,Medical,0,M,1,0
150,O41C42i0t/24zI9H51QGqC6WlXcYJXA9,Medical,0,M,0,0
200,O41C42i0t/24zI9H51QGqC6WlXcYJXA9,Medical,0,F,0,0
50,O41C42i0t/24zI9H51QGqC6WlXcYJXA9,Medical,0,NA,0,1
50,O41C42i0t/24zI9H51QGqC6WlXcYJXA9,Medical,0,F,0,0
100,O41C42i0t/24zI9H51QGqC6WlXcYJXA9,Medical,0,F,0,0
50,O41C42i0t/24zI9H51QGqC6WlXcYJXA9,Medical,0,F,0,0
100,O41C42i0t/24zI9H51QGqC6WlXcYJXA9,Medical,0,F,0,0
200,O41C42i0t/24zI9H51QGqC6WlXcYJXA9,Medical,0,M,0,0
60,O41C42i0t/24zI9H51QGqC6WlXcYJXA9,Medical,0,F,0,1
50,O41C42i0t/24zI9H51QGqC6WlXcYJXA9,Medical,0,F,0,0
20,O41C42i0t/24zI9H51QGqC6WlXcYJXA9,Medical,0,M,0,0
100,O41C42i0t/24zI9H51QGqC6WlXcYJXA9,Medical,0,M,0,0
50,O41C42i0t/24zI9H51QGqC6WlXcYJXA9,Medical,1,NA,0,0
50,O41C42i0t/24zI9H51QGqC6WlXcYJXA9,Medical,0,M,0,0
100,O41C42i0t/24zI9H51QGqC6WlXcYJXA9,Medical,0,M,0,0
100,O41C42i0t/24zI9H51QGqC6WlXcYJXA9,Medical,0,F,0,0
25,O41C42i0t/24zI9H51QGqC6WlXcYJXA9,Medical,0,NA,0,0
100,O41C42i0t/24zI9H51QGqC6WlXcYJXA9,Medical,0,NA,0,0
50,O41C42i0t/24zI9H51QGqC6WlXcYJXA9,Medical,0,NA,0,0
200,O41C42i0t/24zI9H51QGqC6WlXcYJXA9,Medical,0,M,0,0
25,O41C42i0t/24zI9H51QGqC6WlXcYJXA9,Medical,0,M,0,0
250,O41C42i0t/24zI9H51QGqC6WlXcYJXA9,Medical,0,M,0,0
50,O41C42i0t/24zI9H51QGqC6WlXcYJXA9,Medical,0,F,0,0
100,O41C42i0t/24zI9H51QGqC6WlXcYJXA9,Medical,0,NA,0,0
200,O41C42i0t/24zI9H51QGqC6WlXcYJXA9,Medical,1,NA,0,0
40,O41C42i0t/24zI9H51QGqC6WlXcYJXA9,Medical,0,M,0,0
45,O41C42i0t/24zI9H51QGqC6WlXcYJXA9,Medical,0,F,0,0
50,O41C42i0t/24zI9H51QGqC6WlXcYJXA9,Medical,0,NA,0,0
50,O41C42i0t/24zI9H51QGqC6WlXcYJXA9,Medical,0,F,0,0
50,O41C42i0t/24zI9H51QGqC6WlXcYJXA9,Medical,1,NA,0,0
50,O41C42i0t/24zI9H51QGqC6WlXcYJXA9,Medical,0,NA,0,0
50,O41C42i0t/24zI9H51QGqC6WlXcYJXA9,Medical,1,NA,0,0
50,O41C42i0t/24zI9H51QGqC6WlXcYJXA9,Medical,1,NA,0,0
100,O41C42i0t/24zI9H51QGqC6WlXcYJXA9,Medical,0,M,0,0
50,O41C42i0t/24zI9H51QGqC6WlXcYJXA9,Medical,0,M,0,0
100,O41C42i0t/24zI9H51QGqC6WlXcYJXA9,Medical,1,NA,0,0
500,O41C42i0t/24zI9H51QGqC6WlXcYJXA9,Medical,0,F,1,0
10,O41C42i0t/24zI9H51QGqC6WlXcYJXA9,Medical,0,M,0,0
200,O41C42i0t/24zI9H51QGqC6WlXcYJXA9,Medical,0,M,1,0
50,O41C42i0t/24zI9H51QGqC6WlXcYJXA9,Medical,0,NA,0,1
20,O41C42i0t/24zI9H51QGqC6WlXcYJXA9,Medical,0,M,0,0
30,O41C42i0t/24zI9H51QGqC6WlXcYJXA9,Medical,0,M,0,0
25,O41C42i0t/24zI9H51QGqC6WlXcYJXA9,Medical,1,NA,0,0
50,O41C42i0t/24zI9H51QGqC6WlXcYJXA9,Medical,0,M,0,0
100,O41C42i0t/24zI9H51QGqC6WlXcYJXA9,Medical,0,F,0,0
25,O41C42i0t/24zI9H51QGqC6WlXcYJXA9,Medical,0,F,0,0
100,O41C42i0t/24zI9H51QGqC6WlXcYJXA9,Medical,0,F,0,0
80,O41C42i0t/24zI9H51QGqC6WlXcYJXA9,Medical,0,F,0,0
20,O41C42i0t/24zI9H51QGqC6WlXcYJXA9,Medical,0,F,0,0
25,O41C42i0t/24zI9H51QGqC6WlXcYJXA9,Medical,1,NA,0,0
100,O41C42i0t/24zI9H51QGqC6WlXcYJXA9,Medical,0,NA,0,0
25,O41C42i0t/24zI9H51QGqC6WlXcYJXA9,Medical,0,F,0,0
20,O41C42i0t/24zI9H51QGqC6WlXcYJXA9,Medical,0,F,0,0
20,O41C42i0t/24zI9H51QGqC6WlXcYJXA9,Medical,0,F,0,0
30,O41C42i0t/24zI9H51QGqC6WlXcYJXA9,Medical,0,M,0,0
100,O41C42i0t/24zI9H51QGqC6WlXcYJXA9,Medical,0,F,0,0
20,O41C42i0t/24zI9H51QGqC6WlXcYJXA9,Medical,0,F,0,0
20,O41C42i0t/24zI9H51QGqC6WlXcYJXA9,Medical,0,F,0,1
25,O41C42i0t/24zI9H51QGqC6WlXcYJXA9,Medical,0,M,0,1
100,O41C42i0t/24zI9H51QGqC6WlXcYJXA9,Medical,1,NA,0,0
20,O41C42i0t/24zI9H51QGqC6WlXcYJXA9,Medical,0,F,0,0
20,O41C42i0t/24zI9H51QGqC6WlXcYJXA9,Medical,0,NA,0,1
25,O41C42i0t/24zI9H51QGqC6WlXcYJXA9,Medical,0,F,0,0
50,O41C42i0t/24zI9H51QGqC6WlXcYJXA9,Medical,0,F,0,0
50,O41C42i0t/24zI9H51QGqC6WlXcYJXA9,Medical,0,M,0,0
50,O41C42i0t/24zI9H51QGqC6WlXcYJXA9,Medical,0,M,0,0
25,O41C42i0t/24zI9H51QGqC6WlXcYJXA9,Medical,0,F,0,0
50,O41C42i0t/24zI9H51QGqC6WlXcYJXA9,Medical,0,NA,0,0
10,O41C42i0t/24zI9H51QGqC6WlXcYJXA9,Medical,1,NA,0,0
10,O41C42i0t/24zI9H51QGqC6WlXcYJXA9,Medical,0,M,0,0
25,O41C42i0t/24zI9H51QGqC6WlXcYJXA9,Medical,0,F,0,0
10,O41C42i0t/24zI9H51QGqC6WlXcYJXA9,Medical,0,NA,0,0
100,O41C42i0t/24zI9H51QGqC6WlXcYJXA9,Medical,0,NA,0,0
25,O41C42i0t/24zI9H51QGqC6WlXcYJXA9,Medical,0,F,0,0
50,O41C42i0t/24zI9H51QGqC6WlXcYJXA9,Medical,1,NA,0,0
25,O41C42i0t/24zI9H51QGqC6WlXcYJXA9,Medical,0,M,0,1
20,O41C42i0t/24zI9H51QGqC6WlXcYJXA9,Medical,0,F,0,0
50,O41C42i0t/24zI9H51QGqC6WlXcYJXA9,Medical,1,NA,0,0
100,O41C42i0t/24zI9H51QGqC6WlXcYJXA9,Medical,0,NA,0,1
30,O41C42i0t/24zI9H51QGqC6WlXcYJXA9,Medical,0,NA,0,0
50,O41C42i0t/24zI9H51QGqC6WlXcYJXA9,Medical,1,NA,0,0
30,O41C42i0t/24zI9H51QGqC6WlXcYJXA9,Medical,1,NA,0,0
300,O41C42i0t/24zI9H51QGqC6WlXcYJXA9,Medical,0,NA,0,0
20,O41C42i0t/24zI9H51QGqC6WlXcYJXA9,Medical,0,F,0,0
20,O41C42i0t/24zI9H51QGqC6WlXcYJXA9,Medical,0,M,0,0
50,O41C42i0t/24zI9H51QGqC6WlXcYJXA9,Medical,0,M,0,0
20,O41C42i0t/24zI9H51QGqC6WlXcYJXA9,Medical,0,F,0,0
25,O41C42i0t/24zI9H51QGqC6WlXcYJXA9,Medical,0,M,0,0
20,O41C42i0t/24zI9H51QGqC6WlXcYJXA9,Medical,0,F,0,0
100,O41C42i0t/24zI9H51QGqC6WlXcYJXA9,Medical,0,NA,0,1
100,O41C42i0t/24zI9H51QGqC6WlXcYJXA9,Medical,0,F,0,0
20,O41C42i0t/24zI9H51QGqC6WlXcYJXA9,Medical,0,NA,0,0
50,O41C42i0t/24zI9H51QGqC6WlXcYJXA9,Medical,0,NA,0,0
50,O41C42i0t/24zI9H51QGqC6WlXcYJXA9,Medical,0,M,0,0
100,O41C42i0t/24zI9H51QGqC6WlXcYJXA9,Medical,1,NA,0,0
20,O41C42i0t/24zI9H51QGqC6WlXcYJXA9,Medical,0,M,0,0
25,O41C42i0t/24zI9H51QGqC6WlXcYJXA9,Medical,0,F,0,0
50,O41C42i0t/24zI9H51QGqC6WlXcYJXA9,Medical,0,F,0,0
20,O41C42i0t/24zI9H51QGqC6WlXcYJXA9,Medical,0,M,0,0
100,O41C42i0t/24zI9H51QGqC6WlXcYJXA9,Medical,0,F,0,0
200,O41C42i0t/24zI9H51QGqC6WlXcYJXA9,Medical,0,M,1,0
50,O41C42i0t/24zI9H51QGqC6WlXcYJXA9,Medical,0,F,0,0
100,O41C42i0t/24zI9H51QGqC6WlXcYJXA9,Medical,1,NA,0,0
50,O41C42i0t/24zI9H51QGqC6WlXcYJXA9,Medical,1,NA,0,0
40,O41C42i0t/24zI9H51QGqC6WlXcYJXA9,Medical,0,F,0,0
50,O41C42i0t/24zI9H51QGqC6WlXcYJXA9,Medical,0,M,0,0
50,O41C42i0t/24zI9H51QGqC6WlXcYJXA9,Medical,0,M,0,0
25,O41C42i0t/24zI9H51QGqC6WlXcYJXA9,Medical,0,F,0,1
50,O41C42i0t/24zI9H51QGqC6WlXcYJXA9,Medical,0,NA,0,0
100,O41C42i0t/24zI9H51QGqC6WlXcYJXA9,Medical,0,NA,0,0
50,O41C42i0t/24zI9H51QGqC6WlXcYJXA9,Medical,0,F,0,1
100,O41C42i0t/24zI9H51QGqC6WlXcYJXA9,Medical,0,M,0,0
200,O41C42i0t/24zI9H51QGqC6WlXcYJXA9,Medical,1,NA,0,0
50,O41C42i0t/24zI9H51QGqC6WlXcYJXA9,Medical,0,F,0,0
15,O41C42i0t/24zI9H51QGqC6WlXcYJXA9,Medical,0,M,0,0
500,O41C42i0t/24zI9H51QGqC6WlXcYJXA9,Medical,0,M,0,0
500,O41C42i0t/24zI9H51QGqC6WlXcYJXA9,Medical,0,M,0,0
100,O41C42i0t/24zI9H51QGqC6WlXcYJXA9,Medical,0,NA,0,0
50,O41C42i0t/24zI9H51QGqC6WlXcYJXA9,Medical,0,M,0,0
25,O41C42i0t/24zI9H51QGqC6WlXcYJXA9,Medical,1,NA,0,0
100,O41C42i0t/24zI9H51QGqC6WlXcYJXA9,Medical,0,NA,0,0
25,O41C42i0t/24zI9H51QGqC6WlXcYJXA9,Medical,0,F,0,0
20,O41C42i0t/24zI9H51QGqC6WlXcYJXA9,Medical,0,F,0,0
20,O41C42i0t/24zI9H51QGqC6WlXcYJXA9,Medical,0,F,0,0
30,O41C42i0t/24zI9H51QGqC6WlXcYJXA9,Medical,0,M,0,0
100,O41C42i0t/24zI9H51QGqC6WlXcYJXA9,Medical,0,F,0,0
20,O41C42i0t/24zI9H51QGqC6WlXcYJXA9,Medical,0,F,0,0
20,O41C42i0t/24zI9H51QGqC6WlXcYJXA9,Medical,0,F,0,1
25,O41C42i0t/24zI9H51QGqC6WlXcYJXA9,Medical,0,M,0,1
100,O41C42i0t/24zI9H51QGqC6WlXcYJXA9,Medical,1,NA,0,0
20,O41C42i0t/24zI9H51QGqC6WlXcYJXA9,Medical,0,F,0,0
20,O41C42i0t/24zI9H51QGqC6WlXcYJXA9,Medical,0,NA,0,1
25,O41C42i0t/24zI9H51QGqC6WlXcYJXA9,Medical,0,F,0,0
50,O41C42i0t/24zI9H51QGqC6WlXcYJXA9,Medical,0,F,0,0
50,O41C42i0t/24zI9H51QGqC6WlXcYJXA9,Medical,0,M,0,0
50,O41C42i0t/24zI9H51QGqC6WlXcYJXA9,Medical,0,M,0,0
25,O41C42i0t/24zI9H51QGqC6WlXcYJXA9,Medical,0,F,0,0
50,O41C42i0t/24zI9H51QGqC6WlXcYJXA9,Medical,0,NA,0,0
10,O41C42i0t/24zI9H51QGqC6WlXcYJXA9,Medical,1,NA,0,0
10,O41C42i0t/24zI9H51QGqC6WlXcYJXA9,Medical,0,M,0,0
25,O41C42i0t/24zI9H51QGqC6WlXcYJXA9,Medical,0,F,0,0
10,O41C42i0t/24zI9H51QGqC6WlXcYJXA9,Medical,0,NA,0,0
100,O41C42i0t/24zI9H51QGqC6WlXcYJXA9,Medical,0,NA,0,0
25,O41C42i0t/24zI9H51QGqC6WlXcYJXA9,Medical,0,F,0,0
50,O41C42i0t/24zI9H51QGqC6WlXcYJXA9,Medical,1,NA,0,0
25,O41C42i0t/24zI9H51QGqC6WlXcYJXA9,Medical,0,M,0,1
20,O41C42i0t/24zI9H51QGqC6WlXcYJXA9,Medical,0,F,0,0
50,O41C42i0t/24zI9H51QGqC6WlXcYJXA9,Medical,1,NA,0,0
100,O41C42i0t/24zI9H51QGqC6WlXcYJXA9,Medical,0,NA,0,1
30,O41C42i0t/24zI9H51QGqC6WlXcYJXA9,Medical,0,NA,0,0
50,O41C42i0t/24zI9H51QGqC6WlXcYJXA9,Medical,1,NA,0,0
30,O41C42i0t/24zI9H51QGqC6WlXcYJXA9,Medical,1,NA,0,0
300,O41C42i0t/24zI9H51QGqC6WlXcYJXA9,Medical,0,NA,0,0
20,O41C42i0t/24zI9H51QGqC6WlXcYJXA9,Medical,0,F,0,0
20,O41C42i0t/24zI9H51QGqC6WlXcYJXA9,Medical,0,M,0,0
50,O41C42i0t/24zI9H51QGqC6WlXcYJXA9,Medical,0,M,0,0
20,O41C42i0t/24zI9H51QGqC6WlXcYJXA9,Medical,0,F,0,0
25,O41C42i0t/24zI9H51QGqC6WlXcYJXA9,Medical,0,M,0,0
20,O41C42i0t/24zI9H51QGqC6WlXcYJXA9,Medical,0,F,0,0
100,O41C42i0t/24zI9H51QGqC6WlXcYJXA9,Medical,0,NA,0,1
100,O41C42i0t/24zI9H51QGqC6WlXcYJXA9,Medical,0,F,0,0
20,O41C42i0t/24zI9H51QGqC6WlXcYJXA9,Medical,0,NA,0,0
50,O41C42i0t/24zI9H51QGqC6WlXcYJXA9,Medical,0,NA,0,0
50,O41C42i0t/24zI9H51QGqC6WlXcYJXA9,Medical,0,M,0,0
100,O41C42i0t/24zI9H51QGqC6WlXcYJXA9,Medical,1,NA,0,0
20,O41C42i0t/24zI9H51QGqC6WlXcYJXA9,Medical,0,M,0,0
25,O41C42i0t/24zI9H51QGqC6WlXcYJXA9,Medical,0,F,0,0
50,O41C42i0t/24zI9H51QGqC6WlXcYJXA9,Medical,0,F,0,0
20,O41C42i0t/24zI9H51QGqC6WlXcYJXA9,Medical,0,M,0,0
100,O41C42i0t/24zI9H51QGqC6WlXcYJXA9,Medical,0,F,0,0
200,O41C42i0t/24zI9H51QGqC6WlXcYJXA9,Medical,0,M,1,0
50,O41C42i0t/24zI9H51QGqC6WlXcYJXA9,Medical,0,F,0,0
100,O41C42i0t/24zI9H51QGqC6WlXcYJXA9,Medical,1,NA,0,0
50,O41C42i0t/24zI9H51QGqC6WlXcYJXA9,Medical,1,NA,0,0
40,O41C42i0t/24zI9H51QGqC6WlXcYJXA9,Medical,0,F,0,0
50,O41C42i0t/24zI9H51QGqC6WlXcYJXA9,Medical,0,M,0,0
50,O41C42i0t/24zI9H51QGqC6WlXcYJXA9,Medical,0,M,0,0
25,O41C42i0t/24zI9H51QGqC6WlXcYJXA9,Medical,0,F,0,1
50,O41C42i0t/24zI9H51QGqC6WlXcYJXA9,Medical,0,NA,0,0
100,O41C42i0t/24zI9H51QGqC6WlXcYJXA9,Medical,0,NA,0,0
50,O41C42i0t/24zI9H51QGqC6WlXcYJXA9,Medical,0,F,0,1
100,O41C42i0t/24zI9H51QGqC6WlXcYJXA9,Medical,0,M,0,0
200,O41C42i0t/24zI9H51QGqC6WlXcYJXA9,Medical,1,NA,0,0
50,O41C42i0t/24zI9H51QGqC6WlXcYJXA9,Medical,0,F,0,0
15,O41C42i0t/24zI9H51QGqC6WlXcYJXA9,Medical,0,M,0,0
500,O41C42i0t/24zI9H51QGqC6WlXcYJXA9,Medical,0,M,0,0
500,O41C42i0t/24zI9H51QGqC6WlXcYJXA9,Medical,0,M,0,0
100,O41C42i0t/24zI9H51QGqC6WlXcYJXA9,Medical,0,NA,0,0
50,O41C42i0t/24zI9H51QGqC6WlXcYJXA9,Medical,0,M,0,0
200,O41C42i0t/24zI9H51QGqC6WlXcYJXA9,Medical,0,M,1,0
50,O41C42i0t/24zI9H51QGqC6WlXcYJXA9,Medical,0,NA,0,1
20,O41C42i0t/24zI9H51QGqC6WlXcYJXA9,Medical,0,M,0,0
30,O41C42i0t/24zI9H51QGqC6WlXcYJXA9,Medical,0,M,0,0
25,O41C42i0t/24zI9H51QGqC6WlXcYJXA9,Medical,1,NA,0,0
50,O41C42i0t/24zI9H51QGqC6WlXcYJXA9,Medical,0,M,0,0
100,O41C42i0t/24zI9H51QGqC6WlXcYJXA9,Medical,0,F,0,0
25,O41C42i0t/24zI9H51QGqC6WlXcYJXA9,Medical,0,F,0,0
100,O41C42i0t/24zI9H51QGqC6WlXcYJXA9,Medical,0,F,0,0
80,O41C42i0t/24zI9H51QGqC6WlXcYJXA9,Medical,0,F,0,0
20,O41C42i0t/24zI9H51QGqC6WlXcYJXA9,Medical,0,F,0,0
100,O41C42i0t/24zI9H51QGqC6WlXcYJXA9,Medical,1,NA,0,0
500,O41C42i0t/24zI9H51QGqC6WlXcYJXA9,Medical,0,F,1,0
10,O41C42i0t/24zI9H51QGqC6WlXcYJXA9,Medical,0,M,0,0
100,O41C42i0t/24zI9H51QGqC6WlXcYJXA9,Medical,0,M,0,0
50,O41C42i0t/24zI9H51QGqC6WlXcYJXA9,Medical,0,M,0,0
50,O41C42i0t/24zI9H51QGqC6WlXcYJXA9,Medical,1,NA,0,0
25,LmnsIpxHoOotuJYBAvcjVy6WlXUZOXE=,Education,0,F,0,0
605,LmnsIpxHoOotuJYBAvcjVy6WlXUZOXE=,Education,0,F,0,0
50,LmnsIpxHoOotuJYBAvcjVy6WlXUZOXE=,Education,0,F,0,0
50,LmnsIpxHoOotuJYBAvcjVy6WlXUZOXE=,Education,0,NA,0,0
25,LmnsIpxHoOotuJYBAvcjVy6WlXUZOXE=,Education,0,M,0,0
20,LmnsIpxHoOotuJYBAvcjVy6WlXUZOXE=,Education,0,F,0,0
10,LmnsIpxHoOotuJYBAvcjVy6WlXUZOXE=,Education,0,F,0,0
50,LmnsIpxHoOotuJYBAvcjVy6WlXUZOXE=,Education,0,M,0,0
30,LmnsIpxHoOotuJYBAvcjVy6WlXUZOXE=,Education,0,F,0,0
50,LmnsIpxHoOotuJYBAvcjVy6WlXUZOXE=,Education,1,NA,0,0
50,LmnsIpxHoOotuJYBAvcjVy6WlXUZOXE=,Education,0,F,0,0
100,LmnsIpxHoOotuJYBAvcjVy6WlXUZOXE=,Education,0,F,0,0
50,LmnsIpxHoOotuJYBAvcjVy6WlXUZOXE=,Education,0,F,0,0
40,LmnsIpxHoOotuJYBAvcjVy6WlXUZOXE=,Education,0,NA,0,0
100,LmnsIpxHoOotuJYBAvcjVy6WlXUZOXE=,Education,0,M,0,0
50,LmnsIpxHoOotuJYBAvcjVy6WlXUZOXE=,Education,0,F,0,0
75,LmnsIpxHoOotuJYBAvcjVy6WlXUZOXE=,Education,0,NA,0,0
10,LmnsIpxHoOotuJYBAvcjVy6WlXUZOXE=,Education,0,F,0,0
50,LmnsIpxHoOotuJYBAvcjVy6WlXUZOXE=,Education,0,F,0,0
60,LmnsIpxHoOotuJYBAvcjVy6WlXUZOXE=,Education,0,M,0,0
25,LmnsIpxHoOotuJYBAvcjVy6WlXUZOXE=,Education,1,NA,0,0
25,LmnsIpxHoOotuJYBAvcjVy6WlXUZOXE=,Education,0,M,0,0
100,LmnsIpxHoOotuJYBAvcjVy6WlXUZOXE=,Education,0,F,0,0
100,1uxoE4UgniBaDy+eB+lvvi6WlWRPOD8+,NA,0,M,NA,0
25,1uxoE4UgniBaDy+eB+lvvi6WlWRPOD8+,NA,0,F,NA,0
200,1uxoE4UgniBaDy+eB+lvvi6WlWRPOD8+,NA,0,M,NA,0
100,1uxoE4UgniBaDy+eB+lvvi6WlWRPOD8+,NA,0,NA,NA,0
25,1uxoE4UgniBaDy+eB+lvvi6WlWRPOD8+,NA,0,M,NA,0
25,1uxoE4UgniBaDy+eB+lvvi6WlWRPOD8+,NA,0,F,NA,1
10,1uxoE4UgniBaDy+eB+lvvi6WlWRPOD8+,NA,0,F,NA,0
20,1uxoE4UgniBaDy+eB+lvvi6WlWRPOD8+,NA,0,NA,NA,0
100,1uxoE4UgniBaDy+eB+lvvi6WlWRPOD8+,NA,0,M,NA,0
20,1uxoE4UgniBaDy+eB+lvvi6WlWRPOD8+,NA,0,F,NA,0
30,1uxoE4UgniBaDy+eB+lvvi6WlWRPOD8+,NA,0,M,NA,0
50,1uxoE4UgniBaDy+eB+lvvi6WlWRPOD8+,NA,0,F,NA,0
10,1uxoE4UgniBaDy+eB+lvvi6WlWRPOD8+,NA,0,NA,NA,0
100,1uxoE4UgniBaDy+eB+lvvi6WlWRPOD8+,NA,0,NA,NA,0
25,1uxoE4UgniBaDy+eB+lvvi6WlWRPOD8+,NA,0,F,NA,1
50,1uxoE4UgniBaDy+eB+lvvi6WlWRPOD8+,NA,0,F,NA,0
25,1uxoE4UgniBaDy+eB+lvvi6WlWRPOD8+,NA,0,NA,NA,0
25,1uxoE4UgniBaDy+eB+lvvi6WlWRPOD8+,NA,0,F,NA,0
25,1uxoE4UgniBaDy+eB+lvvi6WlWRPOD8+,NA,0,F,NA,0
25,d6WM90J5A4NBEhsj+K/qdy6WlWUQZ3U=,Education,0,NA,NA,0
25,d6WM90J5A4NBEhsj+K/qdy6WlWUQZ3U=,Education,0,F,NA,0
5,/wsZ+/JVP4KIgvbZoCvYyi6WlWJIbXc6,Travel,0,F,1,0
50,/wsZ+/JVP4KIgvbZoCvYyi6WlWJIbXc6,Travel,0,NA,0,0
25,7bx5YAjh2U0FQXGdTzmu4C6WlHAOLTAi,Travel,0,M,0,0
35,7bx5YAjh2U0FQXGdTzmu4C6WlHAOLTAi,Travel,0,F,0,0
20,7bx5YAjh2U0FQXGdTzmu4C6WlHAOLTAi,Travel,0,M,0,0
10,7bx5YAjh2U0FQXGdTzmu4C6WlHAOLTAi,Travel,0,M,0,0
100,7bx5YAjh2U0FQXGdTzmu4C6WlHAOLTAi,Travel,0,F,0,0
15,7bx5YAjh2U0FQXGdTzmu4C6WlHAOLTAi,Travel,0,F,0,0
50,wyeWa2vGx5AoKx9STsOosC6WlH0DbGB/,Events,0,F,0,0
10,wyeWa2vGx5AoKx9STsOosC6WlH0DbGB/,Events,0,F,0,0
200,wyeWa2vGx5AoKx9STsOosC6WlH0DbGB/,Events,0,F,0,0
25,wyeWa2vGx5AoKx9STsOosC6WlH0DbGB/,Events,0,F,0,0
100,wyeWa2vGx5AoKx9STsOosC6WlH0DbGB/,Events,1,NA,0,0
10,wyeWa2vGx5AoKx9STsOosC6WlH0DbGB/,Events,1,NA,0,0
100,hcaWe37kL3gYSYEOpkLyaC6WlHgIJm0=,Travel,0,NA,0,0
9,hcaWe37kL3gYSYEOpkLyaC6WlHgIJm0=,Travel,0,M,0,0
20,hcaWe37kL3gYSYEOpkLyaC6WlHgIJm0=,Travel,0,F,0,0
33,hcaWe37kL3gYSYEOpkLyaC6WlHgIJm0=,Travel,0,M,0,0
20,hcaWe37kL3gYSYEOpkLyaC6WlHgIJm0=,Travel,1,NA,0,0
200,hcaWe37kL3gYSYEOpkLyaC6WlHgIJm0=,Travel,1,NA,0,0
17,hcaWe37kL3gYSYEOpkLyaC6WlHgIJm0=,Travel,1,NA,0,0
35,hcaWe37kL3gYSYEOpkLyaC6WlHgIJm0=,Travel,1,NA,0,0
50,hcaWe37kL3gYSYEOpkLyaC6WlHgIJm0=,Travel,0,NA,0,0
35,hcaWe37kL3gYSYEOpkLyaC6WlHgIJm0=,Travel,0,F,0,0
100,HHtqHajT4wwsk8cDL41qRy6WlGINLG0=,Family,0,NA,0,0
30,HHtqHajT4wwsk8cDL41qRy6WlGINLG0=,Family,1,NA,0,0
50,HHtqHajT4wwsk8cDL41qRy6WlGINLG0=,Family,0,M,0,0
100,HHtqHajT4wwsk8cDL41qRy6WlGINLG0=,Family,0,F,0,0
100,HHtqHajT4wwsk8cDL41qRy6WlGINLG0=,Family,1,NA,0,0
30,HHtqHajT4wwsk8cDL41qRy6WlGINLG0=,Family,0,NA,0,0
50,HHtqHajT4wwsk8cDL41qRy6WlGINLG0=,Family,0,NA,0,0
100,HHtqHajT4wwsk8cDL41qRy6WlGINLG0=,Family,1,NA,0,0
75,HHtqHajT4wwsk8cDL41qRy6WlGINLG0=,Family,0,NA,0,0
15,HHtqHajT4wwsk8cDL41qRy6WlGINLG0=,Family,0,NA,0,0
20,HHtqHajT4wwsk8cDL41qRy6WlGINLG0=,Family,0,F,0,0
25,HHtqHajT4wwsk8cDL41qRy6WlGINLG0=,Family,0,F,0,0
15,HHtqHajT4wwsk8cDL41qRy6WlGINLG0=,Family,1,NA,0,0
150,HHtqHajT4wwsk8cDL41qRy6WlGINLG0=,Family,0,F,0,0
55,HHtqHajT4wwsk8cDL41qRy6WlGINLG0=,Family,1,NA,0,0
100,HHtqHajT4wwsk8cDL41qRy6WlGINLG0=,Family,0,NA,0,0
50,HHtqHajT4wwsk8cDL41qRy6WlGINLG0=,Family,0,F,0,0
20,HHtqHajT4wwsk8cDL41qRy6WlGINLG0=,Family,0,F,0,0
25,HHtqHajT4wwsk8cDL41qRy6WlGINLG0=,Family,0,NA,0,0
100,HHtqHajT4wwsk8cDL41qRy6WlGINLG0=,Family,0,F,0,0
100,HHtqHajT4wwsk8cDL41qRy6WlGINLG0=,Family,0,F,0,0
25,HHtqHajT4wwsk8cDL41qRy6WlGINLG0=,Family,0,NA,0,0
40,HHtqHajT4wwsk8cDL41qRy6WlGINLG0=,Family,0,F,0,0
20,HHtqHajT4wwsk8cDL41qRy6WlGINLG0=,Family,0,F,0,0
100,HHtqHajT4wwsk8cDL41qRy6WlGINLG0=,Family,0,F,0,0
20,HHtqHajT4wwsk8cDL41qRy6WlGINLG0=,Family,0,F,0,0
10,HHtqHajT4wwsk8cDL41qRy6WlGINLG0=,Family,1,NA,0,0
20,HHtqHajT4wwsk8cDL41qRy6WlGINLG0=,Family,0,F,0,0
10,HHtqHajT4wwsk8cDL41qRy6WlGINLG0=,Family,0,NA,0,0
5,HHtqHajT4wwsk8cDL41qRy6WlGINLG0=,Family,0,F,0,0
10,HHtqHajT4wwsk8cDL41qRy6WlGINLG0=,Family,0,F,0,0
15,HHtqHajT4wwsk8cDL41qRy6WlGINLG0=,Family,0,F,0,0
40,HHtqHajT4wwsk8cDL41qRy6WlGINLG0=,Family,0,F,0,0
10,HHtqHajT4wwsk8cDL41qRy6WlGINLG0=,Family,0,F,0,0
10,HHtqHajT4wwsk8cDL41qRy6WlGINLG0=,Family,1,NA,0,0
20,HHtqHajT4wwsk8cDL41qRy6WlGINLG0=,Family,0,F,0,0
10,HHtqHajT4wwsk8cDL41qRy6WlGINLG0=,Family,0,F,0,0
5,HHtqHajT4wwsk8cDL41qRy6WlGINLG0=,Family,0,F,0,0
5,HHtqHajT4wwsk8cDL41qRy6WlGINLG0=,Family,0,F,0,0
50,HHtqHajT4wwsk8cDL41qRy6WlGINLG0=,Family,0,F,0,0
5,HHtqHajT4wwsk8cDL41qRy6WlGINLG0=,Family,0,F,0,0
5,HHtqHajT4wwsk8cDL41qRy6WlGINLG0=,Family,1,NA,0,0
25,HHtqHajT4wwsk8cDL41qRy6WlGINLG0=,Family,0,F,0,0
25,HHtqHajT4wwsk8cDL41qRy6WlGINLG0=,Family,0,F,0,0
30,HHtqHajT4wwsk8cDL41qRy6WlGINLG0=,Family,0,F,0,0
100,HHtqHajT4wwsk8cDL41qRy6WlGINLG0=,Family,1,NA,0,0
25,HHtqHajT4wwsk8cDL41qRy6WlGINLG0=,Family,0,NA,0,0
50,HHtqHajT4wwsk8cDL41qRy6WlGINLG0=,Family,0,F,0,0
5,HHtqHajT4wwsk8cDL41qRy6WlGINLG0=,Family,1,NA,0,0
20,HHtqHajT4wwsk8cDL41qRy6WlGINLG0=,Family,0,F,0,0
20,HHtqHajT4wwsk8cDL41qRy6WlGINLG0=,Family,0,F,0,0
20,HHtqHajT4wwsk8cDL41qRy6WlGINLG0=,Family,0,F,0,0
20,HHtqHajT4wwsk8cDL41qRy6WlGINLG0=,Family,0,F,0,0
25,HHtqHajT4wwsk8cDL41qRy6WlGINLG0=,Family,0,F,0,1
30,HHtqHajT4wwsk8cDL41qRy6WlGINLG0=,Family,1,NA,0,0
40,HHtqHajT4wwsk8cDL41qRy6WlGINLG0=,Family,1,NA,0,0
50,HHtqHajT4wwsk8cDL41qRy6WlGINLG0=,Family,0,NA,0,0
25,HHtqHajT4wwsk8cDL41qRy6WlGINLG0=,Family,0,F,0,0
50,HHtqHajT4wwsk8cDL41qRy6WlGINLG0=,Family,0,F,0,0
25,HHtqHajT4wwsk8cDL41qRy6WlGINLG0=,Family,0,NA,0,0
25,HHtqHajT4wwsk8cDL41qRy6WlGINLG0=,Family,0,NA,0,0
100,HHtqHajT4wwsk8cDL41qRy6WlGINLG0=,Family,0,F,0,0
100,HHtqHajT4wwsk8cDL41qRy6WlGINLG0=,Family,0,M,0,0
20,HHtqHajT4wwsk8cDL41qRy6WlGINLG0=,Family,0,F,0,0
100,HHtqHajT4wwsk8cDL41qRy6WlGINLG0=,Family,0,F,0,1
100,HHtqHajT4wwsk8cDL41qRy6WlGINLG0=,Family,0,F,0,0
40,HHtqHajT4wwsk8cDL41qRy6WlGINLG0=,Family,0,F,0,0
20,HHtqHajT4wwsk8cDL41qRy6WlGINLG0=,Family,0,F,0,0
50,HHtqHajT4wwsk8cDL41qRy6WlGINLG0=,Family,0,F,0,0
25,HHtqHajT4wwsk8cDL41qRy6WlGINLG0=,Family,0,F,0,0
200,HHtqHajT4wwsk8cDL41qRy6WlGINLG0=,Family,0,F,0,0
5,HHtqHajT4wwsk8cDL41qRy6WlGINLG0=,Family,0,F,0,0
20,HHtqHajT4wwsk8cDL41qRy6WlGINLG0=,Family,0,F,0,0
20,HHtqHajT4wwsk8cDL41qRy6WlGINLG0=,Family,1,NA,0,0
20,HHtqHajT4wwsk8cDL41qRy6WlGINLG0=,Family,1,NA,0,0
25,HHtqHajT4wwsk8cDL41qRy6WlGINLG0=,Family,1,NA,0,0
10,HHtqHajT4wwsk8cDL41qRy6WlGINLG0=,Family,0,F,0,0
25,HHtqHajT4wwsk8cDL41qRy6WlGINLG0=,Family,0,F,0,0
50,HHtqHajT4wwsk8cDL41qRy6WlGINLG0=,Family,0,F,0,0
50,HHtqHajT4wwsk8cDL41qRy6WlGINLG0=,Family,0,NA,0,0
50,HHtqHajT4wwsk8cDL41qRy6WlGINLG0=,Family,0,F,0,0
25,HHtqHajT4wwsk8cDL41qRy6WlGINLG0=,Family,1,NA,0,0
50,HHtqHajT4wwsk8cDL41qRy6WlGINLG0=,Family,0,F,0,0
25,HHtqHajT4wwsk8cDL41qRy6WlGINLG0=,Family,0,F,0,0
15,HHtqHajT4wwsk8cDL41qRy6WlGINLG0=,Family,0,M,0,0
50,HHtqHajT4wwsk8cDL41qRy6WlGINLG0=,Family,0,F,0,0
20,HHtqHajT4wwsk8cDL41qRy6WlGINLG0=,Family,0,M,0,0
20,HHtqHajT4wwsk8cDL41qRy6WlGINLG0=,Family,0,F,0,0
50,HHtqHajT4wwsk8cDL41qRy6WlGINLG0=,Family,0,F,0,0
50,HHtqHajT4wwsk8cDL41qRy6WlGINLG0=,Family,0,F,0,0
25,HHtqHajT4wwsk8cDL41qRy6WlGINLG0=,Family,0,F,0,0
15,HHtqHajT4wwsk8cDL41qRy6WlGINLG0=,Family,1,NA,0,0
25,HHtqHajT4wwsk8cDL41qRy6WlGINLG0=,Family,0,F,0,0
10,HHtqHajT4wwsk8cDL41qRy6WlGINLG0=,Family,0,F,0,0
20,HHtqHajT4wwsk8cDL41qRy6WlGINLG0=,Family,0,F,0,0
20,HHtqHajT4wwsk8cDL41qRy6WlGINLG0=,Family,1,NA,0,0
100,HHtqHajT4wwsk8cDL41qRy6WlGINLG0=,Family,0,F,0,0
25,HHtqHajT4wwsk8cDL41qRy6WlGINLG0=,Family,1,NA,0,0
20,HHtqHajT4wwsk8cDL41qRy6WlGINLG0=,Family,0,F,0,0
20,HHtqHajT4wwsk8cDL41qRy6WlGINLG0=,Family,0,F,0,0
20,HHtqHajT4wwsk8cDL41qRy6WlGINLG0=,Family,0,F,0,0
25,HHtqHajT4wwsk8cDL41qRy6WlGINLG0=,Family,0,F,0,0
25,HHtqHajT4wwsk8cDL41qRy6WlGINLG0=,Family,0,F,0,0
20,HHtqHajT4wwsk8cDL41qRy6WlGINLG0=,Family,0,F,0,0
25,HHtqHajT4wwsk8cDL41qRy6WlGINLG0=,Family,0,F,0,0
50,HHtqHajT4wwsk8cDL41qRy6WlGINLG0=,Family,0,F,0,0
25,HHtqHajT4wwsk8cDL41qRy6WlGINLG0=,Family,0,M,0,0
40,HHtqHajT4wwsk8cDL41qRy6WlGINLG0=,Family,0,F,0,0
25,HHtqHajT4wwsk8cDL41qRy6WlGINLG0=,Family,0,NA,0,0
100,HHtqHajT4wwsk8cDL41qRy6WlGINLG0=,Family,0,F,0,0
100,HHtqHajT4wwsk8cDL41qRy6WlGINLG0=,Family,0,F,0,0
30,HHtqHajT4wwsk8cDL41qRy6WlGINLG0=,Family,0,NA,0,0
15,HHtqHajT4wwsk8cDL41qRy6WlGINLG0=,Family,0,F,0,0
50,HHtqHajT4wwsk8cDL41qRy6WlGINLG0=,Family,0,M,0,0
10,HHtqHajT4wwsk8cDL41qRy6WlGINLG0=,Family,0,F,0,0
100,HHtqHajT4wwsk8cDL41qRy6WlGINLG0=,Family,1,NA,0,0
50,HHtqHajT4wwsk8cDL41qRy6WlGINLG0=,Family,0,F,0,0
10,HHtqHajT4wwsk8cDL41qRy6WlGINLG0=,Family,0,F,0,0
150,HHtqHajT4wwsk8cDL41qRy6WlGINLG0=,Family,0,NA,0,0
20,HHtqHajT4wwsk8cDL41qRy6WlGINLG0=,Family,0,F,0,0
20,HHtqHajT4wwsk8cDL41qRy6WlGINLG0=,Family,0,M,0,0
40,HHtqHajT4wwsk8cDL41qRy6WlGINLG0=,Family,0,F,0,0
40,HHtqHajT4wwsk8cDL41qRy6WlGINLG0=,Family,0,F,0,0
30,HHtqHajT4wwsk8cDL41qRy6WlGINLG0=,Family,0,NA,0,0
50,HHtqHajT4wwsk8cDL41qRy6WlGINLG0=,Family,0,F,0,0
20,HHtqHajT4wwsk8cDL41qRy6WlGINLG0=,Family,0,NA,0,0
30,HHtqHajT4wwsk8cDL41qRy6WlGINLG0=,Family,1,NA,0,0
50,HHtqHajT4wwsk8cDL41qRy6WlGINLG0=,Family,0,F,0,0
20,HHtqHajT4wwsk8cDL41qRy6WlGINLG0=,Family,0,NA,0,0
10,HHtqHajT4wwsk8cDL41qRy6WlGINLG0=,Family,0,M,0,0
100,HHtqHajT4wwsk8cDL41qRy6WlGINLG0=,Family,0,NA,0,0
20,HHtqHajT4wwsk8cDL41qRy6WlGINLG0=,Family,0,F,0,0
25,HHtqHajT4wwsk8cDL41qRy6WlGINLG0=,Family,0,NA,0,0
20,HHtqHajT4wwsk8cDL41qRy6WlGINLG0=,Family,0,F,0,0
250,HHtqHajT4wwsk8cDL41qRy6WlGINLG0=,Family,0,NA,0,0
25,HHtqHajT4wwsk8cDL41qRy6WlGINLG0=,Family,0,F,0,0
25,HHtqHajT4wwsk8cDL41qRy6WlGINLG0=,Family,0,F,0,0
30,HHtqHajT4wwsk8cDL41qRy6WlGINLG0=,Family,0,F,0,0
25,HHtqHajT4wwsk8cDL41qRy6WlGINLG0=,Family,0,F,0,0
20,HHtqHajT4wwsk8cDL41qRy6WlGINLG0=,Family,0,F,0,0
60,HHtqHajT4wwsk8cDL41qRy6WlGINLG0=,Family,0,F,0,0
20,HHtqHajT4wwsk8cDL41qRy6WlGINLG0=,Family,0,NA,0,0
25,HHtqHajT4wwsk8cDL41qRy6WlGINLG0=,Family,0,F,0,0
100,HHtqHajT4wwsk8cDL41qRy6WlGINLG0=,Family,0,F,0,0
40,HHtqHajT4wwsk8cDL41qRy6WlGINLG0=,Family,0,NA,0,0
100,HHtqHajT4wwsk8cDL41qRy6WlGINLG0=,Family,0,F,0,0
200,HHtqHajT4wwsk8cDL41qRy6WlGINLG0=,Family,1,NA,0,0
50,HHtqHajT4wwsk8cDL41qRy6WlGINLG0=,Family,0,F,0,0
50,HHtqHajT4wwsk8cDL41qRy6WlGINLG0=,Family,0,NA,0,0
20,HHtqHajT4wwsk8cDL41qRy6WlGINLG0=,Family,1,NA,0,0
20,HHtqHajT4wwsk8cDL41qRy6WlGINLG0=,Family,1,NA,0,0
200,HHtqHajT4wwsk8cDL41qRy6WlGINLG0=,Family,0,NA,0,0
50,HHtqHajT4wwsk8cDL41qRy6WlGINLG0=,Family,0,NA,0,0
50,HHtqHajT4wwsk8cDL41qRy6WlGINLG0=,Family,0,F,0,0
50,HHtqHajT4wwsk8cDL41qRy6WlGINLG0=,Family,0,F,0,0
20,HHtqHajT4wwsk8cDL41qRy6WlGINLG0=,Family,0,F,0,0
5,HHtqHajT4wwsk8cDL41qRy6WlGINLG0=,Family,0,F,0,0
20,HHtqHajT4wwsk8cDL41qRy6WlGINLG0=,Family,0,F,0,0
30,HHtqHajT4wwsk8cDL41qRy6WlGINLG0=,Family,0,F,0,0
20,HHtqHajT4wwsk8cDL41qRy6WlGINLG0=,Family,0,F,0,0
25,HHtqHajT4wwsk8cDL41qRy6WlGINLG0=,Family,0,F,0,0
20,HHtqHajT4wwsk8cDL41qRy6WlGINLG0=,Family,0,F,0,0
40,HHtqHajT4wwsk8cDL41qRy6WlGINLG0=,Family,0,F,0,0
10,HHtqHajT4wwsk8cDL41qRy6WlGINLG0=,Family,0,F,0,0
50,HHtqHajT4wwsk8cDL41qRy6WlGINLG0=,Family,0,F,0,0
200,HHtqHajT4wwsk8cDL41qRy6WlGINLG0=,Family,0,NA,0,0
20,HHtqHajT4wwsk8cDL41qRy6WlGINLG0=,Family,0,F,0,0
40,HHtqHajT4wwsk8cDL41qRy6WlGINLG0=,Family,1,NA,0,0
75,HHtqHajT4wwsk8cDL41qRy6WlGINLG0=,Family,1,NA,0,0
100,HHtqHajT4wwsk8cDL41qRy6WlGINLG0=,Family,0,NA,0,0
50,HHtqHajT4wwsk8cDL41qRy6WlGINLG0=,Family,0,NA,0,0
20,HHtqHajT4wwsk8cDL41qRy6WlGINLG0=,Family,0,F,0,0
50,HHtqHajT4wwsk8cDL41qRy6WlGINLG0=,Family,0,F,0,0
10,HHtqHajT4wwsk8cDL41qRy6WlGINLG0=,Family,0,F,0,0
50,HHtqHajT4wwsk8cDL41qRy6WlGINLG0=,Family,0,F,0,0
100,HHtqHajT4wwsk8cDL41qRy6WlGINLG0=,Family,0,NA,0,0
20,HHtqHajT4wwsk8cDL41qRy6WlGINLG0=,Family,1,NA,0,0
50,HHtqHajT4wwsk8cDL41qRy6WlGINLG0=,Family,0,NA,0,0
50,HHtqHajT4wwsk8cDL41qRy6WlGINLG0=,Family,0,F,0,0
25,HHtqHajT4wwsk8cDL41qRy6WlGINLG0=,Family,0,F,0,1
500,HHtqHajT4wwsk8cDL41qRy6WlGINLG0=,Family,0,M,0,0
50,HHtqHajT4wwsk8cDL41qRy6WlGINLG0=,Family,0,F,0,0
30,HHtqHajT4wwsk8cDL41qRy6WlGINLG0=,Family,0,F,0,0
20,HHtqHajT4wwsk8cDL41qRy6WlGINLG0=,Family,0,NA,0,0
25,HHtqHajT4wwsk8cDL41qRy6WlGINLG0=,Family,0,NA,0,0
50,HHtqHajT4wwsk8cDL41qRy6WlGINLG0=,Family,0,NA,0,0
30,HHtqHajT4wwsk8cDL41qRy6WlGINLG0=,Family,0,F,0,0
30,HHtqHajT4wwsk8cDL41qRy6WlGINLG0=,Family,0,NA,0,0
20,HHtqHajT4wwsk8cDL41qRy6WlGINLG0=,Family,0,F,0,0
25,HHtqHajT4wwsk8cDL41qRy6WlGINLG0=,Family,0,F,0,0
15,HHtqHajT4wwsk8cDL41qRy6WlGINLG0=,Family,0,F,0,0
200,HHtqHajT4wwsk8cDL41qRy6WlGINLG0=,Family,0,NA,0,0
50,HHtqHajT4wwsk8cDL41qRy6WlGINLG0=,Family,0,NA,0,0
40,HHtqHajT4wwsk8cDL41qRy6WlGINLG0=,Family,0,F,0,0
30,HHtqHajT4wwsk8cDL41qRy6WlGINLG0=,Family,0,F,0,0
30,HHtqHajT4wwsk8cDL41qRy6WlGINLG0=,Family,0,F,0,0
100,HHtqHajT4wwsk8cDL41qRy6WlGINLG0=,Family,0,F,0,0
50,HHtqHajT4wwsk8cDL41qRy6WlGINLG0=,Family,0,F,0,0
50,HHtqHajT4wwsk8cDL41qRy6WlGINLG0=,Family,0,F,0,0
50,HHtqHajT4wwsk8cDL41qRy6WlGINLG0=,Family,0,F,0,0
50,HHtqHajT4wwsk8cDL41qRy6WlGINLG0=,Family,0,F,0,0
50,HHtqHajT4wwsk8cDL41qRy6WlGINLG0=,Family,0,F,0,0
25,HHtqHajT4wwsk8cDL41qRy6WlGINLG0=,Family,0,NA,0,0
30,HHtqHajT4wwsk8cDL41qRy6WlGINLG0=,Family,0,F,0,0
100,HHtqHajT4wwsk8cDL41qRy6WlGINLG0=,Family,0,NA,0,0
150,HHtqHajT4wwsk8cDL41qRy6WlGINLG0=,Family,0,F,0,0
25,HHtqHajT4wwsk8cDL41qRy6WlGINLG0=,Family,0,F,0,0
15,HHtqHajT4wwsk8cDL41qRy6WlGINLG0=,Family,0,NA,0,0
25,HHtqHajT4wwsk8cDL41qRy6WlGINLG0=,Family,0,F,0,0
100,HHtqHajT4wwsk8cDL41qRy6WlGINLG0=,Family,0,F,0,0
5,HHtqHajT4wwsk8cDL41qRy6WlGINLG0=,Family,0,F,0,0
50,HHtqHajT4wwsk8cDL41qRy6WlGINLG0=,Family,0,F,0,0
100,HHtqHajT4wwsk8cDL41qRy6WlGINLG0=,Family,0,F,0,0
20,HHtqHajT4wwsk8cDL41qRy6WlGINLG0=,Family,0,F,0,0
25,HHtqHajT4wwsk8cDL41qRy6WlGINLG0=,Family,0,F,0,0
40,HHtqHajT4wwsk8cDL41qRy6WlGINLG0=,Family,0,F,0,0
100,HHtqHajT4wwsk8cDL41qRy6WlGINLG0=,Family,0,F,0,0
50,HHtqHajT4wwsk8cDL41qRy6WlGINLG0=,Family,0,F,0,0
50,HHtqHajT4wwsk8cDL41qRy6WlGINLG0=,Family,0,NA,0,0
40,HHtqHajT4wwsk8cDL41qRy6WlGINLG0=,Family,0,F,0,0
25,HHtqHajT4wwsk8cDL41qRy6WlGINLG0=,Family,0,F,0,0
30,HHtqHajT4wwsk8cDL41qRy6WlGINLG0=,Family,0,F,0,0
25,HHtqHajT4wwsk8cDL41qRy6WlGINLG0=,Family,0,NA,0,0
100,HHtqHajT4wwsk8cDL41qRy6WlGINLG0=,Family,0,F,0,0
20,HHtqHajT4wwsk8cDL41qRy6WlGINLG0=,Family,0,F,0,0
25,HHtqHajT4wwsk8cDL41qRy6WlGINLG0=,Family,0,F,0,0
50,HHtqHajT4wwsk8cDL41qRy6WlGINLG0=,Family,0,F,0,0
25,HHtqHajT4wwsk8cDL41qRy6WlGINLG0=,Family,0,M,0,0
20,HHtqHajT4wwsk8cDL41qRy6WlGINLG0=,Family,0,M,0,0
50,HHtqHajT4wwsk8cDL41qRy6WlGINLG0=,Family,0,F,0,0
100,HHtqHajT4wwsk8cDL41qRy6WlGINLG0=,Family,0,F,0,0
75,HHtqHajT4wwsk8cDL41qRy6WlGINLG0=,Family,0,F,0,0
300,HHtqHajT4wwsk8cDL41qRy6WlGINLG0=,Family,0,F,0,0
100,HHtqHajT4wwsk8cDL41qRy6WlGINLG0=,Family,0,M,0,0
200,HHtqHajT4wwsk8cDL41qRy6WlGINLG0=,Family,0,F,0,0
50,HHtqHajT4wwsk8cDL41qRy6WlGINLG0=,Family,0,NA,0,0
100,HHtqHajT4wwsk8cDL41qRy6WlGINLG0=,Family,0,M,0,0
100,HHtqHajT4wwsk8cDL41qRy6WlGINLG0=,Family,0,F,0,0
25,HHtqHajT4wwsk8cDL41qRy6WlGINLG0=,Family,0,F,0,0
100,HHtqHajT4wwsk8cDL41qRy6WlGINLG0=,Family,0,F,0,0
50,HHtqHajT4wwsk8cDL41qRy6WlGINLG0=,Family,0,F,0,0
20,vmG1oXEQb7Sgm0upKcc55C6WlGNPLmE6,Travel,0,F,NA,0
50,YgmbtUhMHQyDv2xJdg0+KS6WmyATZjMn,Charity,0,M,0,0
15,YgmbtUhMHQyDv2xJdg0+KS6WmyATZjMn,Charity,0,F,0,0
100,YgmbtUhMHQyDv2xJdg0+KS6WmyATZjMn,Charity,0,NA,0,0
20,YgmbtUhMHQyDv2xJdg0+KS6WmyATZjMn,Charity,0,M,0,0
20,YgmbtUhMHQyDv2xJdg0+KS6WmyATZjMn,Charity,0,F,0,0
75,YgmbtUhMHQyDv2xJdg0+KS6WmyATZjMn,Charity,0,M,0,0
20,YgmbtUhMHQyDv2xJdg0+KS6WmyATZjMn,Charity,0,F,0,0
20,YgmbtUhMHQyDv2xJdg0+KS6WmyATZjMn,Charity,0,F,0,0
25,YgmbtUhMHQyDv2xJdg0+KS6WmyATZjMn,Charity,0,F,0,0
10,YgmbtUhMHQyDv2xJdg0+KS6WmyATZjMn,Charity,0,F,0,0
10,YgmbtUhMHQyDv2xJdg0+KS6WmyATZjMn,Charity,0,M,0,0
25,YgmbtUhMHQyDv2xJdg0+KS6WmyATZjMn,Charity,0,M,0,0
50,YgmbtUhMHQyDv2xJdg0+KS6WmyATZjMn,Charity,0,NA,0,0
75,YgmbtUhMHQyDv2xJdg0+KS6WmyATZjMn,Charity,0,F,0,0
50,YgmbtUhMHQyDv2xJdg0+KS6WmyATZjMn,Charity,0,M,0,0
50,YgmbtUhMHQyDv2xJdg0+KS6WmyATZjMn,Charity,0,NA,0,0
50,YgmbtUhMHQyDv2xJdg0+KS6WmyATZjMn,Charity,0,F,0,0
50,YgmbtUhMHQyDv2xJdg0+KS6WmyATZjMn,Charity,0,NA,0,0
50,YgmbtUhMHQyDv2xJdg0+KS6WmyATZjMn,Charity,0,NA,0,0
50,YgmbtUhMHQyDv2xJdg0+KS6WmyATZjMn,Charity,0,NA,0,0
50,YgmbtUhMHQyDv2xJdg0+KS6WmyATZjMn,Charity,0,M,0,0
20,YgmbtUhMHQyDv2xJdg0+KS6WmyATZjMn,Charity,0,F,0,0
25,YgmbtUhMHQyDv2xJdg0+KS6WmyATZjMn,Charity,0,NA,0,0
50,YgmbtUhMHQyDv2xJdg0+KS6WmyATZjMn,Charity,0,F,0,0
25,YgmbtUhMHQyDv2xJdg0+KS6WmyATZjMn,Charity,0,M,0,0
20,YgmbtUhMHQyDv2xJdg0+KS6WmyATZjMn,Charity,0,F,0,0
20,YgmbtUhMHQyDv2xJdg0+KS6WmyATZjMn,Charity,0,F,0,0
40,YgmbtUhMHQyDv2xJdg0+KS6WmyATZjMn,Charity,0,M,0,0
100,lKCaKJps4a4To2RWamLtWS6Wm3tMaj4=,Charity,0,F,0,0
100,lKCaKJps4a4To2RWamLtWS6Wm3tMaj4=,Charity,0,M,0,0
5050,lKCaKJps4a4To2RWamLtWS6Wm3tMaj4=,Charity,1,NA,0,0
100,lKCaKJps4a4To2RWamLtWS6Wm3tMaj4=,Charity,1,NA,0,0
20,lKCaKJps4a4To2RWamLtWS6Wm3tMaj4=,Charity,1,NA,0,0
100,lKCaKJps4a4To2RWamLtWS6Wm3tMaj4=,Charity,0,NA,0,0
30,lKCaKJps4a4To2RWamLtWS6Wm3tMaj4=,Charity,0,M,0,0
50,lKCaKJps4a4To2RWamLtWS6Wm3tMaj4=,Charity,0,F,0,0
100,lKCaKJps4a4To2RWamLtWS6Wm3tMaj4=,Charity,0,F,0,0
300,lKCaKJps4a4To2RWamLtWS6Wm3tMaj4=,Charity,0,M,0,0
100,lKCaKJps4a4To2RWamLtWS6Wm3tMaj4=,Charity,0,F,0,0
50,lKCaKJps4a4To2RWamLtWS6Wm3tMaj4=,Charity,0,NA,0,0
25,0pwORqihirA03/ypFratyS6Wm2RNamsq,Alberta Fires,0,F,0,0
25,0pwORqihirA03/ypFratyS6Wm2RNamsq,Alberta Fires,0,F,0,0
100,0pwORqihirA03/ypFratyS6Wm2RNamsq,Alberta Fires,0,F,0,0
50,0pwORqihirA03/ypFratyS6Wm2RNamsq,Alberta Fires,0,F,0,0
25,0pwORqihirA03/ypFratyS6Wm2RNamsq,Alberta Fires,0,NA,0,0
25,0pwORqihirA03/ypFratyS6Wm2RNamsq,Alberta Fires,0,M,0,0
100,0pwORqihirA03/ypFratyS6Wm2RNamsq,Alberta Fires,0,NA,0,1
50,0pwORqihirA03/ypFratyS6Wm2RNamsq,Alberta Fires,0,M,0,0
20,0pwORqihirA03/ypFratyS6Wm2RNamsq,Alberta Fires,0,M,0,1
50,0pwORqihirA03/ypFratyS6Wm2RNamsq,Alberta Fires,0,NA,0,0
100,0pwORqihirA03/ypFratyS6Wm2RNamsq,Alberta Fires,1,NA,0,0
70,0pwORqihirA03/ypFratyS6Wm2RNamsq,Alberta Fires,0,NA,0,0
50,0pwORqihirA03/ypFratyS6Wm2RNamsq,Alberta Fires,0,F,0,0
25,0pwORqihirA03/ypFratyS6Wm2RNamsq,Alberta Fires,0,F,0,0
100,0pwORqihirA03/ypFratyS6Wm2RNamsq,Alberta Fires,0,M,0,0
20,0pwORqihirA03/ypFratyS6Wm2RNamsq,Alberta Fires,0,M,0,0
50,0pwORqihirA03/ypFratyS6Wm2RNamsq,Alberta Fires,0,F,0,0
50,0pwORqihirA03/ypFratyS6Wm2RNamsq,Alberta Fires,0,F,0,0
100,0pwORqihirA03/ypFratyS6Wm2RNamsq,Alberta Fires,0,F,0,0
50,0pwORqihirA03/ypFratyS6Wm2RNamsq,Alberta Fires,0,F,0,0
50,0pwORqihirA03/ypFratyS6Wm2RNamsq,Alberta Fires,0,NA,0,0
30,0pwORqihirA03/ypFratyS6Wm2RNamsq,Alberta Fires,0,NA,0,0
20,0pwORqihirA03/ypFratyS6Wm2RNamsq,Alberta Fires,0,F,0,1
50,0pwORqihirA03/ypFratyS6Wm2RNamsq,Alberta Fires,0,F,0,0
75,0pwORqihirA03/ypFratyS6Wm2RNamsq,Alberta Fires,0,NA,0,0
50,0pwORqihirA03/ypFratyS6Wm2RNamsq,Alberta Fires,0,NA,0,0
20,0pwORqihirA03/ypFratyS6Wm2RNamsq,Alberta Fires,0,NA,0,0
15,0pwORqihirA03/ypFratyS6Wm2RNamsq,Alberta Fires,0,F,0,1
50,0pwORqihirA03/ypFratyS6Wm2RNamsq,Alberta Fires,0,M,0,0
100,0pwORqihirA03/ypFratyS6Wm2RNamsq,Alberta Fires,0,F,0,1
50,0pwORqihirA03/ypFratyS6Wm2RNamsq,Alberta Fires,0,F,0,0
20,0pwORqihirA03/ypFratyS6Wm2RNamsq,Alberta Fires,0,NA,0,0
50,0pwORqihirA03/ypFratyS6Wm2RNamsq,Alberta Fires,0,NA,0,0
25,0pwORqihirA03/ypFratyS6Wm2RNamsq,Alberta Fires,0,F,0,0
50,0pwORqihirA03/ypFratyS6Wm2RNamsq,Alberta Fires,0,NA,0,1
20,0pwORqihirA03/ypFratyS6Wm2RNamsq,Alberta Fires,0,F,0,0
30,0pwORqihirA03/ypFratyS6Wm2RNamsq,Alberta Fires,0,F,0,0
50,0pwORqihirA03/ypFratyS6Wm2RNamsq,Alberta Fires,0,M,0,0
50,0pwORqihirA03/ypFratyS6Wm2RNamsq,Alberta Fires,0,F,0,0
50,0pwORqihirA03/ypFratyS6Wm2RNamsq,Alberta Fires,0,F,0,0
50,0pwORqihirA03/ypFratyS6Wm2RNamsq,Alberta Fires,0,M,0,0
50,0pwORqihirA03/ypFratyS6Wm2RNamsq,Alberta Fires,0,NA,0,0
200,0pwORqihirA03/ypFratyS6Wm2RNamsq,Alberta Fires,0,M,0,0
40,0pwORqihirA03/ypFratyS6Wm2RNamsq,Alberta Fires,1,NA,0,0
25,0pwORqihirA03/ypFratyS6Wm2RNamsq,Alberta Fires,0,F,0,0
50,0pwORqihirA03/ypFratyS6Wm2RNamsq,Alberta Fires,0,NA,0,1
75,0pwORqihirA03/ypFratyS6Wm2RNamsq,Alberta Fires,0,M,0,0
50,0pwORqihirA03/ypFratyS6Wm2RNamsq,Alberta Fires,0,NA,0,0
20,0pwORqihirA03/ypFratyS6Wm2RNamsq,Alberta Fires,0,M,0,0
20,0pwORqihirA03/ypFratyS6Wm2RNamsq,Alberta Fires,0,F,0,0
20,0pwORqihirA03/ypFratyS6Wm2RNamsq,Alberta Fires,0,F,0,0
25,0pwORqihirA03/ypFratyS6Wm2RNamsq,Alberta Fires,0,F,0,0
50,0pwORqihirA03/ypFratyS6Wm2RNamsq,Alberta Fires,0,F,0,0
25,0pwORqihirA03/ypFratyS6Wm2RNamsq,Alberta Fires,0,NA,0,0
20,0pwORqihirA03/ypFratyS6Wm2RNamsq,Alberta Fires,0,F,0,0
50,0pwORqihirA03/ypFratyS6Wm2RNamsq,Alberta Fires,0,NA,0,0
20,0pwORqihirA03/ypFratyS6Wm2RNamsq,Alberta Fires,0,F,0,0
50,0pwORqihirA03/ypFratyS6Wm2RNamsq,Alberta Fires,0,F,1,1
50,0M8r5lPer1zHfRXYVnat6S6Wm25JKn8t,Ecuador,0,NA,0,0
20,0M8r5lPer1zHfRXYVnat6S6Wm25JKn8t,Ecuador,0,F,0,0
50,0M8r5lPer1zHfRXYVnat6S6Wm25JKn8t,Ecuador,0,M,0,0
100,0M8r5lPer1zHfRXYVnat6S6Wm25JKn8t,Ecuador,0,NA,0,0
50,0M8r5lPer1zHfRXYVnat6S6Wm25JKn8t,Ecuador,0,NA,0,0
20,0M8r5lPer1zHfRXYVnat6S6Wm25JKn8t,Ecuador,0,M,0,0
100,0M8r5lPer1zHfRXYVnat6S6Wm25JKn8t,Ecuador,0,M,0,0
30,0M8r5lPer1zHfRXYVnat6S6Wm25JKn8t,Ecuador,0,F,0,0
50,0M8r5lPer1zHfRXYVnat6S6Wm25JKn8t,Ecuador,0,NA,0,0
100,0M8r5lPer1zHfRXYVnat6S6Wm25JKn8t,Ecuador,0,NA,0,0
50,0M8r5lPer1zHfRXYVnat6S6Wm25JKn8t,Ecuador,0,M,0,0
100,0M8r5lPer1zHfRXYVnat6S6Wm25JKn8t,Ecuador,0,NA,0,0
100,0M8r5lPer1zHfRXYVnat6S6Wm25JKn8t,Ecuador,0,NA,0,0
100,0M8r5lPer1zHfRXYVnat6S6Wm25JKn8t,Ecuador,0,F,0,0
100,0M8r5lPer1zHfRXYVnat6S6Wm25JKn8t,Ecuador,0,M,0,0
50,6VN64nrPdMJxCnqOfvueEy6WmiRDOWN9,Volunteer,1,NA,0,0
10,6VN64nrPdMJxCnqOfvueEy6WmiRDOWN9,Volunteer,0,F,0,0
100,6VN64nrPdMJxCnqOfvueEy6WmiRDOWN9,Volunteer,0,M,0,0
100,6VN64nrPdMJxCnqOfvueEy6WmiRDOWN9,Volunteer,1,NA,0,0
15,6VN64nrPdMJxCnqOfvueEy6WmiRDOWN9,Volunteer,0,F,0,0
500,6VN64nrPdMJxCnqOfvueEy6WmiRDOWN9,Volunteer,0,F,0,0
100,6VN64nrPdMJxCnqOfvueEy6WmiRDOWN9,Volunteer,0,F,0,0
100,6VN64nrPdMJxCnqOfvueEy6WmiRDOWN9,Volunteer,1,NA,0,0
50,6VN64nrPdMJxCnqOfvueEy6WmiRDOWN9,Volunteer,0,F,0,0
20,qn6UJ2wTjoJlieFhZm4h4C6WmnNDLXc6,Business,0,M,0,0
10,qn6UJ2wTjoJlieFhZm4h4C6WmnNDLXc6,Business,0,M,0,0
50,BLRtGEDu74FrWJ5oKLRM/S6WmmZOLmxx,Sports,0,M,0,0
100,BLRtGEDu74FrWJ5oKLRM/S6WmmZOLmxx,Sports,1,NA,0,0
100,BLRtGEDu74FrWJ5oKLRM/S6WmmZOLmxx,Sports,1,NA,0,0
100,BLRtGEDu74FrWJ5oKLRM/S6WmmZOLmxx,Sports,0,NA,0,0
50,BLRtGEDu74FrWJ5oKLRM/S6WmmZOLmxx,Sports,0,NA,0,0
75,BLRtGEDu74FrWJ5oKLRM/S6WmmZOLmxx,Sports,0,M,0,0
30,BLRtGEDu74FrWJ5oKLRM/S6WmmZOLmxx,Sports,0,F,0,0
20,BLRtGEDu74FrWJ5oKLRM/S6WmmZOLmxx,Sports,0,NA,0,0
25,BLRtGEDu74FrWJ5oKLRM/S6WmmZOLmxx,Sports,0,F,0,0
50,BLRtGEDu74FrWJ5oKLRM/S6WmmZOLmxx,Sports,0,F,0,0
50,BLRtGEDu74FrWJ5oKLRM/S6WmmZOLmxx,Sports,0,NA,0,0
20,BLRtGEDu74FrWJ5oKLRM/S6WmmZOLmxx,Sports,0,NA,0,0
10,BLRtGEDu74FrWJ5oKLRM/S6WmmZOLmxx,Sports,0,NA,0,0
50,BLRtGEDu74FrWJ5oKLRM/S6WmmZOLmxx,Sports,0,F,0,0
20,BLRtGEDu74FrWJ5oKLRM/S6WmmZOLmxx,Sports,0,F,0,0
100,BLRtGEDu74FrWJ5oKLRM/S6WmmZOLmxx,Sports,0,F,0,0
50,BLRtGEDu74FrWJ5oKLRM/S6WmmZOLmxx,Sports,0,F,0,0
10,BLRtGEDu74FrWJ5oKLRM/S6WmmZOLmxx,Sports,0,F,0,0
50,BLRtGEDu74FrWJ5oKLRM/S6WmmZOLmxx,Sports,0,F,0,0
10,BLRtGEDu74FrWJ5oKLRM/S6WmmZOLmxx,Sports,0,F,0,0
100,BLRtGEDu74FrWJ5oKLRM/S6WmmZOLmxx,Sports,0,NA,0,0
20,BLRtGEDu74FrWJ5oKLRM/S6WmmZOLmxx,Sports,0,F,0,0
25,BLRtGEDu74FrWJ5oKLRM/S6WmmZOLmxx,Sports,0,F,0,0
50,BLRtGEDu74FrWJ5oKLRM/S6WmmZOLmxx,Sports,0,F,0,0
50,BLRtGEDu74FrWJ5oKLRM/S6WmmZOLmxx,Sports,0,F,0,0
50,BLRtGEDu74FrWJ5oKLRM/S6WmmZOLmxx,Sports,0,NA,0,0
100,BLRtGEDu74FrWJ5oKLRM/S6WmmZOLmxx,Sports,0,NA,0,0
5,BLRtGEDu74FrWJ5oKLRM/S6WmmZOLmxx,Sports,0,NA,0,0
100,BLRtGEDu74FrWJ5oKLRM/S6WmmZOLmxx,Sports,0,NA,0,0
100,BLRtGEDu74FrWJ5oKLRM/S6WmmZOLmxx,Sports,0,NA,0,0
75,BLRtGEDu74FrWJ5oKLRM/S6WmmZOLmxx,Sports,0,NA,0,0
100,BLRtGEDu74FrWJ5oKLRM/S6WmmZOLmxx,Sports,0,F,0,0
25,BLRtGEDu74FrWJ5oKLRM/S6WmmZOLmxx,Sports,0,F,0,0
50,BLRtGEDu74FrWJ5oKLRM/S6WmmZOLmxx,Sports,0,M,0,0
25,BLRtGEDu74FrWJ5oKLRM/S6WmmZOLmxx,Sports,0,F,0,0
100,BLRtGEDu74FrWJ5oKLRM/S6WmmZOLmxx,Sports,0,M,0,0
20,BLRtGEDu74FrWJ5oKLRM/S6WmmZOLmxx,Sports,1,NA,0,0
20,BLRtGEDu74FrWJ5oKLRM/S6WmmZOLmxx,Sports,0,NA,0,0
100,BLRtGEDu74FrWJ5oKLRM/S6WmmZOLmxx,Sports,1,NA,0,0
40,BLRtGEDu74FrWJ5oKLRM/S6WmmZOLmxx,Sports,0,F,0,0
50,BLRtGEDu74FrWJ5oKLRM/S6WmmZOLmxx,Sports,0,F,0,0
100,N9BKvEFWh1ay+Eso4XV1Si6WmmwQLG4+,Alberta Fires,1,NA,0,0
200,N9BKvEFWh1ay+Eso4XV1Si6WmmwQLG4+,Alberta Fires,0,NA,0,0
50,N9BKvEFWh1ay+Eso4XV1Si6WmmwQLG4+,Alberta Fires,0,NA,0,0
40,N9BKvEFWh1ay+Eso4XV1Si6WmmwQLG4+,Alberta Fires,1,NA,0,0
100,N9BKvEFWh1ay+Eso4XV1Si6WmmwQLG4+,Alberta Fires,1,NA,0,0
300,N9BKvEFWh1ay+Eso4XV1Si6WmmwQLG4+,Alberta Fires,1,NA,0,0
50,N9BKvEFWh1ay+Eso4XV1Si6WmmwQLG4+,Alberta Fires,1,NA,0,0
50,N9BKvEFWh1ay+Eso4XV1Si6WmmwQLG4+,Alberta Fires,1,NA,0,0
50,N9BKvEFWh1ay+Eso4XV1Si6WmmwQLG4+,Alberta Fires,1,NA,0,0
50,N9BKvEFWh1ay+Eso4XV1Si6WmmwQLG4+,Alberta Fires,1,NA,0,0
200,N9BKvEFWh1ay+Eso4XV1Si6WmmwQLG4+,Alberta Fires,1,NA,0,0
50,N9BKvEFWh1ay+Eso4XV1Si6WmmwQLG4+,Alberta Fires,1,NA,0,0
50,N9BKvEFWh1ay+Eso4XV1Si6WmmwQLG4+,Alberta Fires,1,NA,0,0
50,N9BKvEFWh1ay+Eso4XV1Si6WmmwQLG4+,Alberta Fires,0,NA,0,0
100,N9BKvEFWh1ay+Eso4XV1Si6WmmwQLG4+,Alberta Fires,0,NA,0,0
50,N9BKvEFWh1ay+Eso4XV1Si6WmmwQLG4+,Alberta Fires,0,M,0,0
50,N9BKvEFWh1ay+Eso4XV1Si6WmmwQLG4+,Alberta Fires,0,NA,0,0
100,N9BKvEFWh1ay+Eso4XV1Si6WmmwQLG4+,Alberta Fires,1,NA,0,0
25,N9BKvEFWh1ay+Eso4XV1Si6WmmwQLG4+,Alberta Fires,0,NA,0,0
20,N9BKvEFWh1ay+Eso4XV1Si6WmmwQLG4+,Alberta Fires,1,NA,0,0
10,N9BKvEFWh1ay+Eso4XV1Si6WmmwQLG4+,Alberta Fires,0,F,0,0
100,N9BKvEFWh1ay+Eso4XV1Si6WmmwQLG4+,Alberta Fires,1,NA,0,0
35,N9BKvEFWh1ay+Eso4XV1Si6WmmwQLG4+,Alberta Fires,1,NA,0,0
20,N9BKvEFWh1ay+Eso4XV1Si6WmmwQLG4+,Alberta Fires,1,NA,0,0
20,N9BKvEFWh1ay+Eso4XV1Si6WmmwQLG4+,Alberta Fires,1,NA,0,0
100,N9BKvEFWh1ay+Eso4XV1Si6WmmwQLG4+,Alberta Fires,0,F,0,0
10,N9BKvEFWh1ay+Eso4XV1Si6WmmwQLG4+,Alberta Fires,1,NA,0,0
500,N9BKvEFWh1ay+Eso4XV1Si6WmmwQLG4+,Alberta Fires,1,NA,0,0
50,N9BKvEFWh1ay+Eso4XV1Si6WmmwQLG4+,Alberta Fires,0,M,0,0
500,N9BKvEFWh1ay+Eso4XV1Si6WmmwQLG4+,Alberta Fires,1,NA,0,0
100,RY3tBICEHZDzSMrE2vPLCy6WwiROOmgw,Education,0,NA,0,0
225,RY3tBICEHZDzSMrE2vPLCy6WwiROOmgw,Education,0,NA,0,0
50,RY3tBICEHZDzSMrE2vPLCy6WwiROOmgw,Education,0,F,0,0
100,RY3tBICEHZDzSMrE2vPLCy6WwiROOmgw,Education,0,M,0,0
10,9BZ8H4+u/3o1gVydPGfCnS6WwnIYKDI=,Charity,1,NA,0,0
50,9BZ8H4+u/3o1gVydPGfCnS6WwnIYKDI=,Charity,0,M,0,0
100,9BZ8H4+u/3o1gVydPGfCnS6WwnIYKDI=,Charity,0,NA,0,0
500,9BZ8H4+u/3o1gVydPGfCnS6WwnIYKDI=,Charity,0,M,0,0
100,9BZ8H4+u/3o1gVydPGfCnS6WwnIYKDI=,Charity,0,F,0,0
500,9BZ8H4+u/3o1gVydPGfCnS6WwnIYKDI=,Charity,1,NA,0,0
100,9BZ8H4+u/3o1gVydPGfCnS6WwnIYKDI=,Charity,1,NA,0,0
200,9BZ8H4+u/3o1gVydPGfCnS6WwnIYKDI=,Charity,0,F,0,0
100,9BZ8H4+u/3o1gVydPGfCnS6WwnIYKDI=,Charity,0,F,0,0
1000,9BZ8H4+u/3o1gVydPGfCnS6WwnIYKDI=,Charity,1,NA,0,0
50,9BZ8H4+u/3o1gVydPGfCnS6WwnIYKDI=,Charity,1,NA,0,0
200,9BZ8H4+u/3o1gVydPGfCnS6WwnIYKDI=,Charity,1,NA,0,0
50,KCemu6uvxjwqxpzqGA4A1i6WwCQPPDAi,Alberta Fires,0,M,0,0
50,KCemu6uvxjwqxpzqGA4A1i6WwCQPPDAi,Alberta Fires,0,M,0,0
100,KCemu6uvxjwqxpzqGA4A1i6WwCQPPDAi,Alberta Fires,0,M,0,0
30,KCemu6uvxjwqxpzqGA4A1i6WwCQPPDAi,Alberta Fires,0,F,0,0
20,KCemu6uvxjwqxpzqGA4A1i6WwCQPPDAi,Alberta Fires,0,NA,0,0
50,KCemu6uvxjwqxpzqGA4A1i6WwCQPPDAi,Alberta Fires,0,F,0,0
40,KCemu6uvxjwqxpzqGA4A1i6WwCQPPDAi,Alberta Fires,0,NA,0,1
81,KCemu6uvxjwqxpzqGA4A1i6WwCQPPDAi,Alberta Fires,0,F,0,0
25,KCemu6uvxjwqxpzqGA4A1i6WwCQPPDAi,Alberta Fires,0,NA,0,0
50,KCemu6uvxjwqxpzqGA4A1i6WwCQPPDAi,Alberta Fires,0,F,0,0
20,KCemu6uvxjwqxpzqGA4A1i6WwCQPPDAi,Alberta Fires,0,F,0,1
50,KCemu6uvxjwqxpzqGA4A1i6WwCQPPDAi,Alberta Fires,0,M,0,1
50,KCemu6uvxjwqxpzqGA4A1i6WwCQPPDAi,Alberta Fires,0,M,0,0
100,KCemu6uvxjwqxpzqGA4A1i6WwCQPPDAi,Alberta Fires,0,M,0,0
20,KCemu6uvxjwqxpzqGA4A1i6WwCQPPDAi,Alberta Fires,0,F,0,0
15,KCemu6uvxjwqxpzqGA4A1i6WwCQPPDAi,Alberta Fires,0,M,0,0
100,KCemu6uvxjwqxpzqGA4A1i6WwCQPPDAi,Alberta Fires,0,M,0,0
100,KCemu6uvxjwqxpzqGA4A1i6WwCQPPDAi,Alberta Fires,0,F,0,0
50,KCemu6uvxjwqxpzqGA4A1i6WwCQPPDAi,Alberta Fires,0,F,0,0
100,KCemu6uvxjwqxpzqGA4A1i6WwCQPPDAi,Alberta Fires,0,M,0,0
100,KCemu6uvxjwqxpzqGA4A1i6WwCQPPDAi,Alberta Fires,0,M,0,0
20,KCemu6uvxjwqxpzqGA4A1i6WwCQPPDAi,Alberta Fires,0,NA,0,0
100,KCemu6uvxjwqxpzqGA4A1i6WwCQPPDAi,Alberta Fires,0,M,0,0
40,lfVT5iItJGGUZo0DnJaUyi6WwGZD,Community,0,F,0,0
25,lfVT5iItJGGUZo0DnJaUyi6WwGZD,Community,0,F,0,0
50,lfVT5iItJGGUZo0DnJaUyi6WwGZD,Community,0,NA,0,0
50,lfVT5iItJGGUZo0DnJaUyi6WwGZD,Community,1,NA,0,0
10,lfVT5iItJGGUZo0DnJaUyi6WwGZD,Community,0,NA,0,0
20,lfVT5iItJGGUZo0DnJaUyi6WwGZD,Community,0,F,0,0
25,lfVT5iItJGGUZo0DnJaUyi6WwGZD,Community,0,F,0,0
25,lfVT5iItJGGUZo0DnJaUyi6WwGZD,Community,0,M,0,0
25,lfVT5iItJGGUZo0DnJaUyi6WwGZD,Community,0,M,0,0
25,lfVT5iItJGGUZo0DnJaUyi6WwGZD,Community,0,M,0,0
100,lfVT5iItJGGUZo0DnJaUyi6WwGZD,Community,0,F,0,0
25,lfVT5iItJGGUZo0DnJaUyi6WwGZD,Community,1,NA,0,0
20,lfVT5iItJGGUZo0DnJaUyi6WwGZD,Community,0,M,0,0
100,lfVT5iItJGGUZo0DnJaUyi6WwGZD,Community,1,NA,0,0
500,lfVT5iItJGGUZo0DnJaUyi6WwGZD,Community,0,F,0,0
10,lfVT5iItJGGUZo0DnJaUyi6WwGZD,Community,1,NA,0,0
50,lfVT5iItJGGUZo0DnJaUyi6WwGZD,Community,1,NA,0,0
75,lfVT5iItJGGUZo0DnJaUyi6WwGZD,Community,0,NA,0,0
25,lfVT5iItJGGUZo0DnJaUyi6WwGZD,Community,0,F,0,0
20,lfVT5iItJGGUZo0DnJaUyi6WwGZD,Community,0,M,0,0
50,lfVT5iItJGGUZo0DnJaUyi6WwGZD,Community,1,NA,0,0
25,lfVT5iItJGGUZo0DnJaUyi6WwGZD,Community,1,NA,0,0
25,lfVT5iItJGGUZo0DnJaUyi6WwGZD,Community,0,F,0,0
25,lfVT5iItJGGUZo0DnJaUyi6WwGZD,Community,0,F,1,0
20,lfVT5iItJGGUZo0DnJaUyi6WwGZD,Community,1,NA,0,0
25,lfVT5iItJGGUZo0DnJaUyi6WwGZD,Community,0,NA,0,0
50,lfVT5iItJGGUZo0DnJaUyi6WwGZD,Community,1,NA,0,0
25,lfVT5iItJGGUZo0DnJaUyi6WwGZD,Community,1,NA,0,0
100,omG0hIuziYP8PnMjOsqdmS6WwGdNOHw+,Medical,0,NA,0,0
250,omG0hIuziYP8PnMjOsqdmS6WwGdNOHw+,Medical,0,M,0,0
40,omG0hIuziYP8PnMjOsqdmS6WwGdNOHw+,Medical,0,F,0,0
1000,omG0hIuziYP8PnMjOsqdmS6WwGdNOHw+,Medical,0,NA,0,0
500,omG0hIuziYP8PnMjOsqdmS6WwGdNOHw+,Medical,0,NA,0,0
500,omG0hIuziYP8PnMjOsqdmS6WwGdNOHw+,Medical,0,NA,0,0
1200,omG0hIuziYP8PnMjOsqdmS6WwGdNOHw+,Medical,1,NA,0,0
500,omG0hIuziYP8PnMjOsqdmS6WwGdNOHw+,Medical,0,NA,0,0
25,omG0hIuziYP8PnMjOsqdmS6WwGdNOHw+,Medical,0,F,0,0
1000,omG0hIuziYP8PnMjOsqdmS6WwGdNOHw+,Medical,0,M,0,0
1000,omG0hIuziYP8PnMjOsqdmS6WwGdNOHw+,Medical,0,NA,0,0
500,omG0hIuziYP8PnMjOsqdmS6WwGdNOHw+,Medical,0,NA,0,0
50,omG0hIuziYP8PnMjOsqdmS6WwGdNOHw+,Medical,0,M,0,0
100,omG0hIuziYP8PnMjOsqdmS6WwGdNOHw+,Medical,0,M,0,0
50,omG0hIuziYP8PnMjOsqdmS6WwGdNOHw+,Medical,0,NA,0,0
100,omG0hIuziYP8PnMjOsqdmS6WwGdNOHw+,Medical,1,NA,0,0
50,omG0hIuziYP8PnMjOsqdmS6WwGdNOHw+,Medical,0,M,0,0
50,omG0hIuziYP8PnMjOsqdmS6WwGdNOHw+,Medical,0,F,0,0
100,omG0hIuziYP8PnMjOsqdmS6WwGdNOHw+,Medical,0,M,0,0
100,omG0hIuziYP8PnMjOsqdmS6WwGdNOHw+,Medical,0,F,0,0
300,omG0hIuziYP8PnMjOsqdmS6WwGdNOHw+,Medical,1,NA,0,0
100,omG0hIuziYP8PnMjOsqdmS6WwGdNOHw+,Medical,0,F,0,0
1000,omG0hIuziYP8PnMjOsqdmS6WwGdNOHw+,Medical,0,M,0,0
1000,omG0hIuziYP8PnMjOsqdmS6WwGdNOHw+,Medical,1,NA,0,0
200,omG0hIuziYP8PnMjOsqdmS6WwGdNOHw+,Medical,0,M,0,0
250,omG0hIuziYP8PnMjOsqdmS6WwGdNOHw+,Medical,0,M,0,0
50,omG0hIuziYP8PnMjOsqdmS6WwGdNOHw+,Medical,0,M,0,0
50,omG0hIuziYP8PnMjOsqdmS6WwGdNOHw+,Medical,0,F,0,0
50,omG0hIuziYP8PnMjOsqdmS6WwGdNOHw+,Medical,0,F,0,0
1000,omG0hIuziYP8PnMjOsqdmS6WwGdNOHw+,Medical,0,M,0,0
50,omG0hIuziYP8PnMjOsqdmS6WwGdNOHw+,Medical,0,M,0,0
50,omG0hIuziYP8PnMjOsqdmS6WwGdNOHw+,Medical,0,M,0,0
200,omG0hIuziYP8PnMjOsqdmS6WwGdNOHw+,Medical,0,F,0,0
25,omG0hIuziYP8PnMjOsqdmS6WwGdNOHw+,Medical,0,F,0,0
500,omG0hIuziYP8PnMjOsqdmS6WwGdNOHw+,Medical,0,M,0,0
200,omG0hIuziYP8PnMjOsqdmS6WwGdNOHw+,Medical,0,M,0,0
50,omG0hIuziYP8PnMjOsqdmS6WwGdNOHw+,Medical,0,M,0,0
50,omG0hIuziYP8PnMjOsqdmS6WwGdNOHw+,Medical,0,NA,0,0
50,omG0hIuziYP8PnMjOsqdmS6WwGdNOHw+,Medical,1,NA,0,0
50,omG0hIuziYP8PnMjOsqdmS6WwGdNOHw+,Medical,0,F,0,0
50,omG0hIuziYP8PnMjOsqdmS6WwGdNOHw+,Medical,0,M,0,0
200,omG0hIuziYP8PnMjOsqdmS6WwGdNOHw+,Medical,0,M,0,0
500,omG0hIuziYP8PnMjOsqdmS6WwGdNOHw+,Medical,0,NA,0,0
3000,omG0hIuziYP8PnMjOsqdmS6WwGdNOHw+,Medical,0,NA,0,0
50,omG0hIuziYP8PnMjOsqdmS6WwGdNOHw+,Medical,0,M,0,0
100,omG0hIuziYP8PnMjOsqdmS6WwGdNOHw+,Medical,0,F,0,0
200,omG0hIuziYP8PnMjOsqdmS6WwGdNOHw+,Medical,0,M,0,0
1000,omG0hIuziYP8PnMjOsqdmS6WwGdNOHw+,Medical,0,M,0,0
25,omG0hIuziYP8PnMjOsqdmS6WwGdNOHw+,Medical,1,NA,0,0
50,omG0hIuziYP8PnMjOsqdmS6WwGdNOHw+,Medical,0,F,0,0
100,omG0hIuziYP8PnMjOsqdmS6WwGdNOHw+,Medical,0,M,0,0
50,omG0hIuziYP8PnMjOsqdmS6WwGdNOHw+,Medical,0,F,0,0
50,omG0hIuziYP8PnMjOsqdmS6WwGdNOHw+,Medical,0,F,0,0
53,omG0hIuziYP8PnMjOsqdmS6WwGdNOHw+,Medical,0,M,0,0
100,omG0hIuziYP8PnMjOsqdmS6WwGdNOHw+,Medical,0,NA,0,0
25,omG0hIuziYP8PnMjOsqdmS6WwGdNOHw+,Medical,1,NA,0,0
100,omG0hIuziYP8PnMjOsqdmS6WwGdNOHw+,Medical,0,M,0,0
40,omG0hIuziYP8PnMjOsqdmS6WwGdNOHw+,Medical,0,F,0,0
25,omG0hIuziYP8PnMjOsqdmS6WwGdNOHw+,Medical,0,F,0,0
25,omG0hIuziYP8PnMjOsqdmS6WwGdNOHw+,Medical,0,F,0,0
25,omG0hIuziYP8PnMjOsqdmS6WwGdNOHw+,Medical,0,F,0,0
50,omG0hIuziYP8PnMjOsqdmS6WwGdNOHw+,Medical,0,F,0,0
100,omG0hIuziYP8PnMjOsqdmS6WwGdNOHw+,Medical,0,NA,0,0
7,omG0hIuziYP8PnMjOsqdmS6WwGdNOHw+,Medical,0,M,0,0
100,omG0hIuziYP8PnMjOsqdmS6WwGdNOHw+,Medical,0,F,1,0
5,omG0hIuziYP8PnMjOsqdmS6WwGdNOHw+,Medical,0,M,0,0
50,omG0hIuziYP8PnMjOsqdmS6WwGdNOHw+,Medical,1,NA,0,0
50,omG0hIuziYP8PnMjOsqdmS6WwGdNOHw+,Medical,0,M,0,0
25,omG0hIuziYP8PnMjOsqdmS6WwGdNOHw+,Medical,0,F,0,0
50,omG0hIuziYP8PnMjOsqdmS6WwGdNOHw+,Medical,0,F,0,0
100,omG0hIuziYP8PnMjOsqdmS6WwGdNOHw+,Medical,0,NA,0,0
50,omG0hIuziYP8PnMjOsqdmS6WwGdNOHw+,Medical,0,F,0,0
20,omG0hIuziYP8PnMjOsqdmS6WwGdNOHw+,Medical,0,M,0,0
250,omG0hIuziYP8PnMjOsqdmS6WwGdNOHw+,Medical,0,M,0,0
500,omG0hIuziYP8PnMjOsqdmS6WwGdNOHw+,Medical,0,NA,0,0
500,omG0hIuziYP8PnMjOsqdmS6WwGdNOHw+,Medical,0,M,0,0
180,omG0hIuziYP8PnMjOsqdmS6WwGdNOHw+,Medical,0,NA,0,0
500,omG0hIuziYP8PnMjOsqdmS6WwGdNOHw+,Medical,0,NA,0,0
50,omG0hIuziYP8PnMjOsqdmS6WwGdNOHw+,Medical,1,NA,0,0
250,omG0hIuziYP8PnMjOsqdmS6WwGdNOHw+,Medical,0,NA,0,0
500,omG0hIuziYP8PnMjOsqdmS6WwGdNOHw+,Medical,1,NA,0,0
500,omG0hIuziYP8PnMjOsqdmS6WwGdNOHw+,Medical,0,NA,0,0
60,omG0hIuziYP8PnMjOsqdmS6WwGdNOHw+,Medical,1,NA,0,0
200,omG0hIuziYP8PnMjOsqdmS6WwGdNOHw+,Medical,0,F,0,0
50,omG0hIuziYP8PnMjOsqdmS6WwGdNOHw+,Medical,0,NA,0,0
200,omG0hIuziYP8PnMjOsqdmS6WwGdNOHw+,Medical,0,M,0,0
200,omG0hIuziYP8PnMjOsqdmS6WwGdNOHw+,Medical,0,M,0,0
25,omG0hIuziYP8PnMjOsqdmS6WwGdNOHw+,Medical,0,NA,0,0
200,omG0hIuziYP8PnMjOsqdmS6WwGdNOHw+,Medical,0,NA,0,0
200,omG0hIuziYP8PnMjOsqdmS6WwGdNOHw+,Medical,0,M,0,0
200,omG0hIuziYP8PnMjOsqdmS6WwGdNOHw+,Medical,0,M,0,0
100,omG0hIuziYP8PnMjOsqdmS6WwGdNOHw+,Medical,0,M,0,0
1000,omG0hIuziYP8PnMjOsqdmS6WwGdNOHw+,Medical,0,NA,0,0
500,omG0hIuziYP8PnMjOsqdmS6WwGdNOHw+,Medical,0,NA,0,0
25,omG0hIuziYP8PnMjOsqdmS6WwGdNOHw+,Medical,0,F,0,0
25,omG0hIuziYP8PnMjOsqdmS6WwGdNOHw+,Medical,1,NA,0,0
50,omG0hIuziYP8PnMjOsqdmS6WwGdNOHw+,Medical,0,M,0,0
1000,omG0hIuziYP8PnMjOsqdmS6WwGdNOHw+,Medical,0,NA,0,0
1000,omG0hIuziYP8PnMjOsqdmS6WwGdNOHw+,Medical,0,M,0,0
500,omG0hIuziYP8PnMjOsqdmS6WwGdNOHw+,Medical,0,NA,0,0
50,omG0hIuziYP8PnMjOsqdmS6WwGdNOHw+,Medical,0,F,0,0
50,omG0hIuziYP8PnMjOsqdmS6WwGdNOHw+,Medical,0,F,0,0
100,omG0hIuziYP8PnMjOsqdmS6WwGdNOHw+,Medical,0,M,0,0
100,omG0hIuziYP8PnMjOsqdmS6WwGdNOHw+,Medical,0,M,0,0
100,omG0hIuziYP8PnMjOsqdmS6WwGdNOHw+,Medical,0,M,0,0
25,omG0hIuziYP8PnMjOsqdmS6WwGdNOHw+,Medical,0,M,0,0
500,omG0hIuziYP8PnMjOsqdmS6WwGdNOHw+,Medical,0,M,0,0
50,omG0hIuziYP8PnMjOsqdmS6WwGdNOHw+,Medical,0,M,0,0
20,omG0hIuziYP8PnMjOsqdmS6WwGdNOHw+,Medical,0,NA,0,0
25,omG0hIuziYP8PnMjOsqdmS6WwGdNOHw+,Medical,0,M,0,0
100,omG0hIuziYP8PnMjOsqdmS6WwGdNOHw+,Medical,0,M,0,0
100,omG0hIuziYP8PnMjOsqdmS6WwGdNOHw+,Medical,0,M,0,0
100,omG0hIuziYP8PnMjOsqdmS6WwGdNOHw+,Medical,0,NA,0,0
100,omG0hIuziYP8PnMjOsqdmS6WwGdNOHw+,Medical,1,NA,0,0
500,omG0hIuziYP8PnMjOsqdmS6WwGdNOHw+,Medical,0,M,0,0
50,MNo0WzaIm5eqPpZglY2EXi6WwGRCZ20=,Events,0,F,0,0
150,MNo0WzaIm5eqPpZglY2EXi6WwGRCZ20=,Events,0,M,0,0
300,MNo0WzaIm5eqPpZglY2EXi6WwGRCZ20=,Events,0,F,0,0
30,MNo0WzaIm5eqPpZglY2EXi6WwGRCZ20=,Events,0,NA,0,0
25,MNo0WzaIm5eqPpZglY2EXi6WwGRCZ20=,Events,0,F,0,0
25,MNo0WzaIm5eqPpZglY2EXi6WwGRCZ20=,Events,0,F,0,0
200,MNo0WzaIm5eqPpZglY2EXi6WwGRCZ20=,Events,1,NA,0,0
200,MNo0WzaIm5eqPpZglY2EXi6WwGRCZ20=,Events,0,F,0,0
100,MNo0WzaIm5eqPpZglY2EXi6WwGRCZ20=,Events,1,NA,0,0
75,thqkql2T5vdpLX/t3iX4/S6WwGEdN3Qv,Creative,0,F,0,0
25,thqkql2T5vdpLX/t3iX4/S6WwGEdN3Qv,Creative,0,F,0,0
20,thqkql2T5vdpLX/t3iX4/S6WwGEdN3Qv,Creative,0,F,0,0
50,thqkql2T5vdpLX/t3iX4/S6WwGEdN3Qv,Creative,0,F,0,0
20,thqkql2T5vdpLX/t3iX4/S6WwGEdN3Qv,Creative,0,F,0,0
25,thqkql2T5vdpLX/t3iX4/S6WwGEdN3Qv,Creative,0,F,0,0
40,thqkql2T5vdpLX/t3iX4/S6WwGEdN3Qv,Creative,0,NA,0,0
20,thqkql2T5vdpLX/t3iX4/S6WwGEdN3Qv,Creative,0,NA,0,0
50,BjnTmAbvQolkGRvr00c4cy6Wx3MNODAq,Education,0,F,0,0
50,BjnTmAbvQolkGRvr00c4cy6Wx3MNODAq,Education,0,NA,0,0
50,BjnTmAbvQolkGRvr00c4cy6Wx3MNODAq,Education,1,NA,0,0
50,BjnTmAbvQolkGRvr00c4cy6Wx3MNODAq,Education,0,NA,0,0
100,BjnTmAbvQolkGRvr00c4cy6Wx3MNODAq,Education,0,F,0,0
25,BjnTmAbvQolkGRvr00c4cy6Wx3MNODAq,Education,0,F,0,0
50,BjnTmAbvQolkGRvr00c4cy6Wx3MNODAq,Education,0,M,0,0
40,BjnTmAbvQolkGRvr00c4cy6Wx3MNODAq,Education,0,NA,0,0
150,BjnTmAbvQolkGRvr00c4cy6Wx3MNODAq,Education,0,NA,0,0
100,BjnTmAbvQolkGRvr00c4cy6Wx3MNODAq,Education,0,M,0,0
100,BjnTmAbvQolkGRvr00c4cy6Wx3MNODAq,Education,0,F,0,0
100,BjnTmAbvQolkGRvr00c4cy6Wx3MNODAq,Education,1,NA,0,0
20,BjnTmAbvQolkGRvr00c4cy6Wx3MNODAq,Education,0,F,0,0
50,BjnTmAbvQolkGRvr00c4cy6Wx3MNODAq,Education,0,F,0,0
20,BjnTmAbvQolkGRvr00c4cy6Wx3MNODAq,Education,0,F,0,0
25,dn03X+rObh7XanWjxqsnpS6Wx2UOO2Ei,Education,0,M,0,0
30,dn03X+rObh7XanWjxqsnpS6Wx2UOO2Ei,Education,0,M,0,0
50,dn03X+rObh7XanWjxqsnpS6Wx2UOO2Ei,Education,0,F,0,0
100,dn03X+rObh7XanWjxqsnpS6Wx2UOO2Ei,Education,0,F,0,0
50,dn03X+rObh7XanWjxqsnpS6Wx2UOO2Ei,Education,1,NA,0,0
50,dn03X+rObh7XanWjxqsnpS6Wx2UOO2Ei,Education,0,NA,0,0
50,dn03X+rObh7XanWjxqsnpS6Wx2UOO2Ei,Education,0,NA,0,0
100,dn03X+rObh7XanWjxqsnpS6Wx2UOO2Ei,Education,0,NA,0,0
20,dn03X+rObh7XanWjxqsnpS6Wx2UOO2Ei,Education,0,NA,0,0
50,dn03X+rObh7XanWjxqsnpS6Wx2UOO2Ei,Education,1,NA,0,0
50,dn03X+rObh7XanWjxqsnpS6Wx2UOO2Ei,Education,0,NA,0,0
50,dn03X+rObh7XanWjxqsnpS6Wx2UOO2Ei,Education,0,F,0,0
50,dn03X+rObh7XanWjxqsnpS6Wx2UOO2Ei,Education,1,NA,0,0
10,dn03X+rObh7XanWjxqsnpS6Wx2UOO2Ei,Education,0,NA,0,0
50,dn03X+rObh7XanWjxqsnpS6Wx2UOO2Ei,Education,0,F,0,0
100,dn03X+rObh7XanWjxqsnpS6Wx2UOO2Ei,Education,0,F,0,0
500,dn03X+rObh7XanWjxqsnpS6Wx2UOO2Ei,Education,0,NA,0,0
100,dn03X+rObh7XanWjxqsnpS6Wx2UOO2Ei,Education,0,F,0,0
50,dn03X+rObh7XanWjxqsnpS6Wx2UOO2Ei,Education,0,F,0,0
100,dn03X+rObh7XanWjxqsnpS6Wx2UOO2Ei,Education,0,F,0,0
300,dn03X+rObh7XanWjxqsnpS6Wx2UOO2Ei,Education,0,F,0,0
150,dn03X+rObh7XanWjxqsnpS6Wx2UOO2Ei,Education,0,NA,0,0
50,dn03X+rObh7XanWjxqsnpS6Wx2UOO2Ei,Education,1,NA,0,0
20,dn03X+rObh7XanWjxqsnpS6Wx2UOO2Ei,Education,0,M,0,0
100,dn03X+rObh7XanWjxqsnpS6Wx2UOO2Ei,Education,0,M,0,0
10,dn03X+rObh7XanWjxqsnpS6Wx2UOO2Ei,Education,1,NA,0,0
50,dn03X+rObh7XanWjxqsnpS6Wx2UOO2Ei,Education,0,M,0,0
20,dn03X+rObh7XanWjxqsnpS6Wx2UOO2Ei,Education,0,F,0,0
50,dn03X+rObh7XanWjxqsnpS6Wx2UOO2Ei,Education,0,NA,0,0
25,dn03X+rObh7XanWjxqsnpS6Wx2UOO2Ei,Education,0,NA,0,0
20,dn03X+rObh7XanWjxqsnpS6Wx2UOO2Ei,Education,0,F,0,0
30,dn03X+rObh7XanWjxqsnpS6Wx2UOO2Ei,Education,0,F,0,0
50,dn03X+rObh7XanWjxqsnpS6Wx2UOO2Ei,Education,0,F,0,0
25,dn03X+rObh7XanWjxqsnpS6Wx2UOO2Ei,Education,0,M,0,0
20,dn03X+rObh7XanWjxqsnpS6Wx2UOO2Ei,Education,0,NA,0,0
50,dn03X+rObh7XanWjxqsnpS6Wx2UOO2Ei,Education,0,NA,0,0
20,dn03X+rObh7XanWjxqsnpS6Wx2UOO2Ei,Education,1,NA,0,0
40,dn03X+rObh7XanWjxqsnpS6Wx2UOO2Ei,Education,0,F,0,0
50,dn03X+rObh7XanWjxqsnpS6Wx2UOO2Ei,Education,0,F,0,0
50,dn03X+rObh7XanWjxqsnpS6Wx2UOO2Ei,Education,0,M,0,0
100,dn03X+rObh7XanWjxqsnpS6Wx2UOO2Ei,Education,0,NA,0,0
20,dn03X+rObh7XanWjxqsnpS6Wx2UOO2Ei,Education,0,F,0,0
50,dn03X+rObh7XanWjxqsnpS6Wx2UOO2Ei,Education,0,F,1,0
50,dn03X+rObh7XanWjxqsnpS6Wx2UOO2Ei,Education,0,F,0,0
25,dn03X+rObh7XanWjxqsnpS6Wx2UOO2Ei,Education,0,NA,0,0
30,dn03X+rObh7XanWjxqsnpS6Wx2UOO2Ei,Education,0,NA,1,0
20,dn03X+rObh7XanWjxqsnpS6Wx2UOO2Ei,Education,0,F,0,0
20,dn03X+rObh7XanWjxqsnpS6Wx2UOO2Ei,Education,0,NA,1,0
50,dn03X+rObh7XanWjxqsnpS6Wx2UOO2Ei,Education,1,NA,0,0
100,S+tVy4rCw2jp0pV0cBeF0y6WxiALNWIr,Charity,0,M,0,0
50,S+tVy4rCw2jp0pV0cBeF0y6WxiALNWIr,Charity,0,F,0,0
50,S+tVy4rCw2jp0pV0cBeF0y6WxiALNWIr,Charity,0,F,0,0
50,S+tVy4rCw2jp0pV0cBeF0y6WxiALNWIr,Charity,0,F,0,0
20,S+tVy4rCw2jp0pV0cBeF0y6WxiALNWIr,Charity,0,NA,0,0
20,S+tVy4rCw2jp0pV0cBeF0y6WxiALNWIr,Charity,0,F,0,0
25,S+tVy4rCw2jp0pV0cBeF0y6WxiALNWIr,Charity,0,F,0,0
50,S+tVy4rCw2jp0pV0cBeF0y6WxiALNWIr,Charity,0,NA,0,0
15,S+tVy4rCw2jp0pV0cBeF0y6WxiALNWIr,Charity,1,NA,0,0
100,S+tVy4rCw2jp0pV0cBeF0y6WxiALNWIr,Charity,0,NA,0,0
100,S+tVy4rCw2jp0pV0cBeF0y6WxiALNWIr,Charity,0,F,0,0
50,S+tVy4rCw2jp0pV0cBeF0y6WxiALNWIr,Charity,0,F,0,0
50,S+tVy4rCw2jp0pV0cBeF0y6WxiALNWIr,Charity,0,M,0,0
100,S+tVy4rCw2jp0pV0cBeF0y6WxiALNWIr,Charity,0,F,0,0
50,S+tVy4rCw2jp0pV0cBeF0y6WxiALNWIr,Charity,0,F,0,0
100,S+tVy4rCw2jp0pV0cBeF0y6WxiALNWIr,Charity,0,NA,0,0
20,S+tVy4rCw2jp0pV0cBeF0y6WxiALNWIr,Charity,0,F,0,0
100,S+tVy4rCw2jp0pV0cBeF0y6WxiALNWIr,Charity,0,NA,0,0
50,S+tVy4rCw2jp0pV0cBeF0y6WxiALNWIr,Charity,0,NA,0,0
25,S+tVy4rCw2jp0pV0cBeF0y6WxiALNWIr,Charity,0,NA,0,0
35,S+tVy4rCw2jp0pV0cBeF0y6WxiALNWIr,Charity,0,F,0,0
50,S+tVy4rCw2jp0pV0cBeF0y6WxiALNWIr,Charity,0,F,0,0
50,S+tVy4rCw2jp0pV0cBeF0y6WxiALNWIr,Charity,1,NA,0,0
50,S+tVy4rCw2jp0pV0cBeF0y6WxiALNWIr,Charity,0,M,0,0
50,S+tVy4rCw2jp0pV0cBeF0y6WxiALNWIr,Charity,0,M,0,0
100,S+tVy4rCw2jp0pV0cBeF0y6WxiALNWIr,Charity,0,NA,0,0
10,S+tVy4rCw2jp0pV0cBeF0y6WxiALNWIr,Charity,0,F,0,0
20,pJCy6h5QlRI+u3y4Lrw5IC6WxiEcKXIu,Volunteer,0,F,0,0
20,pJCy6h5QlRI+u3y4Lrw5IC6WxiEcKXIu,Volunteer,0,NA,0,0
50,pJCy6h5QlRI+u3y4Lrw5IC6WxiEcKXIu,Volunteer,0,F,0,0
40,pJCy6h5QlRI+u3y4Lrw5IC6WxiEcKXIu,Volunteer,0,M,0,0
100,pJCy6h5QlRI+u3y4Lrw5IC6WxiEcKXIu,Volunteer,0,NA,0,0
14,sAkm3VkcdAwZDRtrCB58Uy6WxncZaGE=,Newlyweds,0,NA,0,0
30,sAkm3VkcdAwZDRtrCB58Uy6WxncZaGE=,Newlyweds,0,F,0,0
145,sAkm3VkcdAwZDRtrCB58Uy6WxncZaGE=,Newlyweds,1,NA,0,0
30,sAkm3VkcdAwZDRtrCB58Uy6WxncZaGE=,Newlyweds,0,NA,0,0
50,sAkm3VkcdAwZDRtrCB58Uy6WxncZaGE=,Newlyweds,1,NA,0,0
25,sAkm3VkcdAwZDRtrCB58Uy6WxncZaGE=,Newlyweds,1,NA,0,0
30,sAkm3VkcdAwZDRtrCB58Uy6WxncZaGE=,Newlyweds,0,M,0,0
50,sAkm3VkcdAwZDRtrCB58Uy6WxncZaGE=,Newlyweds,0,M,0,0
40,sAkm3VkcdAwZDRtrCB58Uy6WxncZaGE=,Newlyweds,0,M,0,0
100,sAkm3VkcdAwZDRtrCB58Uy6WxncZaGE=,Newlyweds,1,NA,0,0
40,sAkm3VkcdAwZDRtrCB58Uy6WxncZaGE=,Newlyweds,0,F,0,0
30,sAkm3VkcdAwZDRtrCB58Uy6WxncZaGE=,Newlyweds,0,F,0,0
35,sAkm3VkcdAwZDRtrCB58Uy6WxncZaGE=,Newlyweds,1,NA,0,0
10,sAkm3VkcdAwZDRtrCB58Uy6WxncZaGE=,Newlyweds,0,M,0,0
10,sAkm3VkcdAwZDRtrCB58Uy6WxncZaGE=,Newlyweds,0,M,0,0
10,sAkm3VkcdAwZDRtrCB58Uy6WxncZaGE=,Newlyweds,0,M,0,0
10,sAkm3VkcdAwZDRtrCB58Uy6WxncZaGE=,Newlyweds,0,M,0,0
30,sAkm3VkcdAwZDRtrCB58Uy6WxncZaGE=,Newlyweds,0,NA,0,0
20,yLgBLhe1aaVd4ZTS+w/W2C6Wxn5DLWhx,Travel,0,M,0,0
25,yLgBLhe1aaVd4ZTS+w/W2C6Wxn5DLWhx,Travel,0,F,0,0
20,yLgBLhe1aaVd4ZTS+w/W2C6Wxn5DLWhx,Travel,0,M,0,0
18,SeO9+U6NvZtxQth4ci0zQC6WxmQYZj8v,Sports,0,F,0,0
100,SeO9+U6NvZtxQth4ci0zQC6WxmQYZj8v,Sports,0,M,0,0
50,SeO9+U6NvZtxQth4ci0zQC6WxmQYZj8v,Sports,0,F,1,0
100,SeO9+U6NvZtxQth4ci0zQC6WxmQYZj8v,Sports,0,M,0,0
500,SeO9+U6NvZtxQth4ci0zQC6WxmQYZj8v,Sports,0,F,0,0
25,SeO9+U6NvZtxQth4ci0zQC6WxmQYZj8v,Sports,0,F,0,0
100,SeO9+U6NvZtxQth4ci0zQC6WxmQYZj8v,Sports,0,M,0,0
200,SeO9+U6NvZtxQth4ci0zQC6WxmQYZj8v,Sports,0,M,0,0
100,SeO9+U6NvZtxQth4ci0zQC6WxmQYZj8v,Sports,0,F,0,0
200,SeO9+U6NvZtxQth4ci0zQC6WxmQYZj8v,Sports,0,F,1,0
20,PoJZFU0znPVGzvAUpmdJBS6WxmIMNXci,Alberta Fires,0,M,0,0
20,PoJZFU0znPVGzvAUpmdJBS6WxmIMNXci,Alberta Fires,0,M,0,0
20,PoJZFU0znPVGzvAUpmdJBS6WxmIMNXci,Alberta Fires,0,M,0,0
20,PoJZFU0znPVGzvAUpmdJBS6WxmIMNXci,Alberta Fires,0,F,0,0
20,PoJZFU0znPVGzvAUpmdJBS6WxmIMNXci,Alberta Fires,0,F,0,0
10,PoJZFU0znPVGzvAUpmdJBS6WxmIMNXci,Alberta Fires,1,NA,0,0
25,PoJZFU0znPVGzvAUpmdJBS6WxmIMNXci,Alberta Fires,0,M,0,0
15,PoJZFU0znPVGzvAUpmdJBS6WxmIMNXci,Alberta Fires,0,M,0,0
20,PoJZFU0znPVGzvAUpmdJBS6WxmIMNXci,Alberta Fires,0,M,0,0
10,PoJZFU0znPVGzvAUpmdJBS6WxmIMNXci,Alberta Fires,0,NA,0,0
50,PoJZFU0znPVGzvAUpmdJBS6WxmIMNXci,Alberta Fires,0,M,0,0
100,PoJZFU0znPVGzvAUpmdJBS6WxmIMNXci,Alberta Fires,0,NA,0,0
30,PoJZFU0znPVGzvAUpmdJBS6WxmIMNXci,Alberta Fires,0,NA,0,1
50,PoJZFU0znPVGzvAUpmdJBS6WxmIMNXci,Alberta Fires,0,F,0,0
20,PoJZFU0znPVGzvAUpmdJBS6WxmIMNXci,Alberta Fires,0,M,0,0
10,PoJZFU0znPVGzvAUpmdJBS6WxmIMNXci,Alberta Fires,1,NA,0,0
20,PoJZFU0znPVGzvAUpmdJBS6WxmIMNXci,Alberta Fires,0,NA,0,0
20,PoJZFU0znPVGzvAUpmdJBS6WxmIMNXci,Alberta Fires,0,M,0,0
50,PoJZFU0znPVGzvAUpmdJBS6WxmIMNXci,Alberta Fires,0,F,0,0
30,PoJZFU0znPVGzvAUpmdJBS6WxmIMNXci,Alberta Fires,0,F,0,0
10,PoJZFU0znPVGzvAUpmdJBS6WxmIMNXci,Alberta Fires,0,M,0,0
20,PoJZFU0znPVGzvAUpmdJBS6WxmIMNXci,Alberta Fires,0,F,0,0
10,PoJZFU0znPVGzvAUpmdJBS6WxmIMNXci,Alberta Fires,0,NA,0,1
15,PoJZFU0znPVGzvAUpmdJBS6WxmIMNXci,Alberta Fires,0,M,0,0
50,PoJZFU0znPVGzvAUpmdJBS6WxmIMNXci,Alberta Fires,0,M,0,0
100,MZea4fwP03EBRsXQK7J5Hi6WxmAeaWhx,Charity,0,M,0,0
50,MZea4fwP03EBRsXQK7J5Hi6WxmAeaWhx,Charity,0,F,0,0
50,MZea4fwP03EBRsXQK7J5Hi6WxmAeaWhx,Charity,0,M,0,0
440,MZea4fwP03EBRsXQK7J5Hi6WxmAeaWhx,Charity,1,NA,0,0
60,MZea4fwP03EBRsXQK7J5Hi6WxmAeaWhx,Charity,0,F,0,0
50,MZea4fwP03EBRsXQK7J5Hi6WxmAeaWhx,Charity,0,M,0,0
50,MZea4fwP03EBRsXQK7J5Hi6WxmAeaWhx,Charity,0,F,0,0
10,MZea4fwP03EBRsXQK7J5Hi6WxmAeaWhx,Charity,1,NA,0,0
50,MZea4fwP03EBRsXQK7J5Hi6WxmAeaWhx,Charity,0,M,0,0
25,MZea4fwP03EBRsXQK7J5Hi6WxmAeaWhx,Charity,0,M,1,0
25,MZea4fwP03EBRsXQK7J5Hi6WxmAeaWhx,Charity,0,M,0,0
25,MZea4fwP03EBRsXQK7J5Hi6WxmAeaWhx,Charity,0,NA,0,0
20,MZea4fwP03EBRsXQK7J5Hi6WxmAeaWhx,Charity,0,F,0,0
25,MZea4fwP03EBRsXQK7J5Hi6WxmAeaWhx,Charity,0,M,0,0
100,MZea4fwP03EBRsXQK7J5Hi6WxmAeaWhx,Charity,0,M,0,0
50,MZea4fwP03EBRsXQK7J5Hi6WxmAeaWhx,Charity,1,NA,0,0
50,MZea4fwP03EBRsXQK7J5Hi6WxmAeaWhx,Charity,0,NA,0,0
50,MZea4fwP03EBRsXQK7J5Hi6WxmAeaWhx,Charity,0,M,0,0
500,MZea4fwP03EBRsXQK7J5Hi6WxmAeaWhx,Charity,0,NA,0,0
75,MZea4fwP03EBRsXQK7J5Hi6WxmAeaWhx,Charity,0,NA,0,0
25,MZea4fwP03EBRsXQK7J5Hi6WxmAeaWhx,Charity,0,M,0,0
40,MZea4fwP03EBRsXQK7J5Hi6WxmAeaWhx,Charity,0,NA,0,0
100,MZea4fwP03EBRsXQK7J5Hi6WxmAeaWhx,Charity,0,NA,0,0
100,MZea4fwP03EBRsXQK7J5Hi6WxmAeaWhx,Charity,0,M,0,0
25,MZea4fwP03EBRsXQK7J5Hi6WxmAeaWhx,Charity,0,M,0,0
50,MZea4fwP03EBRsXQK7J5Hi6WxmAeaWhx,Charity,0,F,0,0
50,MZea4fwP03EBRsXQK7J5Hi6WxmAeaWhx,Charity,0,NA,0,0
100,MZea4fwP03EBRsXQK7J5Hi6WxmAeaWhx,Charity,0,F,0,0
40,MZea4fwP03EBRsXQK7J5Hi6WxmAeaWhx,Charity,0,M,0,0
15,MZea4fwP03EBRsXQK7J5Hi6WxmAeaWhx,Charity,0,M,0,0
500,MZea4fwP03EBRsXQK7J5Hi6WxmAeaWhx,Charity,0,M,0,0
50,MZea4fwP03EBRsXQK7J5Hi6WxmAeaWhx,Charity,0,F,0,0
40,MZea4fwP03EBRsXQK7J5Hi6WxmAeaWhx,Charity,0,F,0,0
100,MZea4fwP03EBRsXQK7J5Hi6WxmAeaWhx,Charity,0,M,1,0
25,MZea4fwP03EBRsXQK7J5Hi6WxmAeaWhx,Charity,1,NA,0,0
25,MZea4fwP03EBRsXQK7J5Hi6WxmAeaWhx,Charity,0,M,0,0
25,MZea4fwP03EBRsXQK7J5Hi6WxmAeaWhx,Charity,0,F,0,0
10,MZea4fwP03EBRsXQK7J5Hi6WxmAeaWhx,Charity,0,F,0,0
10,MZea4fwP03EBRsXQK7J5Hi6WxmAeaWhx,Charity,0,NA,0,0
25,MZea4fwP03EBRsXQK7J5Hi6WxmAeaWhx,Charity,0,F,0,0
50,MZea4fwP03EBRsXQK7J5Hi6WxmAeaWhx,Charity,0,M,0,0
100,MZea4fwP03EBRsXQK7J5Hi6WxmAeaWhx,Charity,0,F,0,0
10,MZea4fwP03EBRsXQK7J5Hi6WxmAeaWhx,Charity,0,F,0,0
25,MZea4fwP03EBRsXQK7J5Hi6WxmAeaWhx,Charity,0,F,0,0
100,MZea4fwP03EBRsXQK7J5Hi6WxmAeaWhx,Charity,0,M,0,0
25,MZea4fwP03EBRsXQK7J5Hi6WxmAeaWhx,Charity,0,F,0,0
30,MZea4fwP03EBRsXQK7J5Hi6WxmAeaWhx,Charity,0,F,0,0
50,2DpW3euW4ebetxiq+63OLi6WxmEaLm4+,Business,0,NA,0,0
150,2DpW3euW4ebetxiq+63OLi6WxmEaLm4+,Business,0,F,0,0
500,2DpW3euW4ebetxiq+63OLi6WxmEaLm4+,Business,0,NA,0,0
100,2DpW3euW4ebetxiq+63OLi6WxmEaLm4+,Business,1,NA,0,0
50,2DpW3euW4ebetxiq+63OLi6WxmEaLm4+,Business,1,NA,0,0
100,BIKWZzCLJp/B1toDaTnvHi6WxXUWLj8w,Alberta Fires,0,M,0,0
100,BIKWZzCLJp/B1toDaTnvHi6WxXUWLj8w,Alberta Fires,0,NA,0,0
100,BIKWZzCLJp/B1toDaTnvHi6WxXUWLj8w,Alberta Fires,0,F,0,0
20,BIKWZzCLJp/B1toDaTnvHi6WxXUWLj8w,Alberta Fires,0,F,1,0
100,BIKWZzCLJp/B1toDaTnvHi6WxXUWLj8w,Alberta Fires,0,NA,1,0
20,BIKWZzCLJp/B1toDaTnvHi6WxXUWLj8w,Alberta Fires,0,F,0,0
100,BIKWZzCLJp/B1toDaTnvHi6WxXUWLj8w,Alberta Fires,0,F,0,0
50,BIKWZzCLJp/B1toDaTnvHi6WxXUWLj8w,Alberta Fires,0,F,0,0
50,BIKWZzCLJp/B1toDaTnvHi6WxXUWLj8w,Alberta Fires,0,F,0,0
100,BIKWZzCLJp/B1toDaTnvHi6WxXUWLj8w,Alberta Fires,0,F,1,0
50,BIKWZzCLJp/B1toDaTnvHi6WxXUWLj8w,Alberta Fires,0,NA,0,0
25,BIKWZzCLJp/B1toDaTnvHi6WxXUWLj8w,Alberta Fires,0,F,0,0
20,BIKWZzCLJp/B1toDaTnvHi6WxXUWLj8w,Alberta Fires,1,NA,0,0
25,BIKWZzCLJp/B1toDaTnvHi6WxXUWLj8w,Alberta Fires,0,F,0,0
100,BIKWZzCLJp/B1toDaTnvHi6WxXUWLj8w,Alberta Fires,0,F,1,0
100,BIKWZzCLJp/B1toDaTnvHi6WxXUWLj8w,Alberta Fires,0,F,0,0
500,h4QpQ/uL7yEbQeBfHm+OsS6WxXwJanZ6,Alberta Fires,0,M,0,0
100,h4QpQ/uL7yEbQeBfHm+OsS6WxXwJanZ6,Alberta Fires,0,M,0,0
75,h4QpQ/uL7yEbQeBfHm+OsS6WxXwJanZ6,Alberta Fires,0,F,0,0
25,h4QpQ/uL7yEbQeBfHm+OsS6WxXwJanZ6,Alberta Fires,0,NA,0,1
100,h4QpQ/uL7yEbQeBfHm+OsS6WxXwJanZ6,Alberta Fires,0,F,0,1
550,h4QpQ/uL7yEbQeBfHm+OsS6WxXwJanZ6,Alberta Fires,0,F,1,1
25,h4QpQ/uL7yEbQeBfHm+OsS6WxXwJanZ6,Alberta Fires,0,F,0,0
100,h4QpQ/uL7yEbQeBfHm+OsS6WxXwJanZ6,Alberta Fires,0,F,0,0
25,h4QpQ/uL7yEbQeBfHm+OsS6WxXwJanZ6,Alberta Fires,0,F,0,0
140,h4QpQ/uL7yEbQeBfHm+OsS6WxXwJanZ6,Alberta Fires,0,NA,0,0
100,h4QpQ/uL7yEbQeBfHm+OsS6WxXwJanZ6,Alberta Fires,0,F,0,1
100,h4QpQ/uL7yEbQeBfHm+OsS6WxXwJanZ6,Alberta Fires,0,F,0,0
100,h4QpQ/uL7yEbQeBfHm+OsS6WxXwJanZ6,Alberta Fires,0,F,0,1
100,h4QpQ/uL7yEbQeBfHm+OsS6WxXwJanZ6,Alberta Fires,0,NA,0,0
100,h4QpQ/uL7yEbQeBfHm+OsS6WxXwJanZ6,Alberta Fires,0,NA,0,0
20,h4QpQ/uL7yEbQeBfHm+OsS6WxXwJanZ6,Alberta Fires,0,F,0,1
100,h4QpQ/uL7yEbQeBfHm+OsS6WxXwJanZ6,Alberta Fires,0,F,0,0
100,h4QpQ/uL7yEbQeBfHm+OsS6WxXwJanZ6,Alberta Fires,0,F,0,0
100,h4QpQ/uL7yEbQeBfHm+OsS6WxXwJanZ6,Alberta Fires,0,F,0,1
100,h4QpQ/uL7yEbQeBfHm+OsS6WxXwJanZ6,Alberta Fires,0,NA,0,0
100,h4QpQ/uL7yEbQeBfHm+OsS6WxXwJanZ6,Alberta Fires,0,F,0,1
50,h4QpQ/uL7yEbQeBfHm+OsS6WxXwJanZ6,Alberta Fires,0,NA,0,0
100,h4QpQ/uL7yEbQeBfHm+OsS6WxXwJanZ6,Alberta Fires,0,M,0,0
25,h4QpQ/uL7yEbQeBfHm+OsS6WxXwJanZ6,Alberta Fires,0,F,0,0
50,h4QpQ/uL7yEbQeBfHm+OsS6WxXwJanZ6,Alberta Fires,0,NA,0,0
25,h4QpQ/uL7yEbQeBfHm+OsS6WxXwJanZ6,Alberta Fires,0,F,0,0
75,h4QpQ/uL7yEbQeBfHm+OsS6WxXwJanZ6,Alberta Fires,0,F,0,0
100,h4QpQ/uL7yEbQeBfHm+OsS6WxXwJanZ6,Alberta Fires,0,M,0,0
25,h4QpQ/uL7yEbQeBfHm+OsS6WxXwJanZ6,Alberta Fires,0,M,0,0
50,h4QpQ/uL7yEbQeBfHm+OsS6WxXwJanZ6,Alberta Fires,1,NA,0,0
50,h4QpQ/uL7yEbQeBfHm+OsS6WxXwJanZ6,Alberta Fires,0,NA,0,0
25,h4QpQ/uL7yEbQeBfHm+OsS6WxXwJanZ6,Alberta Fires,0,M,0,0
20,h4QpQ/uL7yEbQeBfHm+OsS6WxXwJanZ6,Alberta Fires,0,M,0,0
50,h4QpQ/uL7yEbQeBfHm+OsS6WxXwJanZ6,Alberta Fires,0,F,0,0
100,h4QpQ/uL7yEbQeBfHm+OsS6WxXwJanZ6,Alberta Fires,0,NA,0,0
25,h4QpQ/uL7yEbQeBfHm+OsS6WxXwJanZ6,Alberta Fires,0,NA,0,1
100,h4QpQ/uL7yEbQeBfHm+OsS6WxXwJanZ6,Alberta Fires,0,F,0,1
100,h4QpQ/uL7yEbQeBfHm+OsS6WxXwJanZ6,Alberta Fires,0,NA,0,0
100,h4QpQ/uL7yEbQeBfHm+OsS6WxXwJanZ6,Alberta Fires,0,NA,0,0
200,h4QpQ/uL7yEbQeBfHm+OsS6WxXwJanZ6,Alberta Fires,0,F,1,0
100,h4QpQ/uL7yEbQeBfHm+OsS6WxXwJanZ6,Alberta Fires,0,NA,0,0
100,h4QpQ/uL7yEbQeBfHm+OsS6WxXwJanZ6,Alberta Fires,0,NA,0,0
25,h4QpQ/uL7yEbQeBfHm+OsS6WxXwJanZ6,Alberta Fires,0,F,0,0
50,h4QpQ/uL7yEbQeBfHm+OsS6WxXwJanZ6,Alberta Fires,1,NA,0,0
100,h4QpQ/uL7yEbQeBfHm+OsS6WxXwJanZ6,Alberta Fires,0,F,0,0
50,h4QpQ/uL7yEbQeBfHm+OsS6WxXwJanZ6,Alberta Fires,0,F,0,0
100,h4QpQ/uL7yEbQeBfHm+OsS6WxXwJanZ6,Alberta Fires,0,F,0,0
20,h4QpQ/uL7yEbQeBfHm+OsS6WxXwJanZ6,Alberta Fires,0,F,0,1
150,h4QpQ/uL7yEbQeBfHm+OsS6WxXwJanZ6,Alberta Fires,0,F,0,0
25,h4QpQ/uL7yEbQeBfHm+OsS6WxXwJanZ6,Alberta Fires,0,F,0,0
150,h4QpQ/uL7yEbQeBfHm+OsS6WxXwJanZ6,Alberta Fires,0,NA,0,0
100,h4QpQ/uL7yEbQeBfHm+OsS6WxXwJanZ6,Alberta Fires,0,M,0,0
50,h4QpQ/uL7yEbQeBfHm+OsS6WxXwJanZ6,Alberta Fires,0,F,0,1
100,h4QpQ/uL7yEbQeBfHm+OsS6WxXwJanZ6,Alberta Fires,0,F,0,0
50,h4QpQ/uL7yEbQeBfHm+OsS6WxXwJanZ6,Alberta Fires,0,NA,0,0
100,h4QpQ/uL7yEbQeBfHm+OsS6WxXwJanZ6,Alberta Fires,0,F,0,0
100,h4QpQ/uL7yEbQeBfHm+OsS6WxXwJanZ6,Alberta Fires,1,NA,0,0
100,h4QpQ/uL7yEbQeBfHm+OsS6WxXwJanZ6,Alberta Fires,0,NA,1,0
50,F/1M4yddcvvGEOexA/Yxli6WxXgRNXwj,Alberta Fires,0,NA,0,0
15,F/1M4yddcvvGEOexA/Yxli6WxXgRNXwj,Alberta Fires,0,NA,0,0
100,F/1M4yddcvvGEOexA/Yxli6WxXgRNXwj,Alberta Fires,0,NA,0,0
50,F/1M4yddcvvGEOexA/Yxli6WxXgRNXwj,Alberta Fires,0,M,0,0
200,F/1M4yddcvvGEOexA/Yxli6WxXgRNXwj,Alberta Fires,0,NA,0,0
5,F/1M4yddcvvGEOexA/Yxli6WxXgRNXwj,Alberta Fires,0,F,0,0
30,F/1M4yddcvvGEOexA/Yxli6WxXgRNXwj,Alberta Fires,0,NA,0,0
100,F/1M4yddcvvGEOexA/Yxli6WxXgRNXwj,Alberta Fires,0,F,0,0
50,F/1M4yddcvvGEOexA/Yxli6WxXgRNXwj,Alberta Fires,0,F,0,1
100,F/1M4yddcvvGEOexA/Yxli6WxXgRNXwj,Alberta Fires,0,NA,0,0
50,F/1M4yddcvvGEOexA/Yxli6WxXgRNXwj,Alberta Fires,0,NA,0,0
50,F/1M4yddcvvGEOexA/Yxli6WxXgRNXwj,Alberta Fires,0,NA,0,0
100,F/1M4yddcvvGEOexA/Yxli6WxXgRNXwj,Alberta Fires,0,F,0,0
200,F/1M4yddcvvGEOexA/Yxli6WxXgRNXwj,Alberta Fires,0,NA,0,0
50,F/1M4yddcvvGEOexA/Yxli6WxXgRNXwj,Alberta Fires,0,F,0,0
100,eTxI9JX6KS5Y/h3pFj7xmy6WxWcWJ2R8,Creative,0,F,0,0
150,eTxI9JX6KS5Y/h3pFj7xmy6WxWcWJ2R8,Creative,0,NA,0,0
100,eTxI9JX6KS5Y/h3pFj7xmy6WxWcWJ2R8,Creative,0,NA,0,0
300,eTxI9JX6KS5Y/h3pFj7xmy6WxWcWJ2R8,Creative,0,F,0,0
100,eTxI9JX6KS5Y/h3pFj7xmy6WxWcWJ2R8,Creative,1,NA,0,0
100,eTxI9JX6KS5Y/h3pFj7xmy6WxWcWJ2R8,Creative,0,F,1,0
50,eTxI9JX6KS5Y/h3pFj7xmy6WxWcWJ2R8,Creative,0,M,0,0
100,eTxI9JX6KS5Y/h3pFj7xmy6WxWcWJ2R8,Creative,0,NA,0,0
100,eTxI9JX6KS5Y/h3pFj7xmy6WxWcWJ2R8,Creative,0,F,0,0
200,eTxI9JX6KS5Y/h3pFj7xmy6WxWcWJ2R8,Creative,0,NA,0,0
20,eTxI9JX6KS5Y/h3pFj7xmy6WxWcWJ2R8,Creative,0,NA,0,0
200,eTxI9JX6KS5Y/h3pFj7xmy6WxWcWJ2R8,Creative,0,M,0,0
200,eTxI9JX6KS5Y/h3pFj7xmy6WxWcWJ2R8,Creative,0,NA,0,0
10,eTxI9JX6KS5Y/h3pFj7xmy6WxWcWJ2R8,Creative,0,M,1,0
105,lwgNKczsp2QfF7xLpNKCti6WxWICbGI6,Charity,0,M,0,0
107,lwgNKczsp2QfF7xLpNKCti6WxWICbGI6,Charity,0,M,0,0
250,lwgNKczsp2QfF7xLpNKCti6WxWICbGI6,Charity,0,M,0,0
150,lwgNKczsp2QfF7xLpNKCti6WxWICbGI6,Charity,0,M,0,0
150,lwgNKczsp2QfF7xLpNKCti6WxWICbGI6,Charity,0,NA,0,0
20,lwgNKczsp2QfF7xLpNKCti6WxWICbGI6,Charity,0,M,0,0
100,lwgNKczsp2QfF7xLpNKCti6WxWICbGI6,Charity,0,F,0,0
100,lwgNKczsp2QfF7xLpNKCti6WxWICbGI6,Charity,0,F,0,0
50,lwgNKczsp2QfF7xLpNKCti6WxWICbGI6,Charity,0,M,0,0
50,lwgNKczsp2QfF7xLpNKCti6WxWICbGI6,Charity,0,M,0,0
150,lwgNKczsp2QfF7xLpNKCti6WxWICbGI6,Charity,0,M,0,0
50,lwgNKczsp2QfF7xLpNKCti6WxWICbGI6,Charity,0,NA,0,0
100,lwgNKczsp2QfF7xLpNKCti6WxWICbGI6,Charity,0,M,0,0
50,lwgNKczsp2QfF7xLpNKCti6WxWICbGI6,Charity,0,M,0,0
100,lwgNKczsp2QfF7xLpNKCti6WxWICbGI6,Charity,0,M,0,0
40,lwgNKczsp2QfF7xLpNKCti6WxWICbGI6,Charity,0,M,0,0
200,lwgNKczsp2QfF7xLpNKCti6WxWICbGI6,Charity,0,M,0,0
100,lwgNKczsp2QfF7xLpNKCti6WxWICbGI6,Charity,0,M,0,0
100,yY4SfFpDgd88rrKwOrQn1y6WxC4TOGU=,Medical,0,NA,0,0
50,yY4SfFpDgd88rrKwOrQn1y6WxC4TOGU=,Medical,0,M,0,0
30,yY4SfFpDgd88rrKwOrQn1y6WxC4TOGU=,Medical,0,NA,0,0
50,yY4SfFpDgd88rrKwOrQn1y6WxC4TOGU=,Medical,0,F,0,0
1000,yY4SfFpDgd88rrKwOrQn1y6WxC4TOGU=,Medical,1,NA,0,0
50,yY4SfFpDgd88rrKwOrQn1y6WxC4TOGU=,Medical,0,NA,0,0
100,yY4SfFpDgd88rrKwOrQn1y6WxC4TOGU=,Medical,0,M,0,0
50,yY4SfFpDgd88rrKwOrQn1y6WxC4TOGU=,Medical,0,M,0,0
75,yY4SfFpDgd88rrKwOrQn1y6WxC4TOGU=,Medical,0,F,0,1
30,yY4SfFpDgd88rrKwOrQn1y6WxC4TOGU=,Medical,0,F,0,0
50,yY4SfFpDgd88rrKwOrQn1y6WxC4TOGU=,Medical,0,NA,0,0
20,yY4SfFpDgd88rrKwOrQn1y6WxC4TOGU=,Medical,0,F,0,0
20,yY4SfFpDgd88rrKwOrQn1y6WxC4TOGU=,Medical,0,M,0,0
25,yY4SfFpDgd88rrKwOrQn1y6WxC4TOGU=,Medical,1,NA,0,0
100,yY4SfFpDgd88rrKwOrQn1y6WxC4TOGU=,Medical,0,M,0,0
50,yY4SfFpDgd88rrKwOrQn1y6WxC4TOGU=,Medical,0,F,0,0
200,yY4SfFpDgd88rrKwOrQn1y6WxC4TOGU=,Medical,1,NA,0,0
100,yY4SfFpDgd88rrKwOrQn1y6WxC4TOGU=,Medical,0,NA,0,0
25,yY4SfFpDgd88rrKwOrQn1y6WxC4TOGU=,Medical,1,NA,0,0
25,yY4SfFpDgd88rrKwOrQn1y6WxC4TOGU=,Medical,0,F,0,0
50,yY4SfFpDgd88rrKwOrQn1y6WxC4TOGU=,Medical,0,F,0,0
20,yY4SfFpDgd88rrKwOrQn1y6WxC4TOGU=,Medical,0,M,0,0
50,yY4SfFpDgd88rrKwOrQn1y6WxC4TOGU=,Medical,0,M,0,0
100,yY4SfFpDgd88rrKwOrQn1y6WxC4TOGU=,Medical,0,M,0,0
416,yY4SfFpDgd88rrKwOrQn1y6WxC4TOGU=,Medical,0,NA,0,0
25,yY4SfFpDgd88rrKwOrQn1y6WxC4TOGU=,Medical,1,NA,0,0
100,yY4SfFpDgd88rrKwOrQn1y6WxC4TOGU=,Medical,0,F,0,0
50,yY4SfFpDgd88rrKwOrQn1y6WxC4TOGU=,Medical,0,F,0,0
200,yY4SfFpDgd88rrKwOrQn1y6WxC4TOGU=,Medical,0,NA,0,0
25,yY4SfFpDgd88rrKwOrQn1y6WxC4TOGU=,Medical,0,NA,0,0
25,yY4SfFpDgd88rrKwOrQn1y6WxC4TOGU=,Medical,0,F,0,0
200,yY4SfFpDgd88rrKwOrQn1y6WxC4TOGU=,Medical,0,M,1,0
50,yY4SfFpDgd88rrKwOrQn1y6WxC4TOGU=,Medical,0,F,0,0
25,yY4SfFpDgd88rrKwOrQn1y6WxC4TOGU=,Medical,0,M,0,0
100,yY4SfFpDgd88rrKwOrQn1y6WxC4TOGU=,Medical,0,F,0,0
100,yY4SfFpDgd88rrKwOrQn1y6WxC4TOGU=,Medical,0,F,0,0
50,yY4SfFpDgd88rrKwOrQn1y6WxC4TOGU=,Medical,0,M,0,0
20,yY4SfFpDgd88rrKwOrQn1y6WxC4TOGU=,Medical,0,F,0,0
100,yY4SfFpDgd88rrKwOrQn1y6WxC4TOGU=,Medical,1,NA,0,0
500,yY4SfFpDgd88rrKwOrQn1y6WxC4TOGU=,Medical,0,F,0,0
250,yY4SfFpDgd88rrKwOrQn1y6WxC4TOGU=,Medical,1,NA,0,0
50,yY4SfFpDgd88rrKwOrQn1y6WxC4TOGU=,Medical,0,F,0,0
75,yY4SfFpDgd88rrKwOrQn1y6WxC4TOGU=,Medical,0,M,0,0
50,yY4SfFpDgd88rrKwOrQn1y6WxC4TOGU=,Medical,0,M,0,0
5,yY4SfFpDgd88rrKwOrQn1y6WxC4TOGU=,Medical,0,F,0,0
50,yY4SfFpDgd88rrKwOrQn1y6WxC4TOGU=,Medical,0,M,0,0
100,yY4SfFpDgd88rrKwOrQn1y6WxC4TOGU=,Medical,0,M,0,0
10,yY4SfFpDgd88rrKwOrQn1y6WxC4TOGU=,Medical,0,M,0,0
50,yY4SfFpDgd88rrKwOrQn1y6WxC4TOGU=,Medical,1,NA,0,0
100,yY4SfFpDgd88rrKwOrQn1y6WxC4TOGU=,Medical,1,NA,0,0
500,yY4SfFpDgd88rrKwOrQn1y6WxC4TOGU=,Medical,1,NA,0,0
50,yY4SfFpDgd88rrKwOrQn1y6WxC4TOGU=,Medical,0,F,0,0
25,yY4SfFpDgd88rrKwOrQn1y6WxC4TOGU=,Medical,1,NA,0,0
100,yY4SfFpDgd88rrKwOrQn1y6WxC4TOGU=,Medical,0,NA,0,0
50,yY4SfFpDgd88rrKwOrQn1y6WxC4TOGU=,Medical,0,NA,0,0
50,yY4SfFpDgd88rrKwOrQn1y6WxC4TOGU=,Medical,0,M,0,1
100,yY4SfFpDgd88rrKwOrQn1y6WxC4TOGU=,Medical,0,F,0,0
1500,yY4SfFpDgd88rrKwOrQn1y6WxC4TOGU=,Medical,0,NA,0,0
100,yY4SfFpDgd88rrKwOrQn1y6WxC4TOGU=,Medical,0,NA,0,0
15,yY4SfFpDgd88rrKwOrQn1y6WxC4TOGU=,Medical,1,NA,0,0
50,yY4SfFpDgd88rrKwOrQn1y6WxC4TOGU=,Medical,1,NA,0,0
10,yY4SfFpDgd88rrKwOrQn1y6WxC4TOGU=,Medical,1,NA,0,0
50,yY4SfFpDgd88rrKwOrQn1y6WxC4TOGU=,Medical,0,F,0,0
50,yY4SfFpDgd88rrKwOrQn1y6WxC4TOGU=,Medical,0,M,0,0
50,yY4SfFpDgd88rrKwOrQn1y6WxC4TOGU=,Medical,0,F,0,0
100,yY4SfFpDgd88rrKwOrQn1y6WxC4TOGU=,Medical,0,M,0,0
100,yY4SfFpDgd88rrKwOrQn1y6WxC4TOGU=,Medical,0,NA,0,1
25,yY4SfFpDgd88rrKwOrQn1y6WxC4TOGU=,Medical,1,NA,0,0
200,yY4SfFpDgd88rrKwOrQn1y6WxC4TOGU=,Medical,0,NA,0,0
100,yY4SfFpDgd88rrKwOrQn1y6WxC4TOGU=,Medical,0,NA,0,0
250,yY4SfFpDgd88rrKwOrQn1y6WxC4TOGU=,Medical,0,NA,0,1
50,yY4SfFpDgd88rrKwOrQn1y6WxC4TOGU=,Medical,1,NA,0,0
125,yY4SfFpDgd88rrKwOrQn1y6WxC4TOGU=,Medical,0,NA,0,0
250,yY4SfFpDgd88rrKwOrQn1y6WxC4TOGU=,Medical,0,M,0,0
100,yY4SfFpDgd88rrKwOrQn1y6WxC4TOGU=,Medical,0,M,0,0
100,yY4SfFpDgd88rrKwOrQn1y6WxC4TOGU=,Medical,0,F,0,0
20,yY4SfFpDgd88rrKwOrQn1y6WxC4TOGU=,Medical,0,NA,0,0
50,yY4SfFpDgd88rrKwOrQn1y6WxC4TOGU=,Medical,0,M,0,0
200,yY4SfFpDgd88rrKwOrQn1y6WxC4TOGU=,Medical,0,F,0,0
100,yY4SfFpDgd88rrKwOrQn1y6WxC4TOGU=,Medical,0,F,0,0
100,yY4SfFpDgd88rrKwOrQn1y6WxC4TOGU=,Medical,0,M,0,0
50,yY4SfFpDgd88rrKwOrQn1y6WxC4TOGU=,Medical,0,M,0,0
20,yY4SfFpDgd88rrKwOrQn1y6WxC4TOGU=,Medical,0,F,0,0
100,yY4SfFpDgd88rrKwOrQn1y6WxC4TOGU=,Medical,1,NA,0,0
500,yY4SfFpDgd88rrKwOrQn1y6WxC4TOGU=,Medical,0,F,0,0
250,yY4SfFpDgd88rrKwOrQn1y6WxC4TOGU=,Medical,1,NA,0,0
50,yY4SfFpDgd88rrKwOrQn1y6WxC4TOGU=,Medical,0,F,0,0
75,yY4SfFpDgd88rrKwOrQn1y6WxC4TOGU=,Medical,0,M,0,0
50,yY4SfFpDgd88rrKwOrQn1y6WxC4TOGU=,Medical,0,M,0,0
5,yY4SfFpDgd88rrKwOrQn1y6WxC4TOGU=,Medical,0,F,0,0
50,yY4SfFpDgd88rrKwOrQn1y6WxC4TOGU=,Medical,0,M,0,0
100,yY4SfFpDgd88rrKwOrQn1y6WxC4TOGU=,Medical,0,M,0,0
10,yY4SfFpDgd88rrKwOrQn1y6WxC4TOGU=,Medical,0,M,0,0
50,yY4SfFpDgd88rrKwOrQn1y6WxC4TOGU=,Medical,1,NA,0,0
100,yY4SfFpDgd88rrKwOrQn1y6WxC4TOGU=,Medical,1,NA,0,0
500,yY4SfFpDgd88rrKwOrQn1y6WxC4TOGU=,Medical,1,NA,0,0
50,yY4SfFpDgd88rrKwOrQn1y6WxC4TOGU=,Medical,0,F,0,0
25,yY4SfFpDgd88rrKwOrQn1y6WxC4TOGU=,Medical,1,NA,0,0
100,yY4SfFpDgd88rrKwOrQn1y6WxC4TOGU=,Medical,0,NA,0,0
50,yY4SfFpDgd88rrKwOrQn1y6WxC4TOGU=,Medical,0,NA,0,0
50,yY4SfFpDgd88rrKwOrQn1y6WxC4TOGU=,Medical,0,M,0,1
100,yY4SfFpDgd88rrKwOrQn1y6WxC4TOGU=,Medical,0,F,0,0
1500,yY4SfFpDgd88rrKwOrQn1y6WxC4TOGU=,Medical,0,NA,0,0
100,yY4SfFpDgd88rrKwOrQn1y6WxC4TOGU=,Medical,0,NA,0,0
15,yY4SfFpDgd88rrKwOrQn1y6WxC4TOGU=,Medical,1,NA,0,0
50,yY4SfFpDgd88rrKwOrQn1y6WxC4TOGU=,Medical,1,NA,0,0
10,yY4SfFpDgd88rrKwOrQn1y6WxC4TOGU=,Medical,1,NA,0,0
50,yY4SfFpDgd88rrKwOrQn1y6WxC4TOGU=,Medical,0,F,0,0
50,yY4SfFpDgd88rrKwOrQn1y6WxC4TOGU=,Medical,0,M,0,0
50,yY4SfFpDgd88rrKwOrQn1y6WxC4TOGU=,Medical,0,F,0,0
100,yY4SfFpDgd88rrKwOrQn1y6WxC4TOGU=,Medical,0,M,0,0
100,yY4SfFpDgd88rrKwOrQn1y6WxC4TOGU=,Medical,0,NA,0,1
25,yY4SfFpDgd88rrKwOrQn1y6WxC4TOGU=,Medical,1,NA,0,0
200,yY4SfFpDgd88rrKwOrQn1y6WxC4TOGU=,Medical,0,NA,0,0
100,yY4SfFpDgd88rrKwOrQn1y6WxC4TOGU=,Medical,0,NA,0,0
250,yY4SfFpDgd88rrKwOrQn1y6WxC4TOGU=,Medical,0,NA,0,1
50,yY4SfFpDgd88rrKwOrQn1y6WxC4TOGU=,Medical,1,NA,0,0
125,yY4SfFpDgd88rrKwOrQn1y6WxC4TOGU=,Medical,0,NA,0,0
250,yY4SfFpDgd88rrKwOrQn1y6WxC4TOGU=,Medical,0,M,0,0
100,yY4SfFpDgd88rrKwOrQn1y6WxC4TOGU=,Medical,0,M,0,0
100,yY4SfFpDgd88rrKwOrQn1y6WxC4TOGU=,Medical,0,F,0,0
20,yY4SfFpDgd88rrKwOrQn1y6WxC4TOGU=,Medical,0,NA,0,0
50,yY4SfFpDgd88rrKwOrQn1y6WxC4TOGU=,Medical,0,M,0,0
200,yY4SfFpDgd88rrKwOrQn1y6WxC4TOGU=,Medical,0,F,0,0
100,yY4SfFpDgd88rrKwOrQn1y6WxC4TOGU=,Medical,0,F,0,0
100,yY4SfFpDgd88rrKwOrQn1y6WxC4TOGU=,Medical,0,M,0,0
100,yY4SfFpDgd88rrKwOrQn1y6WxC4TOGU=,Medical,0,NA,0,0
1000,yY4SfFpDgd88rrKwOrQn1y6WxC4TOGU=,Medical,1,NA,0,0
50,yY4SfFpDgd88rrKwOrQn1y6WxC4TOGU=,Medical,0,M,0,0
30,yY4SfFpDgd88rrKwOrQn1y6WxC4TOGU=,Medical,0,NA,0,0
50,yY4SfFpDgd88rrKwOrQn1y6WxC4TOGU=,Medical,0,F,0,0
75,yY4SfFpDgd88rrKwOrQn1y6WxC4TOGU=,Medical,0,F,0,1
50,yY4SfFpDgd88rrKwOrQn1y6WxC4TOGU=,Medical,0,NA,0,0
100,yY4SfFpDgd88rrKwOrQn1y6WxC4TOGU=,Medical,0,M,0,0
50,yY4SfFpDgd88rrKwOrQn1y6WxC4TOGU=,Medical,0,M,0,0
20,yY4SfFpDgd88rrKwOrQn1y6WxC4TOGU=,Medical,0,M,0,0
30,yY4SfFpDgd88rrKwOrQn1y6WxC4TOGU=,Medical,0,F,0,0
50,yY4SfFpDgd88rrKwOrQn1y6WxC4TOGU=,Medical,0,NA,0,0
20,yY4SfFpDgd88rrKwOrQn1y6WxC4TOGU=,Medical,0,F,0,0
20,yY4SfFpDgd88rrKwOrQn1y6WxC4TOGU=,Medical,0,M,0,0
25,yY4SfFpDgd88rrKwOrQn1y6WxC4TOGU=,Medical,1,NA,0,0
100,yY4SfFpDgd88rrKwOrQn1y6WxC4TOGU=,Medical,0,M,0,0
50,yY4SfFpDgd88rrKwOrQn1y6WxC4TOGU=,Medical,0,F,0,0
200,yY4SfFpDgd88rrKwOrQn1y6WxC4TOGU=,Medical,1,NA,0,0
100,yY4SfFpDgd88rrKwOrQn1y6WxC4TOGU=,Medical,0,NA,0,0
25,yY4SfFpDgd88rrKwOrQn1y6WxC4TOGU=,Medical,1,NA,0,0
25,yY4SfFpDgd88rrKwOrQn1y6WxC4TOGU=,Medical,0,F,0,0
50,yY4SfFpDgd88rrKwOrQn1y6WxC4TOGU=,Medical,0,F,0,0
100,yY4SfFpDgd88rrKwOrQn1y6WxC4TOGU=,Medical,0,F,0,0
50,yY4SfFpDgd88rrKwOrQn1y6WxC4TOGU=,Medical,0,M,0,0
100,yY4SfFpDgd88rrKwOrQn1y6WxC4TOGU=,Medical,0,M,0,0
416,yY4SfFpDgd88rrKwOrQn1y6WxC4TOGU=,Medical,0,NA,0,0
25,yY4SfFpDgd88rrKwOrQn1y6WxC4TOGU=,Medical,1,NA,0,0
100,yY4SfFpDgd88rrKwOrQn1y6WxC4TOGU=,Medical,0,F,0,0
50,yY4SfFpDgd88rrKwOrQn1y6WxC4TOGU=,Medical,0,F,0,0
200,yY4SfFpDgd88rrKwOrQn1y6WxC4TOGU=,Medical,0,NA,0,0
25,yY4SfFpDgd88rrKwOrQn1y6WxC4TOGU=,Medical,0,NA,0,0
25,yY4SfFpDgd88rrKwOrQn1y6WxC4TOGU=,Medical,0,F,0,0
200,yY4SfFpDgd88rrKwOrQn1y6WxC4TOGU=,Medical,0,M,1,0
50,yY4SfFpDgd88rrKwOrQn1y6WxC4TOGU=,Medical,0,F,0,0
25,yY4SfFpDgd88rrKwOrQn1y6WxC4TOGU=,Medical,0,M,0,0
25,yY4SfFpDgd88rrKwOrQn1y6WxC4TOGU=,Medical,0,M,0,0
50,yY4SfFpDgd88rrKwOrQn1y6WxC4TOGU=,Medical,1,NA,0,0
150,yY4SfFpDgd88rrKwOrQn1y6WxC4TOGU=,Medical,0,NA,0,0
100,yY4SfFpDgd88rrKwOrQn1y6WxC4TOGU=,Medical,0,M,0,0
100,yY4SfFpDgd88rrKwOrQn1y6WxC4TOGU=,Medical,1,NA,0,0
20,yY4SfFpDgd88rrKwOrQn1y6WxC4TOGU=,Medical,0,NA,0,0
5,yY4SfFpDgd88rrKwOrQn1y6WxC4TOGU=,Medical,0,F,0,0
50,yY4SfFpDgd88rrKwOrQn1y6WxC4TOGU=,Medical,0,F,0,0
50,yY4SfFpDgd88rrKwOrQn1y6WxC4TOGU=,Medical,0,F,0,0
20,yY4SfFpDgd88rrKwOrQn1y6WxC4TOGU=,Medical,0,F,0,1
50,yY4SfFpDgd88rrKwOrQn1y6WxC4TOGU=,Medical,0,NA,0,0
100,yY4SfFpDgd88rrKwOrQn1y6WxC4TOGU=,Medical,0,NA,0,0
50,yY4SfFpDgd88rrKwOrQn1y6WxC4TOGU=,Medical,0,M,0,0
50,yY4SfFpDgd88rrKwOrQn1y6WxC4TOGU=,Medical,0,M,1,0
25,yY4SfFpDgd88rrKwOrQn1y6WxC4TOGU=,Medical,0,NA,0,0
25,yY4SfFpDgd88rrKwOrQn1y6WxC4TOGU=,Medical,0,F,0,0
100,yY4SfFpDgd88rrKwOrQn1y6WxC4TOGU=,Medical,0,F,0,0
25,yY4SfFpDgd88rrKwOrQn1y6WxC4TOGU=,Medical,0,F,0,0
100,yY4SfFpDgd88rrKwOrQn1y6WxC4TOGU=,Medical,0,F,0,0
25,yY4SfFpDgd88rrKwOrQn1y6WxC4TOGU=,Medical,0,F,0,0
100,yY4SfFpDgd88rrKwOrQn1y6WxC4TOGU=,Medical,1,NA,0,0
200,yY4SfFpDgd88rrKwOrQn1y6WxC4TOGU=,Medical,0,NA,1,0
50,yY4SfFpDgd88rrKwOrQn1y6WxC4TOGU=,Medical,0,F,0,0
20,yY4SfFpDgd88rrKwOrQn1y6WxC4TOGU=,Medical,0,F,0,1
50,yY4SfFpDgd88rrKwOrQn1y6WxC4TOGU=,Medical,0,NA,0,0
100,yY4SfFpDgd88rrKwOrQn1y6WxC4TOGU=,Medical,0,NA,0,0
50,yY4SfFpDgd88rrKwOrQn1y6WxC4TOGU=,Medical,0,M,0,0
25,yY4SfFpDgd88rrKwOrQn1y6WxC4TOGU=,Medical,0,M,0,0
50,yY4SfFpDgd88rrKwOrQn1y6WxC4TOGU=,Medical,1,NA,0,0
150,yY4SfFpDgd88rrKwOrQn1y6WxC4TOGU=,Medical,0,NA,0,0
100,yY4SfFpDgd88rrKwOrQn1y6WxC4TOGU=,Medical,0,M,0,0
100,yY4SfFpDgd88rrKwOrQn1y6WxC4TOGU=,Medical,1,NA,0,0
20,yY4SfFpDgd88rrKwOrQn1y6WxC4TOGU=,Medical,0,NA,0,0
5,yY4SfFpDgd88rrKwOrQn1y6WxC4TOGU=,Medical,0,F,0,0
50,yY4SfFpDgd88rrKwOrQn1y6WxC4TOGU=,Medical,0,F,0,0
200,yY4SfFpDgd88rrKwOrQn1y6WxC4TOGU=,Medical,0,NA,1,0
50,yY4SfFpDgd88rrKwOrQn1y6WxC4TOGU=,Medical,0,M,1,0
25,yY4SfFpDgd88rrKwOrQn1y6WxC4TOGU=,Medical,0,NA,0,0
25,yY4SfFpDgd88rrKwOrQn1y6WxC4TOGU=,Medical,0,F,0,0
100,yY4SfFpDgd88rrKwOrQn1y6WxC4TOGU=,Medical,0,F,0,0
25,yY4SfFpDgd88rrKwOrQn1y6WxC4TOGU=,Medical,0,F,0,0
100,yY4SfFpDgd88rrKwOrQn1y6WxC4TOGU=,Medical,0,F,0,0
25,yY4SfFpDgd88rrKwOrQn1y6WxC4TOGU=,Medical,0,F,0,0
100,yY4SfFpDgd88rrKwOrQn1y6WxC4TOGU=,Medical,1,NA,0,0
100,dyQd9NOkL73sZlLPDwfOny6WxC4MKnEi,Sports,0,M,0,0
50,dyQd9NOkL73sZlLPDwfOny6WxC4MKnEi,Sports,0,NA,0,0
500,dyQd9NOkL73sZlLPDwfOny6WxC4MKnEi,Sports,0,NA,0,0
25,dyQd9NOkL73sZlLPDwfOny6WxC4MKnEi,Sports,0,M,0,0
25,dyQd9NOkL73sZlLPDwfOny6WxC4MKnEi,Sports,0,NA,0,0
500,dyQd9NOkL73sZlLPDwfOny6WxC4MKnEi,Sports,0,NA,1,0
40,dyQd9NOkL73sZlLPDwfOny6WxC4MKnEi,Sports,0,F,0,0
100,dyQd9NOkL73sZlLPDwfOny6WxC4MKnEi,Sports,0,F,0,0
200,dyQd9NOkL73sZlLPDwfOny6WxC4MKnEi,Sports,0,F,0,0
116,dyQd9NOkL73sZlLPDwfOny6WxC4MKnEi,Sports,0,NA,0,0
10,dyQd9NOkL73sZlLPDwfOny6WxC4MKnEi,Sports,0,F,0,0
250,dyQd9NOkL73sZlLPDwfOny6WxC4MKnEi,Sports,0,F,0,0
250,dyQd9NOkL73sZlLPDwfOny6WxC4MKnEi,Sports,1,NA,0,0
25,dyQd9NOkL73sZlLPDwfOny6WxC4MKnEi,Sports,1,NA,0,0
20,dyQd9NOkL73sZlLPDwfOny6WxC4MKnEi,Sports,0,M,0,0
50,dyQd9NOkL73sZlLPDwfOny6WxC4MKnEi,Sports,1,NA,0,0
150,dyQd9NOkL73sZlLPDwfOny6WxC4MKnEi,Sports,0,NA,0,0
200,dyQd9NOkL73sZlLPDwfOny6WxC4MKnEi,Sports,0,M,0,0
180,DcNlSzQgwvKvhZoZcOBuki6WxHgRZ20=,NA,0,NA,NA,0
100,DcNlSzQgwvKvhZoZcOBuki6WxHgRZ20=,NA,0,F,NA,0
100,DcNlSzQgwvKvhZoZcOBuki6WxHgRZ20=,NA,0,F,NA,0
100,DcNlSzQgwvKvhZoZcOBuki6WxHgRZ20=,NA,0,NA,NA,0
25,DcNlSzQgwvKvhZoZcOBuki6WxHgRZ20=,NA,0,NA,NA,0
100,DcNlSzQgwvKvhZoZcOBuki6WxHgRZ20=,NA,0,NA,NA,0
50,DcNlSzQgwvKvhZoZcOBuki6WxHgRZ20=,NA,0,NA,NA,0
100,DcNlSzQgwvKvhZoZcOBuki6WxHgRZ20=,NA,0,M,NA,0
250,DcNlSzQgwvKvhZoZcOBuki6WxHgRZ20=,NA,0,M,NA,0
50,DcNlSzQgwvKvhZoZcOBuki6WxHgRZ20=,NA,1,NA,NA,0
50,DcNlSzQgwvKvhZoZcOBuki6WxHgRZ20=,NA,0,F,NA,0
200,DcNlSzQgwvKvhZoZcOBuki6WxHgRZ20=,NA,0,NA,NA,0
50,DcNlSzQgwvKvhZoZcOBuki6WxHgRZ20=,NA,1,NA,NA,0
50,DcNlSzQgwvKvhZoZcOBuki6WxHgRZ20=,NA,0,NA,NA,0
100,DcNlSzQgwvKvhZoZcOBuki6WxHgRZ20=,NA,1,NA,NA,0
50,DcNlSzQgwvKvhZoZcOBuki6WxHgRZ20=,NA,1,NA,NA,0
50,DcNlSzQgwvKvhZoZcOBuki6WxHgRZ20=,NA,0,M,NA,0
20,DcNlSzQgwvKvhZoZcOBuki6WxHgRZ20=,NA,1,NA,NA,0
2500,DcNlSzQgwvKvhZoZcOBuki6WxHgRZ20=,NA,1,NA,NA,0
100,DcNlSzQgwvKvhZoZcOBuki6WxHgRZ20=,NA,0,M,NA,0
100,DcNlSzQgwvKvhZoZcOBuki6WxHgRZ20=,NA,0,NA,NA,0
100,DcNlSzQgwvKvhZoZcOBuki6WxHgRZ20=,NA,0,NA,NA,1
50,DcNlSzQgwvKvhZoZcOBuki6WxHgRZ20=,NA,0,NA,NA,0
50,DcNlSzQgwvKvhZoZcOBuki6WxHgRZ20=,NA,0,F,NA,0
100,DcNlSzQgwvKvhZoZcOBuki6WxHgRZ20=,NA,0,M,NA,0
25,DcNlSzQgwvKvhZoZcOBuki6WxHgRZ20=,NA,0,F,NA,0
500,DcNlSzQgwvKvhZoZcOBuki6WxHgRZ20=,NA,0,M,NA,0
20,DcNlSzQgwvKvhZoZcOBuki6WxHgRZ20=,NA,0,F,NA,1
20,DcNlSzQgwvKvhZoZcOBuki6WxHgRZ20=,NA,0,F,NA,0
25,DcNlSzQgwvKvhZoZcOBuki6WxHgRZ20=,NA,0,F,NA,1
30,DcNlSzQgwvKvhZoZcOBuki6WxHgRZ20=,NA,0,F,NA,0
25,DcNlSzQgwvKvhZoZcOBuki6WxHgRZ20=,NA,0,NA,NA,0
20,DcNlSzQgwvKvhZoZcOBuki6WxHgRZ20=,NA,0,F,NA,0
100,DcNlSzQgwvKvhZoZcOBuki6WxHgRZ20=,NA,0,F,NA,0
50,DcNlSzQgwvKvhZoZcOBuki6WxHgRZ20=,NA,1,NA,NA,0
100,Jzoiwxeo6NS5eJncrsSKsi6WxHgQN2E=,Alberta Fires,0,M,0,0
150,Jzoiwxeo6NS5eJncrsSKsi6WxHgQN2E=,Alberta Fires,0,M,0,0
500,Jzoiwxeo6NS5eJncrsSKsi6WxHgQN2E=,Alberta Fires,1,NA,0,0
50,Jzoiwxeo6NS5eJncrsSKsi6WxHgQN2E=,Alberta Fires,0,F,0,0
25,Jzoiwxeo6NS5eJncrsSKsi6WxHgQN2E=,Alberta Fires,0,F,0,0
100,Jzoiwxeo6NS5eJncrsSKsi6WxHgQN2E=,Alberta Fires,0,F,0,0
50,Jzoiwxeo6NS5eJncrsSKsi6WxHgQN2E=,Alberta Fires,0,NA,0,0
50,Jzoiwxeo6NS5eJncrsSKsi6WxHgQN2E=,Alberta Fires,0,NA,0,0
500,Jzoiwxeo6NS5eJncrsSKsi6WxHgQN2E=,Alberta Fires,0,NA,0,1
100,Jzoiwxeo6NS5eJncrsSKsi6WxHgQN2E=,Alberta Fires,1,NA,0,0
20,Jzoiwxeo6NS5eJncrsSKsi6WxHgQN2E=,Alberta Fires,0,F,0,0
180,Jzoiwxeo6NS5eJncrsSKsi6WxHgQN2E=,Alberta Fires,0,M,0,0
50,Jzoiwxeo6NS5eJncrsSKsi6WxHgQN2E=,Alberta Fires,0,M,0,0
50,Jzoiwxeo6NS5eJncrsSKsi6WxHgQN2E=,Alberta Fires,0,M,0,0
100,Jzoiwxeo6NS5eJncrsSKsi6WxHgQN2E=,Alberta Fires,0,M,0,0
100,Jzoiwxeo6NS5eJncrsSKsi6WxHgQN2E=,Alberta Fires,0,NA,0,0
50,Jzoiwxeo6NS5eJncrsSKsi6WxHgQN2E=,Alberta Fires,0,F,0,0
200,Jzoiwxeo6NS5eJncrsSKsi6WxHgQN2E=,Alberta Fires,0,M,0,1
35,Jzoiwxeo6NS5eJncrsSKsi6WxHgQN2E=,Alberta Fires,0,F,0,0
25,Jzoiwxeo6NS5eJncrsSKsi6WxHgQN2E=,Alberta Fires,0,M,0,0
100,Jzoiwxeo6NS5eJncrsSKsi6WxHgQN2E=,Alberta Fires,1,NA,0,0
100,Jzoiwxeo6NS5eJncrsSKsi6WxHgQN2E=,Alberta Fires,0,F,0,0
50,Jzoiwxeo6NS5eJncrsSKsi6WxHgQN2E=,Alberta Fires,0,M,0,0
1000,Jzoiwxeo6NS5eJncrsSKsi6WxHgQN2E=,Alberta Fires,0,NA,0,1
25,Jzoiwxeo6NS5eJncrsSKsi6WxHgQN2E=,Alberta Fires,1,NA,0,0
55,Jzoiwxeo6NS5eJncrsSKsi6WxHgQN2E=,Alberta Fires,0,F,0,1
100,Jzoiwxeo6NS5eJncrsSKsi6WxHgQN2E=,Alberta Fires,0,F,0,0
50,Jzoiwxeo6NS5eJncrsSKsi6WxHgQN2E=,Alberta Fires,0,F,0,0
100,Jzoiwxeo6NS5eJncrsSKsi6WxHgQN2E=,Alberta Fires,0,NA,0,0
20,Jzoiwxeo6NS5eJncrsSKsi6WxHgQN2E=,Alberta Fires,0,NA,0,0
100,Jzoiwxeo6NS5eJncrsSKsi6WxHgQN2E=,Alberta Fires,0,M,0,0
80,Jzoiwxeo6NS5eJncrsSKsi6WxHgQN2E=,Alberta Fires,0,NA,0,0
50,Jzoiwxeo6NS5eJncrsSKsi6WxHgQN2E=,Alberta Fires,0,M,0,0
100,Jzoiwxeo6NS5eJncrsSKsi6WxHgQN2E=,Alberta Fires,0,M,0,0
50,Jzoiwxeo6NS5eJncrsSKsi6WxHgQN2E=,Alberta Fires,0,NA,0,0
30,Jzoiwxeo6NS5eJncrsSKsi6WxHgQN2E=,Alberta Fires,0,F,0,0
150,Jzoiwxeo6NS5eJncrsSKsi6WxHgQN2E=,Alberta Fires,0,NA,0,0
100,Jzoiwxeo6NS5eJncrsSKsi6WxHgQN2E=,Alberta Fires,0,NA,0,1
100,Jzoiwxeo6NS5eJncrsSKsi6WxHgQN2E=,Alberta Fires,0,F,0,0
100,Jzoiwxeo6NS5eJncrsSKsi6WxHgQN2E=,Alberta Fires,0,M,0,0
25,Jzoiwxeo6NS5eJncrsSKsi6WxHgQN2E=,Alberta Fires,0,F,0,0
50,Jzoiwxeo6NS5eJncrsSKsi6WxHgQN2E=,Alberta Fires,0,NA,0,0
50,Jzoiwxeo6NS5eJncrsSKsi6WxHgQN2E=,Alberta Fires,0,NA,0,0
20,Jzoiwxeo6NS5eJncrsSKsi6WxHgQN2E=,Alberta Fires,0,NA,0,0
50,Jzoiwxeo6NS5eJncrsSKsi6WxHgQN2E=,Alberta Fires,0,F,0,0
200,Jzoiwxeo6NS5eJncrsSKsi6WxHgQN2E=,Alberta Fires,1,NA,0,0
20,Jzoiwxeo6NS5eJncrsSKsi6WxHgQN2E=,Alberta Fires,0,F,0,0
100,Jzoiwxeo6NS5eJncrsSKsi6WxHgQN2E=,Alberta Fires,0,M,0,0
20,Jzoiwxeo6NS5eJncrsSKsi6WxHgQN2E=,Alberta Fires,0,F,0,0
50,Jzoiwxeo6NS5eJncrsSKsi6WxHgQN2E=,Alberta Fires,0,F,0,0
20,Jzoiwxeo6NS5eJncrsSKsi6WxHgQN2E=,Alberta Fires,0,NA,0,0
25,Jzoiwxeo6NS5eJncrsSKsi6WxHgQN2E=,Alberta Fires,0,NA,0,0
100,Jzoiwxeo6NS5eJncrsSKsi6WxHgQN2E=,Alberta Fires,0,F,0,0
250,Jzoiwxeo6NS5eJncrsSKsi6WxHgQN2E=,Alberta Fires,0,M,0,0
20,Jzoiwxeo6NS5eJncrsSKsi6WxHgQN2E=,Alberta Fires,1,NA,0,0
100,Jzoiwxeo6NS5eJncrsSKsi6WxHgQN2E=,Alberta Fires,0,M,0,0
50,Jzoiwxeo6NS5eJncrsSKsi6WxHgQN2E=,Alberta Fires,0,F,0,0
100,Jzoiwxeo6NS5eJncrsSKsi6WxHgQN2E=,Alberta Fires,0,F,0,0
30,Jzoiwxeo6NS5eJncrsSKsi6WxHgQN2E=,Alberta Fires,0,F,0,0
30,Jzoiwxeo6NS5eJncrsSKsi6WxHgQN2E=,Alberta Fires,0,F,0,0
25,Jzoiwxeo6NS5eJncrsSKsi6WxHgQN2E=,Alberta Fires,0,F,0,0
50,Jzoiwxeo6NS5eJncrsSKsi6WxHgQN2E=,Alberta Fires,0,NA,0,0
50,Jzoiwxeo6NS5eJncrsSKsi6WxHgQN2E=,Alberta Fires,0,NA,0,0
200,Jzoiwxeo6NS5eJncrsSKsi6WxHgQN2E=,Alberta Fires,1,NA,0,0
100,Jzoiwxeo6NS5eJncrsSKsi6WxHgQN2E=,Alberta Fires,0,NA,0,0
100,Jzoiwxeo6NS5eJncrsSKsi6WxHgQN2E=,Alberta Fires,0,F,0,0
500,Jzoiwxeo6NS5eJncrsSKsi6WxHgQN2E=,Alberta Fires,0,F,0,1
20,Jzoiwxeo6NS5eJncrsSKsi6WxHgQN2E=,Alberta Fires,0,F,0,0
200,Jzoiwxeo6NS5eJncrsSKsi6WxHgQN2E=,Alberta Fires,1,NA,0,0
10,Jzoiwxeo6NS5eJncrsSKsi6WxHgQN2E=,Alberta Fires,0,F,0,0
20,Jzoiwxeo6NS5eJncrsSKsi6WxHgQN2E=,Alberta Fires,0,M,0,0
20,Jzoiwxeo6NS5eJncrsSKsi6WxHgQN2E=,Alberta Fires,1,NA,0,0
30,Jzoiwxeo6NS5eJncrsSKsi6WxHgQN2E=,Alberta Fires,0,M,0,0
100,Jzoiwxeo6NS5eJncrsSKsi6WxHgQN2E=,Alberta Fires,0,NA,0,0
30,Jzoiwxeo6NS5eJncrsSKsi6WxHgQN2E=,Alberta Fires,0,F,0,1
50,Jzoiwxeo6NS5eJncrsSKsi6WxHgQN2E=,Alberta Fires,0,F,0,0
25,VEfc2IXbN1nwxWub++4xyy6WyyQPLT4r,NA,0,F,NA,0
20,VEfc2IXbN1nwxWub++4xyy6WyyQPLT4r,NA,0,F,NA,0
10,VEfc2IXbN1nwxWub++4xyy6WyyQPLT4r,NA,0,F,NA,0
20,VEfc2IXbN1nwxWub++4xyy6WyyQPLT4r,NA,0,F,NA,0
25,VEfc2IXbN1nwxWub++4xyy6WyyQPLT4r,NA,0,F,NA,0
30,VEfc2IXbN1nwxWub++4xyy6WyyQPLT4r,NA,0,F,NA,0
50,VEfc2IXbN1nwxWub++4xyy6WyyQPLT4r,NA,0,F,NA,0
20,VEfc2IXbN1nwxWub++4xyy6WyyQPLT4r,NA,0,F,NA,0
50,VEfc2IXbN1nwxWub++4xyy6WyyQPLT4r,NA,0,F,NA,0
50,VEfc2IXbN1nwxWub++4xyy6WyyQPLT4r,NA,0,F,NA,0
25,VEfc2IXbN1nwxWub++4xyy6WyyQPLT4r,NA,0,NA,NA,0
50,VEfc2IXbN1nwxWub++4xyy6WyyQPLT4r,NA,0,NA,NA,0
250,7Ss9WNx+IRXgeIm+DDSbPy6WyyUVbW0+,Sports,0,NA,0,0
200,7Ss9WNx+IRXgeIm+DDSbPy6WyyUVbW0+,Sports,1,NA,0,0
220,7Ss9WNx+IRXgeIm+DDSbPy6WyyUVbW0+,Sports,0,NA,0,0
25,7Ss9WNx+IRXgeIm+DDSbPy6WyyUVbW0+,Sports,0,F,0,0
50,7Ss9WNx+IRXgeIm+DDSbPy6WyyUVbW0+,Sports,0,M,0,0
220,7Ss9WNx+IRXgeIm+DDSbPy6WyyUVbW0+,Sports,0,M,0,0
50,7Ss9WNx+IRXgeIm+DDSbPy6WyyUVbW0+,Sports,0,NA,0,0
1000,7Ss9WNx+IRXgeIm+DDSbPy6WyyUVbW0+,Sports,0,M,0,0
50,7Ss9WNx+IRXgeIm+DDSbPy6WyyUVbW0+,Sports,0,M,0,0
500,7Ss9WNx+IRXgeIm+DDSbPy6WyyUVbW0+,Sports,1,NA,0,0
200,7Ss9WNx+IRXgeIm+DDSbPy6WyyUVbW0+,Sports,0,F,0,0
50,7Ss9WNx+IRXgeIm+DDSbPy6WyyUVbW0+,Sports,0,M,0,0
25,7Ss9WNx+IRXgeIm+DDSbPy6WyyUVbW0+,Sports,0,M,0,0
250,7Ss9WNx+IRXgeIm+DDSbPy6WyyUVbW0+,Sports,0,NA,0,0
40,7Ss9WNx+IRXgeIm+DDSbPy6WyyUVbW0+,Sports,0,F,0,0
100,7Ss9WNx+IRXgeIm+DDSbPy6WyyUVbW0+,Sports,0,M,0,0
400,7Ss9WNx+IRXgeIm+DDSbPy6WyyUVbW0+,Sports,0,NA,0,0
200,7Ss9WNx+IRXgeIm+DDSbPy6WyyUVbW0+,Sports,0,NA,0,0
25,7Ss9WNx+IRXgeIm+DDSbPy6WyyUVbW0+,Sports,0,NA,0,0
50,7Ss9WNx+IRXgeIm+DDSbPy6WyyUVbW0+,Sports,0,M,0,0
50,7Ss9WNx+IRXgeIm+DDSbPy6WyyUVbW0+,Sports,0,M,0,0
50,7Ss9WNx+IRXgeIm+DDSbPy6WyyUVbW0+,Sports,0,NA,0,0
100,7Ss9WNx+IRXgeIm+DDSbPy6WyyUVbW0+,Sports,0,NA,0,0
25,7Ss9WNx+IRXgeIm+DDSbPy6WyyUVbW0+,Sports,0,F,0,0
385,7Ss9WNx+IRXgeIm+DDSbPy6WyyUVbW0+,Sports,0,NA,0,0
500,7Ss9WNx+IRXgeIm+DDSbPy6WyyUVbW0+,Sports,0,M,0,0
100,7Ss9WNx+IRXgeIm+DDSbPy6WyyUVbW0+,Sports,0,F,0,0
100,7Ss9WNx+IRXgeIm+DDSbPy6WyyUVbW0+,Sports,0,NA,0,0
100,7Ss9WNx+IRXgeIm+DDSbPy6WyyUVbW0+,Sports,0,NA,0,0
100,7Ss9WNx+IRXgeIm+DDSbPy6WyyUVbW0+,Sports,0,NA,0,0
100,7Ss9WNx+IRXgeIm+DDSbPy6WyyUVbW0+,Sports,0,F,0,0
100,7Ss9WNx+IRXgeIm+DDSbPy6WyyUVbW0+,Sports,0,NA,0,0
50,7Ss9WNx+IRXgeIm+DDSbPy6WyyUVbW0+,Sports,0,NA,0,0
60,7Ss9WNx+IRXgeIm+DDSbPy6WyyUVbW0+,Sports,0,M,0,0
10,7Ss9WNx+IRXgeIm+DDSbPy6WyyUVbW0+,Sports,0,M,0,0
25,7Ss9WNx+IRXgeIm+DDSbPy6WyyUVbW0+,Sports,0,F,0,0
100,7Ss9WNx+IRXgeIm+DDSbPy6WyyUVbW0+,Sports,0,F,0,0
50,7Ss9WNx+IRXgeIm+DDSbPy6WyyUVbW0+,Sports,0,M,0,0
50,7Ss9WNx+IRXgeIm+DDSbPy6WyyUVbW0+,Sports,0,F,0,0
1000,7Ss9WNx+IRXgeIm+DDSbPy6WyyUVbW0+,Sports,0,NA,0,0
200,7Ss9WNx+IRXgeIm+DDSbPy6WyyUVbW0+,Sports,0,NA,0,0
50,7Ss9WNx+IRXgeIm+DDSbPy6WyyUVbW0+,Sports,0,F,0,0
200,7Ss9WNx+IRXgeIm+DDSbPy6WyyUVbW0+,Sports,0,F,0,0
360,7Ss9WNx+IRXgeIm+DDSbPy6WyyUVbW0+,Sports,0,M,0,0
100,7Ss9WNx+IRXgeIm+DDSbPy6WyyUVbW0+,Sports,0,M,0,0
200,7Ss9WNx+IRXgeIm+DDSbPy6WyyUVbW0+,Sports,0,NA,0,0
200,7Ss9WNx+IRXgeIm+DDSbPy6WyyUVbW0+,Sports,0,NA,0,0
750,7Ss9WNx+IRXgeIm+DDSbPy6WyyUVbW0+,Sports,1,NA,0,0
100,7Ss9WNx+IRXgeIm+DDSbPy6WyyUVbW0+,Sports,0,NA,0,0
25,7Ss9WNx+IRXgeIm+DDSbPy6WyyUVbW0+,Sports,0,F,0,0
100,7Ss9WNx+IRXgeIm+DDSbPy6WyyUVbW0+,Sports,0,NA,0,0
200,7Ss9WNx+IRXgeIm+DDSbPy6WyyUVbW0+,Sports,0,M,0,0
50,7Ss9WNx+IRXgeIm+DDSbPy6WyyUVbW0+,Sports,0,F,0,0
100,7Ss9WNx+IRXgeIm+DDSbPy6WyyUVbW0+,Sports,0,NA,0,0
50,7Ss9WNx+IRXgeIm+DDSbPy6WyyUVbW0+,Sports,0,NA,0,0
100,7Ss9WNx+IRXgeIm+DDSbPy6WyyUVbW0+,Sports,0,NA,0,0
50,7Ss9WNx+IRXgeIm+DDSbPy6WyyUVbW0+,Sports,0,M,0,0
25,7Ss9WNx+IRXgeIm+DDSbPy6WyyUVbW0+,Sports,0,F,0,0
25,7Ss9WNx+IRXgeIm+DDSbPy6WyyUVbW0+,Sports,0,F,0,0
50,7Ss9WNx+IRXgeIm+DDSbPy6WyyUVbW0+,Sports,0,F,0,0
50,7Ss9WNx+IRXgeIm+DDSbPy6WyyUVbW0+,Sports,0,NA,0,0
25,7Ss9WNx+IRXgeIm+DDSbPy6WyyUVbW0+,Sports,0,M,0,0
50,7Ss9WNx+IRXgeIm+DDSbPy6WyyUVbW0+,Sports,0,M,0,0
250,7Ss9WNx+IRXgeIm+DDSbPy6WyyUVbW0+,Sports,0,M,0,0
50,7Ss9WNx+IRXgeIm+DDSbPy6WyyUVbW0+,Sports,0,F,0,0
250,7Ss9WNx+IRXgeIm+DDSbPy6WyyUVbW0+,Sports,0,NA,0,0
250,7Ss9WNx+IRXgeIm+DDSbPy6WyyUVbW0+,Sports,0,NA,0,0
150,7Ss9WNx+IRXgeIm+DDSbPy6WyyUVbW0+,Sports,0,NA,0,0
100,7Ss9WNx+IRXgeIm+DDSbPy6WyyUVbW0+,Sports,0,F,0,0
50,7Ss9WNx+IRXgeIm+DDSbPy6WyyUVbW0+,Sports,1,NA,0,0
100,7Ss9WNx+IRXgeIm+DDSbPy6WyyUVbW0+,Sports,0,F,0,0
100,7Ss9WNx+IRXgeIm+DDSbPy6WyyUVbW0+,Sports,0,F,0,0
250,7Ss9WNx+IRXgeIm+DDSbPy6WyyUVbW0+,Sports,1,NA,0,0
50,7Ss9WNx+IRXgeIm+DDSbPy6WyyUVbW0+,Sports,0,NA,0,0
80,7Ss9WNx+IRXgeIm+DDSbPy6WyyUVbW0+,Sports,0,F,0,0
100,7Ss9WNx+IRXgeIm+DDSbPy6WyyUVbW0+,Sports,0,M,0,0
100,7Ss9WNx+IRXgeIm+DDSbPy6WyyUVbW0+,Sports,0,NA,0,0
50,7Ss9WNx+IRXgeIm+DDSbPy6WyyUVbW0+,Sports,0,F,0,0
100,7Ss9WNx+IRXgeIm+DDSbPy6WyyUVbW0+,Sports,0,M,0,0
50,7Ss9WNx+IRXgeIm+DDSbPy6WyyUVbW0+,Sports,0,F,0,0
100,7Ss9WNx+IRXgeIm+DDSbPy6WyyUVbW0+,Sports,1,NA,0,0
450,7Ss9WNx+IRXgeIm+DDSbPy6WyyUVbW0+,Sports,0,F,0,0
100,7Ss9WNx+IRXgeIm+DDSbPy6WyyUVbW0+,Sports,0,NA,0,0
50,7Ss9WNx+IRXgeIm+DDSbPy6WyyUVbW0+,Sports,0,F,0,0
100,7Ss9WNx+IRXgeIm+DDSbPy6WyyUVbW0+,Sports,0,NA,0,0
100,7Ss9WNx+IRXgeIm+DDSbPy6WyyUVbW0+,Sports,0,F,0,0
100,7Ss9WNx+IRXgeIm+DDSbPy6WyyUVbW0+,Sports,0,NA,0,0
50,7Ss9WNx+IRXgeIm+DDSbPy6WyyUVbW0+,Sports,0,F,0,0
25,7Ss9WNx+IRXgeIm+DDSbPy6WyyUVbW0+,Sports,0,M,0,0
100,7Ss9WNx+IRXgeIm+DDSbPy6WyyUVbW0+,Sports,0,NA,0,0
100,7Ss9WNx+IRXgeIm+DDSbPy6WyyUVbW0+,Sports,0,M,0,0
100,7Ss9WNx+IRXgeIm+DDSbPy6WyyUVbW0+,Sports,1,NA,0,0
25,7Ss9WNx+IRXgeIm+DDSbPy6WyyUVbW0+,Sports,0,F,0,0
50,7Ss9WNx+IRXgeIm+DDSbPy6WyyUVbW0+,Sports,0,F,0,0
600,7Ss9WNx+IRXgeIm+DDSbPy6WyyUVbW0+,Sports,0,F,0,0
100,7Ss9WNx+IRXgeIm+DDSbPy6WyyUVbW0+,Sports,0,F,0,0
50,7Ss9WNx+IRXgeIm+DDSbPy6WyyUVbW0+,Sports,0,M,0,0
50,7Ss9WNx+IRXgeIm+DDSbPy6WyyUVbW0+,Sports,0,NA,0,0
8980,7Ss9WNx+IRXgeIm+DDSbPy6WyyUVbW0+,Sports,0,NA,0,0
200,7Ss9WNx+IRXgeIm+DDSbPy6WyyUVbW0+,Sports,0,M,0,0
100,7Ss9WNx+IRXgeIm+DDSbPy6WyyUVbW0+,Sports,0,M,0,0
25,7Ss9WNx+IRXgeIm+DDSbPy6WyyUVbW0+,Sports,0,M,0,0
25,7Ss9WNx+IRXgeIm+DDSbPy6WyyUVbW0+,Sports,0,F,0,0
250,7Ss9WNx+IRXgeIm+DDSbPy6WyyUVbW0+,Sports,0,NA,0,0
500,DaG50Q5zDhODIYqe1+4f+i6Wyy5OLHIw,Medical,0,NA,0,0
40,DaG50Q5zDhODIYqe1+4f+i6Wyy5OLHIw,Medical,0,NA,0,0
50,DaG50Q5zDhODIYqe1+4f+i6Wyy5OLHIw,Medical,0,F,0,0
50,DaG50Q5zDhODIYqe1+4f+i6Wyy5OLHIw,Medical,0,F,0,0
20,DaG50Q5zDhODIYqe1+4f+i6Wyy5OLHIw,Medical,0,F,0,1
10,DaG50Q5zDhODIYqe1+4f+i6Wyy5OLHIw,Medical,0,F,0,0
50,DaG50Q5zDhODIYqe1+4f+i6Wyy5OLHIw,Medical,0,F,0,0
10,DaG50Q5zDhODIYqe1+4f+i6Wyy5OLHIw,Medical,1,NA,0,0
15,DaG50Q5zDhODIYqe1+4f+i6Wyy5OLHIw,Medical,1,NA,0,0
100,DaG50Q5zDhODIYqe1+4f+i6Wyy5OLHIw,Medical,0,NA,0,0
25,DaG50Q5zDhODIYqe1+4f+i6Wyy5OLHIw,Medical,0,M,0,0
25,DaG50Q5zDhODIYqe1+4f+i6Wyy5OLHIw,Medical,1,NA,0,0
25,DaG50Q5zDhODIYqe1+4f+i6Wyy5OLHIw,Medical,0,M,0,0
25,DaG50Q5zDhODIYqe1+4f+i6Wyy5OLHIw,Medical,0,F,0,0
100,DaG50Q5zDhODIYqe1+4f+i6Wyy5OLHIw,Medical,0,NA,0,0
10,DaG50Q5zDhODIYqe1+4f+i6Wyy5OLHIw,Medical,0,F,0,0
50,DaG50Q5zDhODIYqe1+4f+i6Wyy5OLHIw,Medical,0,F,0,0
100,DaG50Q5zDhODIYqe1+4f+i6Wyy5OLHIw,Medical,0,F,0,0
25,DaG50Q5zDhODIYqe1+4f+i6Wyy5OLHIw,Medical,0,M,0,0
100,DaG50Q5zDhODIYqe1+4f+i6Wyy5OLHIw,Medical,0,F,0,0
200,DaG50Q5zDhODIYqe1+4f+i6Wyy5OLHIw,Medical,0,M,0,0
15,DaG50Q5zDhODIYqe1+4f+i6Wyy5OLHIw,Medical,0,NA,0,0
100,DaG50Q5zDhODIYqe1+4f+i6Wyy5OLHIw,Medical,0,F,0,0
25,DaG50Q5zDhODIYqe1+4f+i6Wyy5OLHIw,Medical,0,NA,0,0
10,DaG50Q5zDhODIYqe1+4f+i6Wyy5OLHIw,Medical,0,F,0,0
20,DaG50Q5zDhODIYqe1+4f+i6Wyy5OLHIw,Medical,0,F,0,0
20,DaG50Q5zDhODIYqe1+4f+i6Wyy5OLHIw,Medical,0,NA,0,0
50,DaG50Q5zDhODIYqe1+4f+i6Wyy5OLHIw,Medical,0,M,0,0
50,DaG50Q5zDhODIYqe1+4f+i6Wyy5OLHIw,Medical,0,F,0,0
20,DaG50Q5zDhODIYqe1+4f+i6Wyy5OLHIw,Medical,0,F,0,0
50,DaG50Q5zDhODIYqe1+4f+i6Wyy5OLHIw,Medical,1,NA,0,0
20,DaG50Q5zDhODIYqe1+4f+i6Wyy5OLHIw,Medical,0,F,0,0
20,DaG50Q5zDhODIYqe1+4f+i6Wyy5OLHIw,Medical,0,NA,0,0
25,DaG50Q5zDhODIYqe1+4f+i6Wyy5OLHIw,Medical,0,NA,0,0
50,DaG50Q5zDhODIYqe1+4f+i6Wyy5OLHIw,Medical,0,F,0,0
10,DaG50Q5zDhODIYqe1+4f+i6Wyy5OLHIw,Medical,0,NA,0,0
50,DaG50Q5zDhODIYqe1+4f+i6Wyy5OLHIw,Medical,1,NA,0,0
25,DaG50Q5zDhODIYqe1+4f+i6Wyy5OLHIw,Medical,0,F,0,0
50,DaG50Q5zDhODIYqe1+4f+i6Wyy5OLHIw,Medical,1,NA,0,0
100,DaG50Q5zDhODIYqe1+4f+i6Wyy5OLHIw,Medical,1,NA,0,0
50,DaG50Q5zDhODIYqe1+4f+i6Wyy5OLHIw,Medical,0,NA,0,0
20,DaG50Q5zDhODIYqe1+4f+i6Wyy5OLHIw,Medical,0,NA,0,0
50,DaG50Q5zDhODIYqe1+4f+i6Wyy5OLHIw,Medical,1,NA,0,0
10,DaG50Q5zDhODIYqe1+4f+i6Wyy5OLHIw,Medical,0,F,0,0
20,DaG50Q5zDhODIYqe1+4f+i6Wyy5OLHIw,Medical,0,F,0,0
50,DaG50Q5zDhODIYqe1+4f+i6Wyy5OLHIw,Medical,0,F,0,0
50,DaG50Q5zDhODIYqe1+4f+i6Wyy5OLHIw,Medical,0,F,0,0
10,DaG50Q5zDhODIYqe1+4f+i6Wyy5OLHIw,Medical,0,NA,0,0
10,DaG50Q5zDhODIYqe1+4f+i6Wyy5OLHIw,Medical,0,NA,0,0
50,DaG50Q5zDhODIYqe1+4f+i6Wyy5OLHIw,Medical,1,NA,0,0
50,DaG50Q5zDhODIYqe1+4f+i6Wyy5OLHIw,Medical,0,NA,0,0
20,DaG50Q5zDhODIYqe1+4f+i6Wyy5OLHIw,Medical,0,F,0,0
250,DaG50Q5zDhODIYqe1+4f+i6Wyy5OLHIw,Medical,0,F,0,0
10,DaG50Q5zDhODIYqe1+4f+i6Wyy5OLHIw,Medical,0,F,0,1
50,DaG50Q5zDhODIYqe1+4f+i6Wyy5OLHIw,Medical,0,NA,0,0
50,DaG50Q5zDhODIYqe1+4f+i6Wyy5OLHIw,Medical,0,M,0,0
40,DaG50Q5zDhODIYqe1+4f+i6Wyy5OLHIw,Medical,0,F,0,0
100,DaG50Q5zDhODIYqe1+4f+i6Wyy5OLHIw,Medical,0,M,0,0
10,DaG50Q5zDhODIYqe1+4f+i6Wyy5OLHIw,Medical,1,NA,0,0
5,DaG50Q5zDhODIYqe1+4f+i6Wyy5OLHIw,Medical,0,F,0,0
30,DaG50Q5zDhODIYqe1+4f+i6Wyy5OLHIw,Medical,1,NA,0,0
50,DaG50Q5zDhODIYqe1+4f+i6Wyy5OLHIw,Medical,0,F,0,0
30,DaG50Q5zDhODIYqe1+4f+i6Wyy5OLHIw,Medical,0,F,0,0
50,DaG50Q5zDhODIYqe1+4f+i6Wyy5OLHIw,Medical,0,M,0,0
100,DaG50Q5zDhODIYqe1+4f+i6Wyy5OLHIw,Medical,0,F,0,0
50,DaG50Q5zDhODIYqe1+4f+i6Wyy5OLHIw,Medical,0,NA,0,0
100,DaG50Q5zDhODIYqe1+4f+i6Wyy5OLHIw,Medical,0,NA,0,0
10,DaG50Q5zDhODIYqe1+4f+i6Wyy5OLHIw,Medical,0,NA,0,0
10,DaG50Q5zDhODIYqe1+4f+i6Wyy5OLHIw,Medical,0,F,0,0
25,DaG50Q5zDhODIYqe1+4f+i6Wyy5OLHIw,Medical,0,NA,0,0
25,DaG50Q5zDhODIYqe1+4f+i6Wyy5OLHIw,Medical,1,NA,0,0
100,DaG50Q5zDhODIYqe1+4f+i6Wyy5OLHIw,Medical,0,NA,0,0
75,DaG50Q5zDhODIYqe1+4f+i6Wyy5OLHIw,Medical,1,NA,0,0
25,DaG50Q5zDhODIYqe1+4f+i6Wyy5OLHIw,Medical,1,NA,0,0
20,DaG50Q5zDhODIYqe1+4f+i6Wyy5OLHIw,Medical,0,F,0,0
50,DaG50Q5zDhODIYqe1+4f+i6Wyy5OLHIw,Medical,0,NA,0,0
75,DaG50Q5zDhODIYqe1+4f+i6Wyy5OLHIw,Medical,0,NA,0,0
50,DaG50Q5zDhODIYqe1+4f+i6Wyy5OLHIw,Medical,0,M,0,0
10,DaG50Q5zDhODIYqe1+4f+i6Wyy5OLHIw,Medical,0,NA,0,0
50,DaG50Q5zDhODIYqe1+4f+i6Wyy5OLHIw,Medical,0,F,0,0
10,DaG50Q5zDhODIYqe1+4f+i6Wyy5OLHIw,Medical,0,M,0,0
100,DaG50Q5zDhODIYqe1+4f+i6Wyy5OLHIw,Medical,0,M,0,0
100,DaG50Q5zDhODIYqe1+4f+i6Wyy5OLHIw,Medical,0,NA,0,0
25,DaG50Q5zDhODIYqe1+4f+i6Wyy5OLHIw,Medical,0,NA,0,0
250,DaG50Q5zDhODIYqe1+4f+i6Wyy5OLHIw,Medical,0,F,0,0
50,DaG50Q5zDhODIYqe1+4f+i6Wyy5OLHIw,Medical,0,NA,0,0
100,DaG50Q5zDhODIYqe1+4f+i6Wyy5OLHIw,Medical,0,F,0,0
100,DaG50Q5zDhODIYqe1+4f+i6Wyy5OLHIw,Medical,0,F,0,1
5,DaG50Q5zDhODIYqe1+4f+i6Wyy5OLHIw,Medical,0,M,0,0
25,DaG50Q5zDhODIYqe1+4f+i6Wyy5OLHIw,Medical,0,F,0,0
50,DaG50Q5zDhODIYqe1+4f+i6Wyy5OLHIw,Medical,0,F,0,0
20,DaG50Q5zDhODIYqe1+4f+i6Wyy5OLHIw,Medical,0,F,0,0
10,DaG50Q5zDhODIYqe1+4f+i6Wyy5OLHIw,Medical,1,NA,0,0
10,DaG50Q5zDhODIYqe1+4f+i6Wyy5OLHIw,Medical,0,F,0,0
1000,DaG50Q5zDhODIYqe1+4f+i6Wyy5OLHIw,Medical,0,NA,0,0
50,DaG50Q5zDhODIYqe1+4f+i6Wyy5OLHIw,Medical,1,NA,0,0
20,DaG50Q5zDhODIYqe1+4f+i6Wyy5OLHIw,Medical,0,F,0,0
50,DaG50Q5zDhODIYqe1+4f+i6Wyy5OLHIw,Medical,0,F,0,0
50,DaG50Q5zDhODIYqe1+4f+i6Wyy5OLHIw,Medical,0,NA,0,0
40,DaG50Q5zDhODIYqe1+4f+i6Wyy5OLHIw,Medical,0,F,0,0
50,DaG50Q5zDhODIYqe1+4f+i6Wyy5OLHIw,Medical,0,NA,0,0
25,DaG50Q5zDhODIYqe1+4f+i6Wyy5OLHIw,Medical,0,M,0,0
100,DaG50Q5zDhODIYqe1+4f+i6Wyy5OLHIw,Medical,0,F,0,0
200,DaG50Q5zDhODIYqe1+4f+i6Wyy5OLHIw,Medical,0,M,0,0
15,DaG50Q5zDhODIYqe1+4f+i6Wyy5OLHIw,Medical,1,NA,0,0
100,DaG50Q5zDhODIYqe1+4f+i6Wyy5OLHIw,Medical,0,NA,0,0
25,DaG50Q5zDhODIYqe1+4f+i6Wyy5OLHIw,Medical,0,M,0,0
25,DaG50Q5zDhODIYqe1+4f+i6Wyy5OLHIw,Medical,1,NA,0,0
25,DaG50Q5zDhODIYqe1+4f+i6Wyy5OLHIw,Medical,0,M,0,0
25,DaG50Q5zDhODIYqe1+4f+i6Wyy5OLHIw,Medical,0,F,0,0
100,DaG50Q5zDhODIYqe1+4f+i6Wyy5OLHIw,Medical,0,NA,0,0
50,DaG50Q5zDhODIYqe1+4f+i6Wyy5OLHIw,Medical,1,NA,0,0
10,DaG50Q5zDhODIYqe1+4f+i6Wyy5OLHIw,Medical,0,F,0,0
20,DaG50Q5zDhODIYqe1+4f+i6Wyy5OLHIw,Medical,0,F,0,0
50,DaG50Q5zDhODIYqe1+4f+i6Wyy5OLHIw,Medical,0,F,0,0
50,DaG50Q5zDhODIYqe1+4f+i6Wyy5OLHIw,Medical,0,F,0,0
10,DaG50Q5zDhODIYqe1+4f+i6Wyy5OLHIw,Medical,0,NA,0,0
10,DaG50Q5zDhODIYqe1+4f+i6Wyy5OLHIw,Medical,0,NA,0,0
50,DaG50Q5zDhODIYqe1+4f+i6Wyy5OLHIw,Medical,1,NA,0,0
50,DaG50Q5zDhODIYqe1+4f+i6Wyy5OLHIw,Medical,0,NA,0,0
20,DaG50Q5zDhODIYqe1+4f+i6Wyy5OLHIw,Medical,0,F,0,0
250,DaG50Q5zDhODIYqe1+4f+i6Wyy5OLHIw,Medical,0,F,0,0
10,DaG50Q5zDhODIYqe1+4f+i6Wyy5OLHIw,Medical,0,F,0,1
50,DaG50Q5zDhODIYqe1+4f+i6Wyy5OLHIw,Medical,0,NA,0,0
50,DaG50Q5zDhODIYqe1+4f+i6Wyy5OLHIw,Medical,0,M,0,0
40,DaG50Q5zDhODIYqe1+4f+i6Wyy5OLHIw,Medical,0,F,0,0
100,DaG50Q5zDhODIYqe1+4f+i6Wyy5OLHIw,Medical,0,M,0,0
10,DaG50Q5zDhODIYqe1+4f+i6Wyy5OLHIw,Medical,1,NA,0,0
5,DaG50Q5zDhODIYqe1+4f+i6Wyy5OLHIw,Medical,0,F,0,0
30,DaG50Q5zDhODIYqe1+4f+i6Wyy5OLHIw,Medical,1,NA,0,0
15,DaG50Q5zDhODIYqe1+4f+i6Wyy5OLHIw,Medical,0,NA,0,0
100,DaG50Q5zDhODIYqe1+4f+i6Wyy5OLHIw,Medical,0,F,0,0
25,DaG50Q5zDhODIYqe1+4f+i6Wyy5OLHIw,Medical,0,NA,0,0
10,DaG50Q5zDhODIYqe1+4f+i6Wyy5OLHIw,Medical,0,F,0,0
20,DaG50Q5zDhODIYqe1+4f+i6Wyy5OLHIw,Medical,0,F,0,0
20,DaG50Q5zDhODIYqe1+4f+i6Wyy5OLHIw,Medical,0,NA,0,0
50,DaG50Q5zDhODIYqe1+4f+i6Wyy5OLHIw,Medical,0,M,0,0
50,DaG50Q5zDhODIYqe1+4f+i6Wyy5OLHIw,Medical,0,F,0,0
20,DaG50Q5zDhODIYqe1+4f+i6Wyy5OLHIw,Medical,0,F,0,0
50,DaG50Q5zDhODIYqe1+4f+i6Wyy5OLHIw,Medical,1,NA,0,0
20,DaG50Q5zDhODIYqe1+4f+i6Wyy5OLHIw,Medical,0,F,0,0
20,DaG50Q5zDhODIYqe1+4f+i6Wyy5OLHIw,Medical,0,NA,0,0
25,DaG50Q5zDhODIYqe1+4f+i6Wyy5OLHIw,Medical,0,NA,0,0
50,DaG50Q5zDhODIYqe1+4f+i6Wyy5OLHIw,Medical,0,F,0,0
10,DaG50Q5zDhODIYqe1+4f+i6Wyy5OLHIw,Medical,0,NA,0,0
50,DaG50Q5zDhODIYqe1+4f+i6Wyy5OLHIw,Medical,1,NA,0,0
25,DaG50Q5zDhODIYqe1+4f+i6Wyy5OLHIw,Medical,0,F,0,0
50,DaG50Q5zDhODIYqe1+4f+i6Wyy5OLHIw,Medical,1,NA,0,0
100,DaG50Q5zDhODIYqe1+4f+i6Wyy5OLHIw,Medical,1,NA,0,0
50,DaG50Q5zDhODIYqe1+4f+i6Wyy5OLHIw,Medical,0,NA,0,0
20,DaG50Q5zDhODIYqe1+4f+i6Wyy5OLHIw,Medical,0,NA,0,0
100,DaG50Q5zDhODIYqe1+4f+i6Wyy5OLHIw,Medical,0,NA,0,0
25,DaG50Q5zDhODIYqe1+4f+i6Wyy5OLHIw,Medical,0,NA,0,0
250,DaG50Q5zDhODIYqe1+4f+i6Wyy5OLHIw,Medical,0,F,0,0
50,DaG50Q5zDhODIYqe1+4f+i6Wyy5OLHIw,Medical,0,NA,0,0
100,DaG50Q5zDhODIYqe1+4f+i6Wyy5OLHIw,Medical,0,F,0,0
100,DaG50Q5zDhODIYqe1+4f+i6Wyy5OLHIw,Medical,0,F,0,1
5,DaG50Q5zDhODIYqe1+4f+i6Wyy5OLHIw,Medical,0,M,0,0
25,DaG50Q5zDhODIYqe1+4f+i6Wyy5OLHIw,Medical,0,F,0,0
50,DaG50Q5zDhODIYqe1+4f+i6Wyy5OLHIw,Medical,0,F,0,0
20,DaG50Q5zDhODIYqe1+4f+i6Wyy5OLHIw,Medical,0,F,0,0
10,DaG50Q5zDhODIYqe1+4f+i6Wyy5OLHIw,Medical,1,NA,0,0
10,DaG50Q5zDhODIYqe1+4f+i6Wyy5OLHIw,Medical,0,F,0,0
1000,DaG50Q5zDhODIYqe1+4f+i6Wyy5OLHIw,Medical,0,NA,0,0
50,DaG50Q5zDhODIYqe1+4f+i6Wyy5OLHIw,Medical,1,NA,0,0
20,DaG50Q5zDhODIYqe1+4f+i6Wyy5OLHIw,Medical,0,F,0,0
50,DaG50Q5zDhODIYqe1+4f+i6Wyy5OLHIw,Medical,0,F,0,0
50,DaG50Q5zDhODIYqe1+4f+i6Wyy5OLHIw,Medical,0,NA,0,0
40,DaG50Q5zDhODIYqe1+4f+i6Wyy5OLHIw,Medical,0,F,0,0
50,DaG50Q5zDhODIYqe1+4f+i6Wyy5OLHIw,Medical,0,NA,0,0
50,DaG50Q5zDhODIYqe1+4f+i6Wyy5OLHIw,Medical,0,F,0,0
30,DaG50Q5zDhODIYqe1+4f+i6Wyy5OLHIw,Medical,0,F,0,0
50,DaG50Q5zDhODIYqe1+4f+i6Wyy5OLHIw,Medical,0,M,0,0
100,DaG50Q5zDhODIYqe1+4f+i6Wyy5OLHIw,Medical,0,F,0,0
50,DaG50Q5zDhODIYqe1+4f+i6Wyy5OLHIw,Medical,0,NA,0,0
100,DaG50Q5zDhODIYqe1+4f+i6Wyy5OLHIw,Medical,0,NA,0,0
10,DaG50Q5zDhODIYqe1+4f+i6Wyy5OLHIw,Medical,0,NA,0,0
10,DaG50Q5zDhODIYqe1+4f+i6Wyy5OLHIw,Medical,0,F,0,0
25,DaG50Q5zDhODIYqe1+4f+i6Wyy5OLHIw,Medical,0,NA,0,0
25,DaG50Q5zDhODIYqe1+4f+i6Wyy5OLHIw,Medical,1,NA,0,0
100,DaG50Q5zDhODIYqe1+4f+i6Wyy5OLHIw,Medical,0,NA,0,0
75,DaG50Q5zDhODIYqe1+4f+i6Wyy5OLHIw,Medical,1,NA,0,0
25,DaG50Q5zDhODIYqe1+4f+i6Wyy5OLHIw,Medical,1,NA,0,0
20,DaG50Q5zDhODIYqe1+4f+i6Wyy5OLHIw,Medical,0,F,0,0
50,DaG50Q5zDhODIYqe1+4f+i6Wyy5OLHIw,Medical,0,NA,0,0
75,DaG50Q5zDhODIYqe1+4f+i6Wyy5OLHIw,Medical,0,NA,0,0
50,DaG50Q5zDhODIYqe1+4f+i6Wyy5OLHIw,Medical,0,M,0,0
10,DaG50Q5zDhODIYqe1+4f+i6Wyy5OLHIw,Medical,0,NA,0,0
50,DaG50Q5zDhODIYqe1+4f+i6Wyy5OLHIw,Medical,0,F,0,0
10,DaG50Q5zDhODIYqe1+4f+i6Wyy5OLHIw,Medical,0,M,0,0
100,DaG50Q5zDhODIYqe1+4f+i6Wyy5OLHIw,Medical,0,M,0,0
15,DaG50Q5zDhODIYqe1+4f+i6Wyy5OLHIw,Medical,0,NA,0,0
15,DaG50Q5zDhODIYqe1+4f+i6Wyy5OLHIw,Medical,0,NA,0,0
20,6VnGnLjyao5R3ZP9w43QsC6Wy34NNT4=,Medical,0,NA,0,0
60,6VnGnLjyao5R3ZP9w43QsC6Wy34NNT4=,Medical,0,F,0,0
30,6VnGnLjyao5R3ZP9w43QsC6Wy34NNT4=,Medical,0,NA,0,0
70,6VnGnLjyao5R3ZP9w43QsC6Wy34NNT4=,Medical,0,NA,0,0
50,6VnGnLjyao5R3ZP9w43QsC6Wy34NNT4=,Medical,0,F,0,0
20,6VnGnLjyao5R3ZP9w43QsC6Wy34NNT4=,Medical,0,F,0,0
20,6VnGnLjyao5R3ZP9w43QsC6Wy34NNT4=,Medical,0,F,0,0
50,6VnGnLjyao5R3ZP9w43QsC6Wy34NNT4=,Medical,0,NA,0,0
20,6VnGnLjyao5R3ZP9w43QsC6Wy34NNT4=,Medical,0,NA,0,1
20,6VnGnLjyao5R3ZP9w43QsC6Wy34NNT4=,Medical,0,M,0,0
20,6VnGnLjyao5R3ZP9w43QsC6Wy34NNT4=,Medical,0,F,0,0
20,6VnGnLjyao5R3ZP9w43QsC6Wy34NNT4=,Medical,0,F,0,0
50,6VnGnLjyao5R3ZP9w43QsC6Wy34NNT4=,Medical,0,F,0,0
30,6VnGnLjyao5R3ZP9w43QsC6Wy34NNT4=,Medical,0,F,0,0
20,6VnGnLjyao5R3ZP9w43QsC6Wy34NNT4=,Medical,0,F,0,0
50,6VnGnLjyao5R3ZP9w43QsC6Wy34NNT4=,Medical,0,F,0,0
50,6VnGnLjyao5R3ZP9w43QsC6Wy34NNT4=,Medical,0,F,0,1
20,6VnGnLjyao5R3ZP9w43QsC6Wy34NNT4=,Medical,0,F,0,0
50,6VnGnLjyao5R3ZP9w43QsC6Wy34NNT4=,Medical,0,NA,0,1
130,6VnGnLjyao5R3ZP9w43QsC6Wy34NNT4=,Medical,0,M,0,0
50,6VnGnLjyao5R3ZP9w43QsC6Wy34NNT4=,Medical,0,F,0,1
40,6VnGnLjyao5R3ZP9w43QsC6Wy34NNT4=,Medical,0,NA,0,0
40,6VnGnLjyao5R3ZP9w43QsC6Wy34NNT4=,Medical,0,NA,0,0
25,6VnGnLjyao5R3ZP9w43QsC6Wy34NNT4=,Medical,0,M,0,1
50,6VnGnLjyao5R3ZP9w43QsC6Wy34NNT4=,Medical,0,NA,0,1
50,6VnGnLjyao5R3ZP9w43QsC6Wy34NNT4=,Medical,0,M,0,0
100,6VnGnLjyao5R3ZP9w43QsC6Wy34NNT4=,Medical,0,NA,0,0
50,6VnGnLjyao5R3ZP9w43QsC6Wy34NNT4=,Medical,0,F,0,0
100,6VnGnLjyao5R3ZP9w43QsC6Wy34NNT4=,Medical,0,NA,0,0
20,6VnGnLjyao5R3ZP9w43QsC6Wy34NNT4=,Medical,0,F,0,0
50,6VnGnLjyao5R3ZP9w43QsC6Wy34NNT4=,Medical,0,NA,0,1
50,6VnGnLjyao5R3ZP9w43QsC6Wy34NNT4=,Medical,0,NA,0,0
30,6VnGnLjyao5R3ZP9w43QsC6Wy34NNT4=,Medical,0,F,0,0
20,6VnGnLjyao5R3ZP9w43QsC6Wy34NNT4=,Medical,0,F,0,0
20,6VnGnLjyao5R3ZP9w43QsC6Wy34NNT4=,Medical,0,F,0,0
100,6VnGnLjyao5R3ZP9w43QsC6Wy34NNT4=,Medical,0,M,0,0
10,6VnGnLjyao5R3ZP9w43QsC6Wy34NNT4=,Medical,1,NA,0,0
50,6VnGnLjyao5R3ZP9w43QsC6Wy34NNT4=,Medical,0,F,0,0
20,6VnGnLjyao5R3ZP9w43QsC6Wy34NNT4=,Medical,0,NA,0,0
40,6VnGnLjyao5R3ZP9w43QsC6Wy34NNT4=,Medical,0,F,0,0
50,6VnGnLjyao5R3ZP9w43QsC6Wy34NNT4=,Medical,0,NA,0,0
50,6VnGnLjyao5R3ZP9w43QsC6Wy34NNT4=,Medical,0,M,0,0
30,6VnGnLjyao5R3ZP9w43QsC6Wy34NNT4=,Medical,0,F,0,0
20,6VnGnLjyao5R3ZP9w43QsC6Wy34NNT4=,Medical,0,NA,0,0
200,6VnGnLjyao5R3ZP9w43QsC6Wy34NNT4=,Medical,0,M,0,0
55,6VnGnLjyao5R3ZP9w43QsC6Wy34NNT4=,Medical,0,F,0,0
30,6VnGnLjyao5R3ZP9w43QsC6Wy34NNT4=,Medical,0,M,0,0
50,6VnGnLjyao5R3ZP9w43QsC6Wy34NNT4=,Medical,0,NA,0,0
50,6VnGnLjyao5R3ZP9w43QsC6Wy34NNT4=,Medical,0,F,0,0
100,6VnGnLjyao5R3ZP9w43QsC6Wy34NNT4=,Medical,0,M,0,0
100,6VnGnLjyao5R3ZP9w43QsC6Wy34NNT4=,Medical,0,NA,0,0
100,6VnGnLjyao5R3ZP9w43QsC6Wy34NNT4=,Medical,0,F,0,0
60,6VnGnLjyao5R3ZP9w43QsC6Wy34NNT4=,Medical,0,F,0,0
50,6VnGnLjyao5R3ZP9w43QsC6Wy34NNT4=,Medical,0,NA,0,0
25,6VnGnLjyao5R3ZP9w43QsC6Wy34NNT4=,Medical,0,F,0,0
150,6VnGnLjyao5R3ZP9w43QsC6Wy34NNT4=,Medical,0,F,0,0
20,6VnGnLjyao5R3ZP9w43QsC6Wy34NNT4=,Medical,0,M,0,0
40,6VnGnLjyao5R3ZP9w43QsC6Wy34NNT4=,Medical,0,F,0,0
50,6VnGnLjyao5R3ZP9w43QsC6Wy34NNT4=,Medical,0,F,0,0
30,6VnGnLjyao5R3ZP9w43QsC6Wy34NNT4=,Medical,0,F,0,0
25,6VnGnLjyao5R3ZP9w43QsC6Wy34NNT4=,Medical,0,F,0,0
50,6VnGnLjyao5R3ZP9w43QsC6Wy34NNT4=,Medical,0,F,0,0
25,6VnGnLjyao5R3ZP9w43QsC6Wy34NNT4=,Medical,0,M,0,0
15,6VnGnLjyao5R3ZP9w43QsC6Wy34NNT4=,Medical,0,NA,0,0
50,6VnGnLjyao5R3ZP9w43QsC6Wy34NNT4=,Medical,0,NA,0,0
100,6VnGnLjyao5R3ZP9w43QsC6Wy34NNT4=,Medical,0,F,0,0
50,6VnGnLjyao5R3ZP9w43QsC6Wy34NNT4=,Medical,0,NA,0,0
100,6VnGnLjyao5R3ZP9w43QsC6Wy34NNT4=,Medical,0,NA,0,0
20,6VnGnLjyao5R3ZP9w43QsC6Wy34NNT4=,Medical,0,F,0,0
35,6VnGnLjyao5R3ZP9w43QsC6Wy34NNT4=,Medical,0,M,0,0
50,6VnGnLjyao5R3ZP9w43QsC6Wy34NNT4=,Medical,0,NA,0,0
100,6VnGnLjyao5R3ZP9w43QsC6Wy34NNT4=,Medical,0,M,0,0
100,6VnGnLjyao5R3ZP9w43QsC6Wy34NNT4=,Medical,0,F,0,0
100,6VnGnLjyao5R3ZP9w43QsC6Wy34NNT4=,Medical,0,NA,0,0
50,6VnGnLjyao5R3ZP9w43QsC6Wy34NNT4=,Medical,0,NA,0,0
40,6VnGnLjyao5R3ZP9w43QsC6Wy34NNT4=,Medical,0,F,0,0
25,6VnGnLjyao5R3ZP9w43QsC6Wy34NNT4=,Medical,0,NA,0,0
50,6VnGnLjyao5R3ZP9w43QsC6Wy34NNT4=,Medical,0,F,0,0
50,6VnGnLjyao5R3ZP9w43QsC6Wy34NNT4=,Medical,0,M,0,0
50,6VnGnLjyao5R3ZP9w43QsC6Wy34NNT4=,Medical,0,NA,0,0
50,6VnGnLjyao5R3ZP9w43QsC6Wy34NNT4=,Medical,1,NA,0,0
20,6VnGnLjyao5R3ZP9w43QsC6Wy34NNT4=,Medical,0,F,0,0
50,6VnGnLjyao5R3ZP9w43QsC6Wy34NNT4=,Medical,0,NA,0,0
100,6VnGnLjyao5R3ZP9w43QsC6Wy34NNT4=,Medical,0,M,0,0
40,6VnGnLjyao5R3ZP9w43QsC6Wy34NNT4=,Medical,0,M,0,0
20,6VnGnLjyao5R3ZP9w43QsC6Wy34NNT4=,Medical,0,F,0,0
100,6VnGnLjyao5R3ZP9w43QsC6Wy34NNT4=,Medical,0,NA,0,0
30,6VnGnLjyao5R3ZP9w43QsC6Wy34NNT4=,Medical,0,NA,0,0
20,6VnGnLjyao5R3ZP9w43QsC6Wy34NNT4=,Medical,0,NA,0,0
20,6VnGnLjyao5R3ZP9w43QsC6Wy34NNT4=,Medical,0,NA,0,0
100,6VnGnLjyao5R3ZP9w43QsC6Wy34NNT4=,Medical,0,F,0,0
20,6VnGnLjyao5R3ZP9w43QsC6Wy34NNT4=,Medical,0,M,0,0
10,6VnGnLjyao5R3ZP9w43QsC6Wy34NNT4=,Medical,0,F,0,0
10,6VnGnLjyao5R3ZP9w43QsC6Wy34NNT4=,Medical,0,NA,0,0
100,6VnGnLjyao5R3ZP9w43QsC6Wy34NNT4=,Medical,0,F,1,0
20,6VnGnLjyao5R3ZP9w43QsC6Wy34NNT4=,Medical,0,F,0,0
50,6VnGnLjyao5R3ZP9w43QsC6Wy34NNT4=,Medical,0,F,0,0
40,6VnGnLjyao5R3ZP9w43QsC6Wy34NNT4=,Medical,0,NA,0,0
20,6VnGnLjyao5R3ZP9w43QsC6Wy34NNT4=,Medical,0,F,0,0
50,6VnGnLjyao5R3ZP9w43QsC6Wy34NNT4=,Medical,0,M,0,0
50,6VnGnLjyao5R3ZP9w43QsC6Wy34NNT4=,Medical,0,M,0,0
20,6VnGnLjyao5R3ZP9w43QsC6Wy34NNT4=,Medical,0,F,0,0
10,6VnGnLjyao5R3ZP9w43QsC6Wy34NNT4=,Medical,0,F,0,0
50,6VnGnLjyao5R3ZP9w43QsC6Wy34NNT4=,Medical,0,F,0,0
20,6VnGnLjyao5R3ZP9w43QsC6Wy34NNT4=,Medical,0,M,0,0
20,6VnGnLjyao5R3ZP9w43QsC6Wy34NNT4=,Medical,0,F,0,0
100,6VnGnLjyao5R3ZP9w43QsC6Wy34NNT4=,Medical,0,NA,0,0
100,6VnGnLjyao5R3ZP9w43QsC6Wy34NNT4=,Medical,0,F,0,0
50,6VnGnLjyao5R3ZP9w43QsC6Wy34NNT4=,Medical,0,F,0,0
20,6VnGnLjyao5R3ZP9w43QsC6Wy34NNT4=,Medical,0,NA,0,0
150,6VnGnLjyao5R3ZP9w43QsC6Wy34NNT4=,Medical,0,F,0,0
100,6VnGnLjyao5R3ZP9w43QsC6Wy34NNT4=,Medical,0,NA,0,0
200,6VnGnLjyao5R3ZP9w43QsC6Wy34NNT4=,Medical,0,M,0,0
20,6VnGnLjyao5R3ZP9w43QsC6Wy34NNT4=,Medical,0,F,0,0
50,6VnGnLjyao5R3ZP9w43QsC6Wy34NNT4=,Medical,0,NA,0,0
10,6VnGnLjyao5R3ZP9w43QsC6Wy34NNT4=,Medical,0,F,0,0
50,6VnGnLjyao5R3ZP9w43QsC6Wy34NNT4=,Medical,1,NA,0,0
10,6VnGnLjyao5R3ZP9w43QsC6Wy34NNT4=,Medical,0,F,0,0
30,6VnGnLjyao5R3ZP9w43QsC6Wy34NNT4=,Medical,0,F,0,0
60,6VnGnLjyao5R3ZP9w43QsC6Wy34NNT4=,Medical,0,F,0,0
20,6VnGnLjyao5R3ZP9w43QsC6Wy34NNT4=,Medical,0,F,0,0
100,6VnGnLjyao5R3ZP9w43QsC6Wy34NNT4=,Medical,0,M,0,0
20,6VnGnLjyao5R3ZP9w43QsC6Wy34NNT4=,Medical,0,F,0,0
30,6VnGnLjyao5R3ZP9w43QsC6Wy34NNT4=,Medical,0,NA,0,0
20,6VnGnLjyao5R3ZP9w43QsC6Wy34NNT4=,Medical,0,F,0,0
40,6VnGnLjyao5R3ZP9w43QsC6Wy34NNT4=,Medical,0,NA,0,0
20,6VnGnLjyao5R3ZP9w43QsC6Wy34NNT4=,Medical,0,NA,0,0
20,6VnGnLjyao5R3ZP9w43QsC6Wy34NNT4=,Medical,0,F,0,0
20,6VnGnLjyao5R3ZP9w43QsC6Wy34NNT4=,Medical,0,M,0,0
50,6VnGnLjyao5R3ZP9w43QsC6Wy34NNT4=,Medical,0,F,0,0
20,6VnGnLjyao5R3ZP9w43QsC6Wy34NNT4=,Medical,0,F,0,0
20,6VnGnLjyao5R3ZP9w43QsC6Wy34NNT4=,Medical,0,F,0,0
100,6VnGnLjyao5R3ZP9w43QsC6Wy34NNT4=,Medical,0,NA,0,0
10,6VnGnLjyao5R3ZP9w43QsC6Wy34NNT4=,Medical,0,F,0,0
100,6VnGnLjyao5R3ZP9w43QsC6Wy34NNT4=,Medical,0,F,0,0
20,6VnGnLjyao5R3ZP9w43QsC6Wy34NNT4=,Medical,0,F,0,0
40,6VnGnLjyao5R3ZP9w43QsC6Wy34NNT4=,Medical,0,F,0,0
50,6VnGnLjyao5R3ZP9w43QsC6Wy34NNT4=,Medical,0,NA,0,0
50,6VnGnLjyao5R3ZP9w43QsC6Wy34NNT4=,Medical,0,F,0,0
50,6VnGnLjyao5R3ZP9w43QsC6Wy34NNT4=,Medical,0,NA,0,0
50,6VnGnLjyao5R3ZP9w43QsC6Wy34NNT4=,Medical,0,NA,0,0
10,6VnGnLjyao5R3ZP9w43QsC6Wy34NNT4=,Medical,0,F,0,0
50,6VnGnLjyao5R3ZP9w43QsC6Wy34NNT4=,Medical,0,F,1,0
100,6VnGnLjyao5R3ZP9w43QsC6Wy34NNT4=,Medical,0,NA,0,0
50,6VnGnLjyao5R3ZP9w43QsC6Wy34NNT4=,Medical,0,F,1,0
100,6VnGnLjyao5R3ZP9w43QsC6Wy34NNT4=,Medical,0,NA,0,0
25,6VnGnLjyao5R3ZP9w43QsC6Wy34NNT4=,Medical,0,M,0,0
15,6VnGnLjyao5R3ZP9w43QsC6Wy34NNT4=,Medical,0,NA,0,0
50,6VnGnLjyao5R3ZP9w43QsC6Wy34NNT4=,Medical,0,NA,0,0
100,6VnGnLjyao5R3ZP9w43QsC6Wy34NNT4=,Medical,0,F,0,0
50,6VnGnLjyao5R3ZP9w43QsC6Wy34NNT4=,Medical,0,NA,0,0
100,6VnGnLjyao5R3ZP9w43QsC6Wy34NNT4=,Medical,0,NA,0,0
20,6VnGnLjyao5R3ZP9w43QsC6Wy34NNT4=,Medical,0,F,0,0
35,6VnGnLjyao5R3ZP9w43QsC6Wy34NNT4=,Medical,0,M,0,0
50,6VnGnLjyao5R3ZP9w43QsC6Wy34NNT4=,Medical,0,NA,0,0
100,6VnGnLjyao5R3ZP9w43QsC6Wy34NNT4=,Medical,0,M,0,0
100,6VnGnLjyao5R3ZP9w43QsC6Wy34NNT4=,Medical,0,F,0,0
100,6VnGnLjyao5R3ZP9w43QsC6Wy34NNT4=,Medical,0,NA,0,0
50,6VnGnLjyao5R3ZP9w43QsC6Wy34NNT4=,Medical,0,NA,0,0
40,6VnGnLjyao5R3ZP9w43QsC6Wy34NNT4=,Medical,0,F,0,0
25,6VnGnLjyao5R3ZP9w43QsC6Wy34NNT4=,Medical,0,NA,0,0
50,6VnGnLjyao5R3ZP9w43QsC6Wy34NNT4=,Medical,0,F,0,0
50,6VnGnLjyao5R3ZP9w43QsC6Wy34NNT4=,Medical,0,M,0,0
50,6VnGnLjyao5R3ZP9w43QsC6Wy34NNT4=,Medical,0,NA,0,0
50,6VnGnLjyao5R3ZP9w43QsC6Wy34NNT4=,Medical,1,NA,0,0
50,6VnGnLjyao5R3ZP9w43QsC6Wy34NNT4=,Medical,0,M,0,0
20,6VnGnLjyao5R3ZP9w43QsC6Wy34NNT4=,Medical,0,NA,0,0
10,6VnGnLjyao5R3ZP9w43QsC6Wy34NNT4=,Medical,0,M,0,0
50,6VnGnLjyao5R3ZP9w43QsC6Wy34NNT4=,Medical,0,F,0,0
50,6VnGnLjyao5R3ZP9w43QsC6Wy34NNT4=,Medical,0,F,0,0
50,6VnGnLjyao5R3ZP9w43QsC6Wy34NNT4=,Medical,0,F,0,0
20,6VnGnLjyao5R3ZP9w43QsC6Wy34NNT4=,Medical,0,M,0,0
20,6VnGnLjyao5R3ZP9w43QsC6Wy34NNT4=,Medical,0,M,0,0
20,6VnGnLjyao5R3ZP9w43QsC6Wy34NNT4=,Medical,0,F,0,0
50,6VnGnLjyao5R3ZP9w43QsC6Wy34NNT4=,Medical,0,NA,0,0
20,6VnGnLjyao5R3ZP9w43QsC6Wy34NNT4=,Medical,0,F,0,0
30,6VnGnLjyao5R3ZP9w43QsC6Wy34NNT4=,Medical,0,NA,0,0
10,6VnGnLjyao5R3ZP9w43QsC6Wy34NNT4=,Medical,1,NA,0,0
50,6VnGnLjyao5R3ZP9w43QsC6Wy34NNT4=,Medical,0,NA,0,0
5,6VnGnLjyao5R3ZP9w43QsC6Wy34NNT4=,Medical,0,F,0,0
5,6VnGnLjyao5R3ZP9w43QsC6Wy34NNT4=,Medical,0,F,0,0
20,6VnGnLjyao5R3ZP9w43QsC6Wy34NNT4=,Medical,0,F,0,0
100,6VnGnLjyao5R3ZP9w43QsC6Wy34NNT4=,Medical,0,M,0,0
50,6VnGnLjyao5R3ZP9w43QsC6Wy34NNT4=,Medical,0,NA,0,0
30,6VnGnLjyao5R3ZP9w43QsC6Wy34NNT4=,Medical,0,F,0,0
10,6VnGnLjyao5R3ZP9w43QsC6Wy34NNT4=,Medical,0,NA,0,0
50,6VnGnLjyao5R3ZP9w43QsC6Wy34NNT4=,Medical,0,F,0,0
20,6VnGnLjyao5R3ZP9w43QsC6Wy34NNT4=,Medical,0,F,0,0
50,6VnGnLjyao5R3ZP9w43QsC6Wy34NNT4=,Medical,0,NA,0,0
500,6VnGnLjyao5R3ZP9w43QsC6Wy34NNT4=,Medical,0,NA,0,1
40,6VnGnLjyao5R3ZP9w43QsC6Wy34NNT4=,Medical,0,F,0,0
20,6VnGnLjyao5R3ZP9w43QsC6Wy34NNT4=,Medical,0,M,0,0
30,6VnGnLjyao5R3ZP9w43QsC6Wy34NNT4=,Medical,0,F,0,0
100,6VnGnLjyao5R3ZP9w43QsC6Wy34NNT4=,Medical,0,NA,0,0
100,6VnGnLjyao5R3ZP9w43QsC6Wy34NNT4=,Medical,0,NA,0,0
50,6VnGnLjyao5R3ZP9w43QsC6Wy34NNT4=,Medical,0,M,0,0
20,6VnGnLjyao5R3ZP9w43QsC6Wy34NNT4=,Medical,0,M,0,0
50,6VnGnLjyao5R3ZP9w43QsC6Wy34NNT4=,Medical,0,F,0,0
20,6VnGnLjyao5R3ZP9w43QsC6Wy34NNT4=,Medical,0,F,0,0
50,6VnGnLjyao5R3ZP9w43QsC6Wy34NNT4=,Medical,0,F,0,0
50,6VnGnLjyao5R3ZP9w43QsC6Wy34NNT4=,Medical,0,NA,0,0
20,6VnGnLjyao5R3ZP9w43QsC6Wy34NNT4=,Medical,0,M,0,0
30,6VnGnLjyao5R3ZP9w43QsC6Wy34NNT4=,Medical,0,M,0,0
50,6VnGnLjyao5R3ZP9w43QsC6Wy34NNT4=,Medical,0,F,0,0
100,6VnGnLjyao5R3ZP9w43QsC6Wy34NNT4=,Medical,0,NA,0,0
200,6VnGnLjyao5R3ZP9w43QsC6Wy34NNT4=,Medical,0,M,0,0
20,6VnGnLjyao5R3ZP9w43QsC6Wy34NNT4=,Medical,0,F,0,0
200,6VnGnLjyao5R3ZP9w43QsC6Wy34NNT4=,Medical,0,M,0,0
20,6VnGnLjyao5R3ZP9w43QsC6Wy34NNT4=,Medical,0,F,0,0
20,6VnGnLjyao5R3ZP9w43QsC6Wy34NNT4=,Medical,0,NA,0,0
20,6VnGnLjyao5R3ZP9w43QsC6Wy34NNT4=,Medical,0,F,0,0
20,6VnGnLjyao5R3ZP9w43QsC6Wy34NNT4=,Medical,0,F,0,0
50,6VnGnLjyao5R3ZP9w43QsC6Wy34NNT4=,Medical,0,NA,0,0
20,6VnGnLjyao5R3ZP9w43QsC6Wy34NNT4=,Medical,0,NA,0,1
20,6VnGnLjyao5R3ZP9w43QsC6Wy34NNT4=,Medical,0,M,0,0
20,6VnGnLjyao5R3ZP9w43QsC6Wy34NNT4=,Medical,0,F,0,0
20,6VnGnLjyao5R3ZP9w43QsC6Wy34NNT4=,Medical,0,F,0,0
50,6VnGnLjyao5R3ZP9w43QsC6Wy34NNT4=,Medical,0,F,0,0
30,6VnGnLjyao5R3ZP9w43QsC6Wy34NNT4=,Medical,0,F,0,0
20,6VnGnLjyao5R3ZP9w43QsC6Wy34NNT4=,Medical,0,F,0,0
50,6VnGnLjyao5R3ZP9w43QsC6Wy34NNT4=,Medical,0,F,0,0
50,6VnGnLjyao5R3ZP9w43QsC6Wy34NNT4=,Medical,0,F,0,1
20,6VnGnLjyao5R3ZP9w43QsC6Wy34NNT4=,Medical,0,F,0,0
50,6VnGnLjyao5R3ZP9w43QsC6Wy34NNT4=,Medical,0,NA,0,1
130,6VnGnLjyao5R3ZP9w43QsC6Wy34NNT4=,Medical,0,M,0,0
50,6VnGnLjyao5R3ZP9w43QsC6Wy34NNT4=,Medical,0,F,0,1
40,6VnGnLjyao5R3ZP9w43QsC6Wy34NNT4=,Medical,0,NA,0,0
40,6VnGnLjyao5R3ZP9w43QsC6Wy34NNT4=,Medical,0,NA,0,0
25,6VnGnLjyao5R3ZP9w43QsC6Wy34NNT4=,Medical,0,M,0,1
50,6VnGnLjyao5R3ZP9w43QsC6Wy34NNT4=,Medical,0,NA,0,1
50,6VnGnLjyao5R3ZP9w43QsC6Wy34NNT4=,Medical,0,M,0,0
100,6VnGnLjyao5R3ZP9w43QsC6Wy34NNT4=,Medical,0,NA,0,0
50,6VnGnLjyao5R3ZP9w43QsC6Wy34NNT4=,Medical,0,F,0,0
100,6VnGnLjyao5R3ZP9w43QsC6Wy34NNT4=,Medical,0,NA,0,0
20,6VnGnLjyao5R3ZP9w43QsC6Wy34NNT4=,Medical,0,F,0,0
50,6VnGnLjyao5R3ZP9w43QsC6Wy34NNT4=,Medical,0,NA,0,1
50,6VnGnLjyao5R3ZP9w43QsC6Wy34NNT4=,Medical,0,NA,0,0
30,6VnGnLjyao5R3ZP9w43QsC6Wy34NNT4=,Medical,0,F,0,0
20,6VnGnLjyao5R3ZP9w43QsC6Wy34NNT4=,Medical,0,F,0,0
20,6VnGnLjyao5R3ZP9w43QsC6Wy34NNT4=,Medical,0,F,0,0
100,6VnGnLjyao5R3ZP9w43QsC6Wy34NNT4=,Medical,0,M,0,0
10,6VnGnLjyao5R3ZP9w43QsC6Wy34NNT4=,Medical,1,NA,0,0
50,6VnGnLjyao5R3ZP9w43QsC6Wy34NNT4=,Medical,0,F,0,0
20,6VnGnLjyao5R3ZP9w43QsC6Wy34NNT4=,Medical,0,NA,0,0
40,6VnGnLjyao5R3ZP9w43QsC6Wy34NNT4=,Medical,0,F,0,0
50,6VnGnLjyao5R3ZP9w43QsC6Wy34NNT4=,Medical,0,NA,0,0
60,6VnGnLjyao5R3ZP9w43QsC6Wy34NNT4=,Medical,0,F,0,0
30,6VnGnLjyao5R3ZP9w43QsC6Wy34NNT4=,Medical,0,NA,0,0
70,6VnGnLjyao5R3ZP9w43QsC6Wy34NNT4=,Medical,0,NA,0,0
50,6VnGnLjyao5R3ZP9w43QsC6Wy34NNT4=,Medical,0,F,0,0
55,6VnGnLjyao5R3ZP9w43QsC6Wy34NNT4=,Medical,0,F,0,0
30,6VnGnLjyao5R3ZP9w43QsC6Wy34NNT4=,Medical,0,M,0,0
50,6VnGnLjyao5R3ZP9w43QsC6Wy34NNT4=,Medical,0,NA,0,0
50,6VnGnLjyao5R3ZP9w43QsC6Wy34NNT4=,Medical,0,F,0,0
100,6VnGnLjyao5R3ZP9w43QsC6Wy34NNT4=,Medical,0,M,0,0
100,6VnGnLjyao5R3ZP9w43QsC6Wy34NNT4=,Medical,0,NA,0,0
100,6VnGnLjyao5R3ZP9w43QsC6Wy34NNT4=,Medical,0,F,0,0
60,6VnGnLjyao5R3ZP9w43QsC6Wy34NNT4=,Medical,0,F,0,0
50,6VnGnLjyao5R3ZP9w43QsC6Wy34NNT4=,Medical,0,NA,0,0
25,6VnGnLjyao5R3ZP9w43QsC6Wy34NNT4=,Medical,0,F,0,0
150,6VnGnLjyao5R3ZP9w43QsC6Wy34NNT4=,Medical,0,F,0,0
20,6VnGnLjyao5R3ZP9w43QsC6Wy34NNT4=,Medical,0,M,0,0
40,6VnGnLjyao5R3ZP9w43QsC6Wy34NNT4=,Medical,0,F,0,0
50,6VnGnLjyao5R3ZP9w43QsC6Wy34NNT4=,Medical,0,F,0,0
30,6VnGnLjyao5R3ZP9w43QsC6Wy34NNT4=,Medical,0,F,0,0
25,6VnGnLjyao5R3ZP9w43QsC6Wy34NNT4=,Medical,0,F,0,0
50,6VnGnLjyao5R3ZP9w43QsC6Wy34NNT4=,Medical,0,F,0,0
50,6VnGnLjyao5R3ZP9w43QsC6Wy34NNT4=,Medical,0,NA,0,0
30,6VnGnLjyao5R3ZP9w43QsC6Wy34NNT4=,Medical,0,F,0,0
10,6VnGnLjyao5R3ZP9w43QsC6Wy34NNT4=,Medical,0,NA,0,0
50,6VnGnLjyao5R3ZP9w43QsC6Wy34NNT4=,Medical,0,F,0,0
20,6VnGnLjyao5R3ZP9w43QsC6Wy34NNT4=,Medical,0,F,0,0
50,6VnGnLjyao5R3ZP9w43QsC6Wy34NNT4=,Medical,0,NA,0,0
500,6VnGnLjyao5R3ZP9w43QsC6Wy34NNT4=,Medical,0,NA,0,1
40,6VnGnLjyao5R3ZP9w43QsC6Wy34NNT4=,Medical,0,F,0,0
20,6VnGnLjyao5R3ZP9w43QsC6Wy34NNT4=,Medical,0,M,0,0
30,6VnGnLjyao5R3ZP9w43QsC6Wy34NNT4=,Medical,0,F,0,0
100,6VnGnLjyao5R3ZP9w43QsC6Wy34NNT4=,Medical,0,NA,0,0
100,6VnGnLjyao5R3ZP9w43QsC6Wy34NNT4=,Medical,0,NA,0,0
50,6VnGnLjyao5R3ZP9w43QsC6Wy34NNT4=,Medical,0,M,0,0
20,6VnGnLjyao5R3ZP9w43QsC6Wy34NNT4=,Medical,0,M,0,0
50,6VnGnLjyao5R3ZP9w43QsC6Wy34NNT4=,Medical,0,F,0,0
20,6VnGnLjyao5R3ZP9w43QsC6Wy34NNT4=,Medical,0,F,0,0
50,6VnGnLjyao5R3ZP9w43QsC6Wy34NNT4=,Medical,0,F,0,0
50,6VnGnLjyao5R3ZP9w43QsC6Wy34NNT4=,Medical,0,NA,0,0
20,6VnGnLjyao5R3ZP9w43QsC6Wy34NNT4=,Medical,0,M,0,0
20,6VnGnLjyao5R3ZP9w43QsC6Wy34NNT4=,Medical,0,F,0,0
30,6VnGnLjyao5R3ZP9w43QsC6Wy34NNT4=,Medical,0,F,0,0
20,6VnGnLjyao5R3ZP9w43QsC6Wy34NNT4=,Medical,0,NA,0,0
200,6VnGnLjyao5R3ZP9w43QsC6Wy34NNT4=,Medical,0,M,0,0
20,6VnGnLjyao5R3ZP9w43QsC6Wy34NNT4=,Medical,0,NA,0,0
10,6VnGnLjyao5R3ZP9w43QsC6Wy34NNT4=,Medical,0,M,0,0
50,6VnGnLjyao5R3ZP9w43QsC6Wy34NNT4=,Medical,0,F,0,0
50,6VnGnLjyao5R3ZP9w43QsC6Wy34NNT4=,Medical,0,F,0,0
50,6VnGnLjyao5R3ZP9w43QsC6Wy34NNT4=,Medical,0,F,0,0
20,6VnGnLjyao5R3ZP9w43QsC6Wy34NNT4=,Medical,0,M,0,0
20,6VnGnLjyao5R3ZP9w43QsC6Wy34NNT4=,Medical,0,M,0,0
20,6VnGnLjyao5R3ZP9w43QsC6Wy34NNT4=,Medical,0,F,0,0
50,6VnGnLjyao5R3ZP9w43QsC6Wy34NNT4=,Medical,0,NA,0,0
20,6VnGnLjyao5R3ZP9w43QsC6Wy34NNT4=,Medical,0,F,0,0
30,6VnGnLjyao5R3ZP9w43QsC6Wy34NNT4=,Medical,0,NA,0,0
10,6VnGnLjyao5R3ZP9w43QsC6Wy34NNT4=,Medical,1,NA,0,0
50,6VnGnLjyao5R3ZP9w43QsC6Wy34NNT4=,Medical,0,NA,0,0
5,6VnGnLjyao5R3ZP9w43QsC6Wy34NNT4=,Medical,0,F,0,0
5,6VnGnLjyao5R3ZP9w43QsC6Wy34NNT4=,Medical,0,F,0,0
20,6VnGnLjyao5R3ZP9w43QsC6Wy34NNT4=,Medical,0,F,0,0
100,6VnGnLjyao5R3ZP9w43QsC6Wy34NNT4=,Medical,0,M,0,0
10,6VnGnLjyao5R3ZP9w43QsC6Wy34NNT4=,Medical,0,F,0,0
50,6VnGnLjyao5R3ZP9w43QsC6Wy34NNT4=,Medical,0,F,0,0
20,6VnGnLjyao5R3ZP9w43QsC6Wy34NNT4=,Medical,0,M,0,0
20,6VnGnLjyao5R3ZP9w43QsC6Wy34NNT4=,Medical,0,F,0,0
100,6VnGnLjyao5R3ZP9w43QsC6Wy34NNT4=,Medical,0,NA,0,0
100,6VnGnLjyao5R3ZP9w43QsC6Wy34NNT4=,Medical,0,F,0,0
50,6VnGnLjyao5R3ZP9w43QsC6Wy34NNT4=,Medical,0,F,0,0
20,6VnGnLjyao5R3ZP9w43QsC6Wy34NNT4=,Medical,0,NA,0,0
150,6VnGnLjyao5R3ZP9w43QsC6Wy34NNT4=,Medical,0,F,0,0
100,6VnGnLjyao5R3ZP9w43QsC6Wy34NNT4=,Medical,0,NA,0,0
200,6VnGnLjyao5R3ZP9w43QsC6Wy34NNT4=,Medical,0,M,0,0
20,6VnGnLjyao5R3ZP9w43QsC6Wy34NNT4=,Medical,0,F,0,0
50,6VnGnLjyao5R3ZP9w43QsC6Wy34NNT4=,Medical,0,NA,0,0
10,6VnGnLjyao5R3ZP9w43QsC6Wy34NNT4=,Medical,0,F,0,0
50,6VnGnLjyao5R3ZP9w43QsC6Wy34NNT4=,Medical,1,NA,0,0
10,6VnGnLjyao5R3ZP9w43QsC6Wy34NNT4=,Medical,0,F,0,0
30,6VnGnLjyao5R3ZP9w43QsC6Wy34NNT4=,Medical,0,F,0,0
60,6VnGnLjyao5R3ZP9w43QsC6Wy34NNT4=,Medical,0,F,0,0
20,6VnGnLjyao5R3ZP9w43QsC6Wy34NNT4=,Medical,0,F,0,0
100,6VnGnLjyao5R3ZP9w43QsC6Wy34NNT4=,Medical,0,M,0,0
50,6VnGnLjyao5R3ZP9w43QsC6Wy34NNT4=,Medical,0,NA,0,0
100,6VnGnLjyao5R3ZP9w43QsC6Wy34NNT4=,Medical,0,M,0,0
40,6VnGnLjyao5R3ZP9w43QsC6Wy34NNT4=,Medical,0,M,0,0
20,6VnGnLjyao5R3ZP9w43QsC6Wy34NNT4=,Medical,0,F,0,0
100,6VnGnLjyao5R3ZP9w43QsC6Wy34NNT4=,Medical,0,NA,0,0
30,6VnGnLjyao5R3ZP9w43QsC6Wy34NNT4=,Medical,0,NA,0,0
20,6VnGnLjyao5R3ZP9w43QsC6Wy34NNT4=,Medical,0,NA,0,0
20,6VnGnLjyao5R3ZP9w43QsC6Wy34NNT4=,Medical,0,NA,0,0
100,6VnGnLjyao5R3ZP9w43QsC6Wy34NNT4=,Medical,0,F,0,0
20,6VnGnLjyao5R3ZP9w43QsC6Wy34NNT4=,Medical,0,M,0,0
10,6VnGnLjyao5R3ZP9w43QsC6Wy34NNT4=,Medical,0,F,0,0
10,6VnGnLjyao5R3ZP9w43QsC6Wy34NNT4=,Medical,0,NA,0,0
100,6VnGnLjyao5R3ZP9w43QsC6Wy34NNT4=,Medical,0,F,1,0
20,6VnGnLjyao5R3ZP9w43QsC6Wy34NNT4=,Medical,0,F,0,0
50,6VnGnLjyao5R3ZP9w43QsC6Wy34NNT4=,Medical,0,F,0,0
40,6VnGnLjyao5R3ZP9w43QsC6Wy34NNT4=,Medical,0,NA,0,0
20,6VnGnLjyao5R3ZP9w43QsC6Wy34NNT4=,Medical,0,F,0,0
50,6VnGnLjyao5R3ZP9w43QsC6Wy34NNT4=,Medical,0,M,0,0
50,6VnGnLjyao5R3ZP9w43QsC6Wy34NNT4=,Medical,0,M,0,0
20,6VnGnLjyao5R3ZP9w43QsC6Wy34NNT4=,Medical,0,F,0,0
20,6VnGnLjyao5R3ZP9w43QsC6Wy34NNT4=,Medical,0,M,0,0
50,6VnGnLjyao5R3ZP9w43QsC6Wy34NNT4=,Medical,0,F,0,0
20,6VnGnLjyao5R3ZP9w43QsC6Wy34NNT4=,Medical,0,F,0,0
20,6VnGnLjyao5R3ZP9w43QsC6Wy34NNT4=,Medical,0,F,0,0
100,6VnGnLjyao5R3ZP9w43QsC6Wy34NNT4=,Medical,0,NA,0,0
10,6VnGnLjyao5R3ZP9w43QsC6Wy34NNT4=,Medical,0,F,0,0
100,6VnGnLjyao5R3ZP9w43QsC6Wy34NNT4=,Medical,0,F,0,0
20,6VnGnLjyao5R3ZP9w43QsC6Wy34NNT4=,Medical,0,F,0,0
30,6VnGnLjyao5R3ZP9w43QsC6Wy34NNT4=,Medical,0,NA,0,0
20,6VnGnLjyao5R3ZP9w43QsC6Wy34NNT4=,Medical,0,F,0,0
40,6VnGnLjyao5R3ZP9w43QsC6Wy34NNT4=,Medical,0,NA,0,0
20,6VnGnLjyao5R3ZP9w43QsC6Wy34NNT4=,Medical,0,NA,0,0
20,6VnGnLjyao5R3ZP9w43QsC6Wy34NNT4=,Medical,0,F,0,0
10,6VnGnLjyao5R3ZP9w43QsC6Wy34NNT4=,Medical,0,F,0,0
50,6VnGnLjyao5R3ZP9w43QsC6Wy34NNT4=,Medical,0,NA,0,0
50,6VnGnLjyao5R3ZP9w43QsC6Wy34NNT4=,Medical,0,F,0,0
20,6VnGnLjyao5R3ZP9w43QsC6Wy34NNT4=,Medical,0,F,0,0
40,6VnGnLjyao5R3ZP9w43QsC6Wy34NNT4=,Medical,0,F,0,0
50,6VnGnLjyao5R3ZP9w43QsC6Wy34NNT4=,Medical,0,NA,0,0
50,6VnGnLjyao5R3ZP9w43QsC6Wy34NNT4=,Medical,0,NA,0,0
50,lUxUIDl/5RK9JBnOMtsJfC6Wy3gZPnU=,Alberta Fires,0,F,0,0
50,lUxUIDl/5RK9JBnOMtsJfC6Wy3gZPnU=,Alberta Fires,1,NA,0,0
50,lUxUIDl/5RK9JBnOMtsJfC6Wy3gZPnU=,Alberta Fires,0,NA,0,0
50,lUxUIDl/5RK9JBnOMtsJfC6Wy3gZPnU=,Alberta Fires,0,F,0,0
50,lUxUIDl/5RK9JBnOMtsJfC6Wy3gZPnU=,Alberta Fires,1,NA,0,0
40,lUxUIDl/5RK9JBnOMtsJfC6Wy3gZPnU=,Alberta Fires,0,F,0,0
200,lUxUIDl/5RK9JBnOMtsJfC6Wy3gZPnU=,Alberta Fires,0,NA,0,0
50,lUxUIDl/5RK9JBnOMtsJfC6Wy3gZPnU=,Alberta Fires,0,F,0,0
25,lUxUIDl/5RK9JBnOMtsJfC6Wy3gZPnU=,Alberta Fires,1,NA,0,0
100,lUxUIDl/5RK9JBnOMtsJfC6Wy3gZPnU=,Alberta Fires,0,F,0,0
20,fPB5VINr6zbSFAyas38l0C6WySEaKWxx,Alberta Fires,0,NA,0,0
50,fPB5VINr6zbSFAyas38l0C6WySEaKWxx,Alberta Fires,0,F,0,0
50,fPB5VINr6zbSFAyas38l0C6WySEaKWxx,Alberta Fires,0,F,0,0
100,fPB5VINr6zbSFAyas38l0C6WySEaKWxx,Alberta Fires,0,NA,0,0
150,fPB5VINr6zbSFAyas38l0C6WySEaKWxx,Alberta Fires,0,NA,0,0
250,fPB5VINr6zbSFAyas38l0C6WySEaKWxx,Alberta Fires,0,F,0,0
100,fPB5VINr6zbSFAyas38l0C6WySEaKWxx,Alberta Fires,0,F,0,0
25,fPB5VINr6zbSFAyas38l0C6WySEaKWxx,Alberta Fires,0,M,0,0
50,fPB5VINr6zbSFAyas38l0C6WySEaKWxx,Alberta Fires,1,NA,0,0
50,fPB5VINr6zbSFAyas38l0C6WySEaKWxx,Alberta Fires,0,NA,0,0
25,fPB5VINr6zbSFAyas38l0C6WySEaKWxx,Alberta Fires,0,NA,0,0
25,fPB5VINr6zbSFAyas38l0C6WySEaKWxx,Alberta Fires,1,NA,0,0
250,fPB5VINr6zbSFAyas38l0C6WySEaKWxx,Alberta Fires,0,F,0,0
100,fPB5VINr6zbSFAyas38l0C6WySEaKWxx,Alberta Fires,0,F,0,0
50,fPB5VINr6zbSFAyas38l0C6WySEaKWxx,Alberta Fires,0,M,0,0
50,fPB5VINr6zbSFAyas38l0C6WySEaKWxx,Alberta Fires,0,M,0,0
50,fPB5VINr6zbSFAyas38l0C6WySEaKWxx,Alberta Fires,0,NA,0,0
100,fPB5VINr6zbSFAyas38l0C6WySEaKWxx,Alberta Fires,0,M,0,0
100,fPB5VINr6zbSFAyas38l0C6WySEaKWxx,Alberta Fires,0,NA,0,0
50,fPB5VINr6zbSFAyas38l0C6WySEaKWxx,Alberta Fires,0,NA,0,0
25,fPB5VINr6zbSFAyas38l0C6WySEaKWxx,Alberta Fires,0,F,0,0
100,fPB5VINr6zbSFAyas38l0C6WySEaKWxx,Alberta Fires,0,F,0,0
20,fPB5VINr6zbSFAyas38l0C6WySEaKWxx,Alberta Fires,0,F,0,0
40,fPB5VINr6zbSFAyas38l0C6WySEaKWxx,Alberta Fires,0,NA,0,0
50,fPB5VINr6zbSFAyas38l0C6WySEaKWxx,Alberta Fires,0,NA,0,0
25,fPB5VINr6zbSFAyas38l0C6WySEaKWxx,Alberta Fires,0,NA,0,0
50,fPB5VINr6zbSFAyas38l0C6WySEaKWxx,Alberta Fires,0,M,0,0
50,fPB5VINr6zbSFAyas38l0C6WySEaKWxx,Alberta Fires,0,M,0,0
50,fPB5VINr6zbSFAyas38l0C6WySEaKWxx,Alberta Fires,0,F,0,0
50,fPB5VINr6zbSFAyas38l0C6WySEaKWxx,Alberta Fires,0,NA,0,0
50,fPB5VINr6zbSFAyas38l0C6WySEaKWxx,Alberta Fires,0,NA,0,1
100,fPB5VINr6zbSFAyas38l0C6WySEaKWxx,Alberta Fires,0,F,0,1
50,fPB5VINr6zbSFAyas38l0C6WySEaKWxx,Alberta Fires,0,F,0,0
25,fPB5VINr6zbSFAyas38l0C6WySEaKWxx,Alberta Fires,0,NA,0,0
50,fPB5VINr6zbSFAyas38l0C6WySEaKWxx,Alberta Fires,0,F,0,0
25,fPB5VINr6zbSFAyas38l0C6WySEaKWxx,Alberta Fires,0,F,0,0
150,fPB5VINr6zbSFAyas38l0C6WySEaKWxx,Alberta Fires,0,NA,0,0
500,fPB5VINr6zbSFAyas38l0C6WySEaKWxx,Alberta Fires,0,F,0,0
50,fPB5VINr6zbSFAyas38l0C6WySEaKWxx,Alberta Fires,0,NA,0,0
25,fPB5VINr6zbSFAyas38l0C6WySEaKWxx,Alberta Fires,0,F,0,0
20,fPB5VINr6zbSFAyas38l0C6WySEaKWxx,Alberta Fires,0,F,0,0
100,fPB5VINr6zbSFAyas38l0C6WySEaKWxx,Alberta Fires,0,M,0,0
150,fPB5VINr6zbSFAyas38l0C6WySEaKWxx,Alberta Fires,0,NA,0,1
25,fPB5VINr6zbSFAyas38l0C6WySEaKWxx,Alberta Fires,0,M,0,0
20,fPB5VINr6zbSFAyas38l0C6WySEaKWxx,Alberta Fires,0,M,0,0
25,fPB5VINr6zbSFAyas38l0C6WySEaKWxx,Alberta Fires,0,F,0,0
100,fPB5VINr6zbSFAyas38l0C6WySEaKWxx,Alberta Fires,0,F,0,1
20,fPB5VINr6zbSFAyas38l0C6WySEaKWxx,Alberta Fires,0,F,0,0
50,fPB5VINr6zbSFAyas38l0C6WySEaKWxx,Alberta Fires,0,F,0,0
50,fPB5VINr6zbSFAyas38l0C6WySEaKWxx,Alberta Fires,0,NA,0,0
40,fPB5VINr6zbSFAyas38l0C6WySEaKWxx,Alberta Fires,0,F,0,1
50,fPB5VINr6zbSFAyas38l0C6WySEaKWxx,Alberta Fires,0,M,0,1
100,fPB5VINr6zbSFAyas38l0C6WySEaKWxx,Alberta Fires,0,F,0,0
25,fPB5VINr6zbSFAyas38l0C6WySEaKWxx,Alberta Fires,0,F,0,0
75,fPB5VINr6zbSFAyas38l0C6WySEaKWxx,Alberta Fires,0,M,0,0
100,fPB5VINr6zbSFAyas38l0C6WySEaKWxx,Alberta Fires,0,NA,0,0
50,fPB5VINr6zbSFAyas38l0C6WySEaKWxx,Alberta Fires,0,NA,0,0
50,fPB5VINr6zbSFAyas38l0C6WySEaKWxx,Alberta Fires,0,F,0,1
50,fPB5VINr6zbSFAyas38l0C6WySEaKWxx,Alberta Fires,0,F,0,0
25,fPB5VINr6zbSFAyas38l0C6WySEaKWxx,Alberta Fires,0,F,0,0
100,fPB5VINr6zbSFAyas38l0C6WySEaKWxx,Alberta Fires,0,F,0,0
25,fPB5VINr6zbSFAyas38l0C6WySEaKWxx,Alberta Fires,0,F,0,0
100,fPB5VINr6zbSFAyas38l0C6WySEaKWxx,Alberta Fires,0,F,0,0
100,fPB5VINr6zbSFAyas38l0C6WySEaKWxx,Alberta Fires,0,F,0,0
25,fPB5VINr6zbSFAyas38l0C6WySEaKWxx,Alberta Fires,0,F,0,0
25,fPB5VINr6zbSFAyas38l0C6WySEaKWxx,Alberta Fires,0,F,0,0
50,bh/tR88hYC+vYLuDLWcPpS6WyS4VLDAq,Alberta Fires,1,NA,0,0
5,bh/tR88hYC+vYLuDLWcPpS6WyS4VLDAq,Alberta Fires,0,NA,0,0
500,bh/tR88hYC+vYLuDLWcPpS6WyS4VLDAq,Alberta Fires,0,F,0,0
50,bh/tR88hYC+vYLuDLWcPpS6WyS4VLDAq,Alberta Fires,0,NA,0,0
500,bh/tR88hYC+vYLuDLWcPpS6WyS4VLDAq,Alberta Fires,0,NA,0,0
200,bh/tR88hYC+vYLuDLWcPpS6WyS4VLDAq,Alberta Fires,0,M,0,0
50,bh/tR88hYC+vYLuDLWcPpS6WyS4VLDAq,Alberta Fires,0,F,0,0
2000,bh/tR88hYC+vYLuDLWcPpS6WyS4VLDAq,Alberta Fires,0,M,0,0
30,bh/tR88hYC+vYLuDLWcPpS6WyS4VLDAq,Alberta Fires,1,NA,0,0
25,bh/tR88hYC+vYLuDLWcPpS6WyS4VLDAq,Alberta Fires,0,F,0,0
200,bh/tR88hYC+vYLuDLWcPpS6WyS4VLDAq,Alberta Fires,0,NA,0,0
25,bh/tR88hYC+vYLuDLWcPpS6WyS4VLDAq,Alberta Fires,0,F,0,0
50,bh/tR88hYC+vYLuDLWcPpS6WyS4VLDAq,Alberta Fires,1,NA,0,0
50,bh/tR88hYC+vYLuDLWcPpS6WyS4VLDAq,Alberta Fires,1,NA,0,0
100,bh/tR88hYC+vYLuDLWcPpS6WyS4VLDAq,Alberta Fires,0,NA,0,0
25,bh/tR88hYC+vYLuDLWcPpS6WyS4VLDAq,Alberta Fires,0,F,0,0
200,bh/tR88hYC+vYLuDLWcPpS6WyS4VLDAq,Alberta Fires,0,F,0,0
10,bh/tR88hYC+vYLuDLWcPpS6WyS4VLDAq,Alberta Fires,1,NA,0,0
50,bh/tR88hYC+vYLuDLWcPpS6WyS4VLDAq,Alberta Fires,0,M,0,0
100,bh/tR88hYC+vYLuDLWcPpS6WyS4VLDAq,Alberta Fires,0,F,0,0
50,bh/tR88hYC+vYLuDLWcPpS6WyS4VLDAq,Alberta Fires,0,M,0,0
50,bh/tR88hYC+vYLuDLWcPpS6WyS4VLDAq,Alberta Fires,0,F,0,0
30,bh/tR88hYC+vYLuDLWcPpS6WyS4VLDAq,Alberta Fires,0,F,0,0
50,bh/tR88hYC+vYLuDLWcPpS6WyS4VLDAq,Alberta Fires,0,F,0,1
25,bh/tR88hYC+vYLuDLWcPpS6WyS4VLDAq,Alberta Fires,0,F,0,0
40,bh/tR88hYC+vYLuDLWcPpS6WyS4VLDAq,Alberta Fires,0,F,0,0
40,bh/tR88hYC+vYLuDLWcPpS6WyS4VLDAq,Alberta Fires,0,F,0,0
100,bh/tR88hYC+vYLuDLWcPpS6WyS4VLDAq,Alberta Fires,0,NA,0,0
50,bh/tR88hYC+vYLuDLWcPpS6WyS4VLDAq,Alberta Fires,0,NA,0,0
50,bh/tR88hYC+vYLuDLWcPpS6WyS4VLDAq,Alberta Fires,0,NA,0,0
50,bh/tR88hYC+vYLuDLWcPpS6WyS4VLDAq,Alberta Fires,0,F,0,0
300,bh/tR88hYC+vYLuDLWcPpS6WyS4VLDAq,Alberta Fires,0,F,0,1
50,bh/tR88hYC+vYLuDLWcPpS6WyS4VLDAq,Alberta Fires,0,F,0,0
50,bh/tR88hYC+vYLuDLWcPpS6WyS4VLDAq,Alberta Fires,0,M,0,0
25,bh/tR88hYC+vYLuDLWcPpS6WyS4VLDAq,Alberta Fires,0,F,0,0
100,bh/tR88hYC+vYLuDLWcPpS6WyS4VLDAq,Alberta Fires,0,M,0,0
150,bh/tR88hYC+vYLuDLWcPpS6WyS4VLDAq,Alberta Fires,0,F,0,0
25,bh/tR88hYC+vYLuDLWcPpS6WyS4VLDAq,Alberta Fires,0,NA,0,0
50,bh/tR88hYC+vYLuDLWcPpS6WyS4VLDAq,Alberta Fires,0,F,0,0
200,bh/tR88hYC+vYLuDLWcPpS6WyS4VLDAq,Alberta Fires,0,F,0,0
100,bh/tR88hYC+vYLuDLWcPpS6WyS4VLDAq,Alberta Fires,0,M,0,0
100,bh/tR88hYC+vYLuDLWcPpS6WyS4VLDAq,Alberta Fires,0,NA,0,0
50,bh/tR88hYC+vYLuDLWcPpS6WyS4VLDAq,Alberta Fires,0,M,0,0
25,bh/tR88hYC+vYLuDLWcPpS6WyS4VLDAq,Alberta Fires,1,NA,0,0
20,bh/tR88hYC+vYLuDLWcPpS6WyS4VLDAq,Alberta Fires,1,NA,0,0
50,bh/tR88hYC+vYLuDLWcPpS6WyS4VLDAq,Alberta Fires,0,F,0,0
50,bh/tR88hYC+vYLuDLWcPpS6WyS4VLDAq,Alberta Fires,1,NA,0,0
20,bh/tR88hYC+vYLuDLWcPpS6WyS4VLDAq,Alberta Fires,0,F,0,0
50,bh/tR88hYC+vYLuDLWcPpS6WyS4VLDAq,Alberta Fires,0,F,0,0
300,bh/tR88hYC+vYLuDLWcPpS6WyS4VLDAq,Alberta Fires,0,F,0,0
40,bh/tR88hYC+vYLuDLWcPpS6WyS4VLDAq,Alberta Fires,0,M,0,0
125,bh/tR88hYC+vYLuDLWcPpS6WyS4VLDAq,Alberta Fires,0,M,0,0
25,bh/tR88hYC+vYLuDLWcPpS6WyS4VLDAq,Alberta Fires,0,F,0,0
250,bh/tR88hYC+vYLuDLWcPpS6WyS4VLDAq,Alberta Fires,0,NA,0,0
50,bh/tR88hYC+vYLuDLWcPpS6WyS4VLDAq,Alberta Fires,0,NA,0,0
50,bh/tR88hYC+vYLuDLWcPpS6WyS4VLDAq,Alberta Fires,0,F,0,0
50,bh/tR88hYC+vYLuDLWcPpS6WyS4VLDAq,Alberta Fires,0,F,0,0
25,bh/tR88hYC+vYLuDLWcPpS6WyS4VLDAq,Alberta Fires,0,M,0,0
100,bh/tR88hYC+vYLuDLWcPpS6WyS4VLDAq,Alberta Fires,0,F,0,1
25,bh/tR88hYC+vYLuDLWcPpS6WyS4VLDAq,Alberta Fires,0,NA,0,0
100,bh/tR88hYC+vYLuDLWcPpS6WyS4VLDAq,Alberta Fires,0,M,0,0
50,bh/tR88hYC+vYLuDLWcPpS6WyS4VLDAq,Alberta Fires,0,F,0,0
50,bh/tR88hYC+vYLuDLWcPpS6WyS4VLDAq,Alberta Fires,0,NA,0,0
50,bh/tR88hYC+vYLuDLWcPpS6WyS4VLDAq,Alberta Fires,0,M,0,0
50,bh/tR88hYC+vYLuDLWcPpS6WyS4VLDAq,Alberta Fires,0,F,0,0
50,bh/tR88hYC+vYLuDLWcPpS6WyS4VLDAq,Alberta Fires,0,F,0,0
50,bh/tR88hYC+vYLuDLWcPpS6WyS4VLDAq,Alberta Fires,0,F,0,0
20,bh/tR88hYC+vYLuDLWcPpS6WyS4VLDAq,Alberta Fires,0,M,0,0
100,bh/tR88hYC+vYLuDLWcPpS6WyS4VLDAq,Alberta Fires,0,F,0,0
100,bh/tR88hYC+vYLuDLWcPpS6WyS4VLDAq,Alberta Fires,0,F,0,1
100,bh/tR88hYC+vYLuDLWcPpS6WyS4VLDAq,Alberta Fires,0,M,0,1
20,bh/tR88hYC+vYLuDLWcPpS6WyS4VLDAq,Alberta Fires,0,F,0,0
50,bh/tR88hYC+vYLuDLWcPpS6WyS4VLDAq,Alberta Fires,0,F,0,0
500,bh/tR88hYC+vYLuDLWcPpS6WyS4VLDAq,Alberta Fires,0,M,0,0
300,bh/tR88hYC+vYLuDLWcPpS6WyS4VLDAq,Alberta Fires,0,NA,0,0
25,bh/tR88hYC+vYLuDLWcPpS6WyS4VLDAq,Alberta Fires,0,F,0,0
100,bh/tR88hYC+vYLuDLWcPpS6WyS4VLDAq,Alberta Fires,0,M,0,0
100,bh/tR88hYC+vYLuDLWcPpS6WyS4VLDAq,Alberta Fires,0,F,0,0
50,bh/tR88hYC+vYLuDLWcPpS6WyS4VLDAq,Alberta Fires,0,F,0,0
50,bh/tR88hYC+vYLuDLWcPpS6WyS4VLDAq,Alberta Fires,0,F,0,0
100,bh/tR88hYC+vYLuDLWcPpS6WyS4VLDAq,Alberta Fires,0,F,0,0
50,bh/tR88hYC+vYLuDLWcPpS6WyS4VLDAq,Alberta Fires,0,F,0,0
200,bh/tR88hYC+vYLuDLWcPpS6WyS4VLDAq,Alberta Fires,0,M,0,0
50,bh/tR88hYC+vYLuDLWcPpS6WyS4VLDAq,Alberta Fires,0,F,0,0
200,bh/tR88hYC+vYLuDLWcPpS6WyS4VLDAq,Alberta Fires,0,M,0,0
200,bh/tR88hYC+vYLuDLWcPpS6WyS4VLDAq,Alberta Fires,1,NA,0,0
500,bh/tR88hYC+vYLuDLWcPpS6WyS4VLDAq,Alberta Fires,0,M,0,0
100,bh/tR88hYC+vYLuDLWcPpS6WyS4VLDAq,Alberta Fires,0,M,0,0
150,bh/tR88hYC+vYLuDLWcPpS6WyS4VLDAq,Alberta Fires,0,NA,0,0
75,bh/tR88hYC+vYLuDLWcPpS6WyS4VLDAq,Alberta Fires,0,F,0,0
75,bh/tR88hYC+vYLuDLWcPpS6WyS4VLDAq,Alberta Fires,0,F,0,1
100,bh/tR88hYC+vYLuDLWcPpS6WyS4VLDAq,Alberta Fires,0,NA,0,0
200,bh/tR88hYC+vYLuDLWcPpS6WyS4VLDAq,Alberta Fires,0,NA,0,0
100,bh/tR88hYC+vYLuDLWcPpS6WyS4VLDAq,Alberta Fires,0,F,0,0
50,bh/tR88hYC+vYLuDLWcPpS6WyS4VLDAq,Alberta Fires,0,NA,0,0
100,bh/tR88hYC+vYLuDLWcPpS6WyS4VLDAq,Alberta Fires,0,F,0,0
100,bh/tR88hYC+vYLuDLWcPpS6WyS4VLDAq,Alberta Fires,0,NA,0,1
50,bh/tR88hYC+vYLuDLWcPpS6WyS4VLDAq,Alberta Fires,0,F,0,0
100,bh/tR88hYC+vYLuDLWcPpS6WyS4VLDAq,Alberta Fires,0,M,0,0
50,bh/tR88hYC+vYLuDLWcPpS6WyS4VLDAq,Alberta Fires,0,F,0,0
50,bh/tR88hYC+vYLuDLWcPpS6WyS4VLDAq,Alberta Fires,0,M,0,0
100,bh/tR88hYC+vYLuDLWcPpS6WyS4VLDAq,Alberta Fires,0,F,0,0
100,bh/tR88hYC+vYLuDLWcPpS6WyS4VLDAq,Alberta Fires,0,NA,0,0
75,bh/tR88hYC+vYLuDLWcPpS6WyS4VLDAq,Alberta Fires,0,F,0,0
50,bh/tR88hYC+vYLuDLWcPpS6WyS4VLDAq,Alberta Fires,0,M,0,0
200,bh/tR88hYC+vYLuDLWcPpS6WyS4VLDAq,Alberta Fires,0,M,0,0
100,bh/tR88hYC+vYLuDLWcPpS6WyS4VLDAq,Alberta Fires,0,NA,0,0
100,bh/tR88hYC+vYLuDLWcPpS6WyS4VLDAq,Alberta Fires,0,M,0,0
100,bh/tR88hYC+vYLuDLWcPpS6WyS4VLDAq,Alberta Fires,0,F,0,1
100,bh/tR88hYC+vYLuDLWcPpS6WyS4VLDAq,Alberta Fires,0,F,0,0
100,bh/tR88hYC+vYLuDLWcPpS6WyS4VLDAq,Alberta Fires,0,M,0,0
60,bh/tR88hYC+vYLuDLWcPpS6WyS4VLDAq,Alberta Fires,0,F,0,0
100,bh/tR88hYC+vYLuDLWcPpS6WyS4VLDAq,Alberta Fires,0,M,0,0
500,bh/tR88hYC+vYLuDLWcPpS6WyS4VLDAq,Alberta Fires,0,NA,0,0
100,bh/tR88hYC+vYLuDLWcPpS6WyS4VLDAq,Alberta Fires,0,F,0,0
100,bh/tR88hYC+vYLuDLWcPpS6WyS4VLDAq,Alberta Fires,0,M,0,0
25,iCiViSBxxlNnjp7pwQ9dmi6WyS8KaHE=,Alberta Fires,0,NA,0,0
100,iCiViSBxxlNnjp7pwQ9dmi6WyS8KaHE=,Alberta Fires,0,M,0,0
50,iCiViSBxxlNnjp7pwQ9dmi6WyS8KaHE=,Alberta Fires,0,NA,0,0
100,iCiViSBxxlNnjp7pwQ9dmi6WyS8KaHE=,Alberta Fires,0,F,0,0
50,iCiViSBxxlNnjp7pwQ9dmi6WyS8KaHE=,Alberta Fires,0,M,0,0
50,iCiViSBxxlNnjp7pwQ9dmi6WyS8KaHE=,Alberta Fires,0,F,0,0
10,iCiViSBxxlNnjp7pwQ9dmi6WyS8KaHE=,Alberta Fires,0,F,0,0
100,iCiViSBxxlNnjp7pwQ9dmi6WyS8KaHE=,Alberta Fires,0,NA,0,0
100,iCiViSBxxlNnjp7pwQ9dmi6WyS8KaHE=,Alberta Fires,0,NA,0,0
300,iCiViSBxxlNnjp7pwQ9dmi6WyS8KaHE=,Alberta Fires,0,F,0,0
100,iCiViSBxxlNnjp7pwQ9dmi6WyS8KaHE=,Alberta Fires,0,F,0,0
100,iCiViSBxxlNnjp7pwQ9dmi6WyS8KaHE=,Alberta Fires,0,M,0,0
100,iCiViSBxxlNnjp7pwQ9dmi6WyS8KaHE=,Alberta Fires,0,M,0,0
50,iCiViSBxxlNnjp7pwQ9dmi6WyS8KaHE=,Alberta Fires,0,F,0,0
200,iCiViSBxxlNnjp7pwQ9dmi6WyS8KaHE=,Alberta Fires,0,M,0,0
50,iCiViSBxxlNnjp7pwQ9dmi6WyS8KaHE=,Alberta Fires,0,F,0,0
100,Dj8/UR7zvrcgIK6UKnWEhy6WyXcWPWgi,Alberta Fires,0,F,0,0
40,Dj8/UR7zvrcgIK6UKnWEhy6WyXcWPWgi,Alberta Fires,0,F,0,0
100,Dj8/UR7zvrcgIK6UKnWEhy6WyXcWPWgi,Alberta Fires,0,M,0,0
25,Dj8/UR7zvrcgIK6UKnWEhy6WyXcWPWgi,Alberta Fires,0,F,0,0
50,Dj8/UR7zvrcgIK6UKnWEhy6WyXcWPWgi,Alberta Fires,0,F,0,0
600,Dj8/UR7zvrcgIK6UKnWEhy6WyXcWPWgi,Alberta Fires,0,F,0,0
20,Dj8/UR7zvrcgIK6UKnWEhy6WyXcWPWgi,Alberta Fires,0,NA,0,0
20,Dj8/UR7zvrcgIK6UKnWEhy6WyXcWPWgi,Alberta Fires,0,F,0,0
50,Dj8/UR7zvrcgIK6UKnWEhy6WyXcWPWgi,Alberta Fires,0,F,0,1
500,Dj8/UR7zvrcgIK6UKnWEhy6WyXcWPWgi,Alberta Fires,0,F,0,0
10,Dj8/UR7zvrcgIK6UKnWEhy6WyXcWPWgi,Alberta Fires,0,NA,0,0
30,Dj8/UR7zvrcgIK6UKnWEhy6WyXcWPWgi,Alberta Fires,1,NA,0,0
10,Dj8/UR7zvrcgIK6UKnWEhy6WyXcWPWgi,Alberta Fires,0,F,0,0
100,9FnDxn6N2wlOkUuX3EoCTi6WyX4QMT4=,Alberta Fires,1,NA,0,0
30,9FnDxn6N2wlOkUuX3EoCTi6WyX4QMT4=,Alberta Fires,0,M,0,0
385,9FnDxn6N2wlOkUuX3EoCTi6WyX4QMT4=,Alberta Fires,0,F,0,1
50,9FnDxn6N2wlOkUuX3EoCTi6WyX4QMT4=,Alberta Fires,1,NA,0,0
100,9FnDxn6N2wlOkUuX3EoCTi6WyX4QMT4=,Alberta Fires,0,F,0,0
50,9FnDxn6N2wlOkUuX3EoCTi6WyX4QMT4=,Alberta Fires,1,NA,0,0
25,9FnDxn6N2wlOkUuX3EoCTi6WyX4QMT4=,Alberta Fires,0,F,0,0
25,9FnDxn6N2wlOkUuX3EoCTi6WyX4QMT4=,Alberta Fires,1,NA,0,0
500,9FnDxn6N2wlOkUuX3EoCTi6WyX4QMT4=,Alberta Fires,1,NA,0,0
100,9FnDxn6N2wlOkUuX3EoCTi6WyX4QMT4=,Alberta Fires,0,F,0,0
100,9FnDxn6N2wlOkUuX3EoCTi6WyX4QMT4=,Alberta Fires,0,M,0,0
50,9FnDxn6N2wlOkUuX3EoCTi6WyX4QMT4=,Alberta Fires,0,M,0,0
100,9FnDxn6N2wlOkUuX3EoCTi6WyX4QMT4=,Alberta Fires,0,M,0,0
25,9FnDxn6N2wlOkUuX3EoCTi6WyX4QMT4=,Alberta Fires,0,NA,0,0
100,9FnDxn6N2wlOkUuX3EoCTi6WyX4QMT4=,Alberta Fires,0,M,0,1
20,9FnDxn6N2wlOkUuX3EoCTi6WyX4QMT4=,Alberta Fires,0,F,0,0
25,9FnDxn6N2wlOkUuX3EoCTi6WyX4QMT4=,Alberta Fires,0,NA,0,0
10,9FnDxn6N2wlOkUuX3EoCTi6WyX4QMT4=,Alberta Fires,1,NA,0,0
25,9FnDxn6N2wlOkUuX3EoCTi6WyX4QMT4=,Alberta Fires,0,NA,0,0
100,9FnDxn6N2wlOkUuX3EoCTi6WyX4QMT4=,Alberta Fires,0,F,0,0
100,9FnDxn6N2wlOkUuX3EoCTi6WyX4QMT4=,Alberta Fires,0,F,0,0
100,OAEOUxgbjWAu9mnLB3wSxy6WyWRMOTIq,Newlyweds,0,F,0,0
50,vFlGNSAfjCEMSWe/N0UHfC6WyWUKJzI6,Alberta Fires,0,NA,0,0
20,vFlGNSAfjCEMSWe/N0UHfC6WyWUKJzI6,Alberta Fires,0,NA,0,1
100,vFlGNSAfjCEMSWe/N0UHfC6WyWUKJzI6,Alberta Fires,0,NA,0,0
20,vFlGNSAfjCEMSWe/N0UHfC6WyWUKJzI6,Alberta Fires,0,F,0,0
25,vFlGNSAfjCEMSWe/N0UHfC6WyWUKJzI6,Alberta Fires,0,NA,0,0
20,vFlGNSAfjCEMSWe/N0UHfC6WyWUKJzI6,Alberta Fires,0,F,0,0
20,vFlGNSAfjCEMSWe/N0UHfC6WyWUKJzI6,Alberta Fires,0,NA,0,0
35,vFlGNSAfjCEMSWe/N0UHfC6WyWUKJzI6,Alberta Fires,0,F,0,0
50,vFlGNSAfjCEMSWe/N0UHfC6WyWUKJzI6,Alberta Fires,0,F,0,0
25,vFlGNSAfjCEMSWe/N0UHfC6WyWUKJzI6,Alberta Fires,0,F,0,0
25,vFlGNSAfjCEMSWe/N0UHfC6WyWUKJzI6,Alberta Fires,0,F,0,1
25,vFlGNSAfjCEMSWe/N0UHfC6WyWUKJzI6,Alberta Fires,0,F,0,0
30,vFlGNSAfjCEMSWe/N0UHfC6WyWUKJzI6,Alberta Fires,0,F,0,0
20,vFlGNSAfjCEMSWe/N0UHfC6WyWUKJzI6,Alberta Fires,0,F,0,0
30,vFlGNSAfjCEMSWe/N0UHfC6WyWUKJzI6,Alberta Fires,0,NA,0,0
50,vFlGNSAfjCEMSWe/N0UHfC6WyWUKJzI6,Alberta Fires,0,F,0,0
50,vFlGNSAfjCEMSWe/N0UHfC6WyWUKJzI6,Alberta Fires,0,F,0,0
100,vFlGNSAfjCEMSWe/N0UHfC6WyWUKJzI6,Alberta Fires,0,F,0,0
100,vFlGNSAfjCEMSWe/N0UHfC6WyWUKJzI6,Alberta Fires,0,NA,0,0
1000,vFlGNSAfjCEMSWe/N0UHfC6WyWUKJzI6,Alberta Fires,0,NA,0,0
100,vFlGNSAfjCEMSWe/N0UHfC6WyWUKJzI6,Alberta Fires,0,F,0,0
25,vFlGNSAfjCEMSWe/N0UHfC6WyWUKJzI6,Alberta Fires,0,F,0,0
100,vFlGNSAfjCEMSWe/N0UHfC6WyWUKJzI6,Alberta Fires,0,F,0,0
100,vFlGNSAfjCEMSWe/N0UHfC6WyWUKJzI6,Alberta Fires,0,F,0,1
100,vFlGNSAfjCEMSWe/N0UHfC6WyWUKJzI6,Alberta Fires,0,F,0,0
50,vFlGNSAfjCEMSWe/N0UHfC6WyWUKJzI6,Alberta Fires,0,F,0,1
100,vFlGNSAfjCEMSWe/N0UHfC6WyWUKJzI6,Alberta Fires,0,M,0,0
100,vFlGNSAfjCEMSWe/N0UHfC6WyWUKJzI6,Alberta Fires,0,F,0,0
25,vFlGNSAfjCEMSWe/N0UHfC6WyWUKJzI6,Alberta Fires,0,F,0,1
25,vFlGNSAfjCEMSWe/N0UHfC6WyWUKJzI6,Alberta Fires,0,NA,0,0
20,vFlGNSAfjCEMSWe/N0UHfC6WyWUKJzI6,Alberta Fires,0,F,0,0
40,vFlGNSAfjCEMSWe/N0UHfC6WyWUKJzI6,Alberta Fires,0,F,0,0
25,vFlGNSAfjCEMSWe/N0UHfC6WyWUKJzI6,Alberta Fires,0,F,0,0
25,vFlGNSAfjCEMSWe/N0UHfC6WyWUKJzI6,Alberta Fires,0,NA,0,0
40,vFlGNSAfjCEMSWe/N0UHfC6WyWUKJzI6,Alberta Fires,0,NA,0,0
20,vFlGNSAfjCEMSWe/N0UHfC6WyWUKJzI6,Alberta Fires,0,NA,0,0
35,vFlGNSAfjCEMSWe/N0UHfC6WyWUKJzI6,Alberta Fires,0,F,0,0
20,vFlGNSAfjCEMSWe/N0UHfC6WyWUKJzI6,Alberta Fires,0,F,0,1
50,vFlGNSAfjCEMSWe/N0UHfC6WyWUKJzI6,Alberta Fires,0,F,0,0
25,vFlGNSAfjCEMSWe/N0UHfC6WyWUKJzI6,Alberta Fires,0,F,0,0
20,vFlGNSAfjCEMSWe/N0UHfC6WyWUKJzI6,Alberta Fires,0,F,0,0
20,vFlGNSAfjCEMSWe/N0UHfC6WyWUKJzI6,Alberta Fires,0,F,0,0
30,vFlGNSAfjCEMSWe/N0UHfC6WyWUKJzI6,Alberta Fires,1,NA,0,0
20,vFlGNSAfjCEMSWe/N0UHfC6WyWUKJzI6,Alberta Fires,0,F,0,0
20,vFlGNSAfjCEMSWe/N0UHfC6WyWUKJzI6,Alberta Fires,0,F,0,0
20,vFlGNSAfjCEMSWe/N0UHfC6WyWUKJzI6,Alberta Fires,0,NA,0,1
20,vFlGNSAfjCEMSWe/N0UHfC6WyWUKJzI6,Alberta Fires,0,F,0,0
20,vFlGNSAfjCEMSWe/N0UHfC6WyWUKJzI6,Alberta Fires,0,F,0,0
20,vFlGNSAfjCEMSWe/N0UHfC6WyWUKJzI6,Alberta Fires,0,NA,0,0
20,vFlGNSAfjCEMSWe/N0UHfC6WyWUKJzI6,Alberta Fires,0,F,0,0
20,vFlGNSAfjCEMSWe/N0UHfC6WyWUKJzI6,Alberta Fires,0,F,0,0
20,vFlGNSAfjCEMSWe/N0UHfC6WyWUKJzI6,Alberta Fires,0,F,0,0
25,opT/nyGm3JR6wbLeGdOaci6WyW9OPm0=,Alberta Fires,0,M,0,0
100,opT/nyGm3JR6wbLeGdOaci6WyW9OPm0=,Alberta Fires,1,NA,0,0
100,opT/nyGm3JR6wbLeGdOaci6WyW9OPm0=,Alberta Fires,0,F,0,0
100,opT/nyGm3JR6wbLeGdOaci6WyW9OPm0=,Alberta Fires,0,NA,0,0
100,opT/nyGm3JR6wbLeGdOaci6WyW9OPm0=,Alberta Fires,0,NA,0,0
500,opT/nyGm3JR6wbLeGdOaci6WyW9OPm0=,Alberta Fires,0,NA,0,0
100,opT/nyGm3JR6wbLeGdOaci6WyW9OPm0=,Alberta Fires,0,F,0,0
100,opT/nyGm3JR6wbLeGdOaci6WyW9OPm0=,Alberta Fires,0,NA,0,0
500,opT/nyGm3JR6wbLeGdOaci6WyW9OPm0=,Alberta Fires,0,NA,0,0
50,opT/nyGm3JR6wbLeGdOaci6WyW9OPm0=,Alberta Fires,0,F,0,0
100,opT/nyGm3JR6wbLeGdOaci6WyW9OPm0=,Alberta Fires,0,F,0,0
25,opT/nyGm3JR6wbLeGdOaci6WyW9OPm0=,Alberta Fires,0,F,0,0
50,opT/nyGm3JR6wbLeGdOaci6WyW9OPm0=,Alberta Fires,0,NA,0,0
50,opT/nyGm3JR6wbLeGdOaci6WyW9OPm0=,Alberta Fires,0,F,0,1
200,opT/nyGm3JR6wbLeGdOaci6WyW9OPm0=,Alberta Fires,0,F,0,0
200,opT/nyGm3JR6wbLeGdOaci6WyW9OPm0=,Alberta Fires,0,NA,0,0
200,opT/nyGm3JR6wbLeGdOaci6WyW9OPm0=,Alberta Fires,0,F,0,1
200,opT/nyGm3JR6wbLeGdOaci6WyW9OPm0=,Alberta Fires,0,NA,0,0
7,SwrKW/YAn9rreiFvG9/oHS6WyWwZPW06,Sports,0,NA,0,0
20,SwrKW/YAn9rreiFvG9/oHS6WyWwZPW06,Sports,0,F,0,0
10,SwrKW/YAn9rreiFvG9/oHS6WyWwZPW06,Sports,0,NA,0,0
10,SwrKW/YAn9rreiFvG9/oHS6WyWwZPW06,Sports,0,NA,0,0
20,SwrKW/YAn9rreiFvG9/oHS6WyWwZPW06,Sports,0,F,0,0
30,SwrKW/YAn9rreiFvG9/oHS6WyWwZPW06,Sports,0,NA,0,0
20,SwrKW/YAn9rreiFvG9/oHS6WyWwZPW06,Sports,0,F,0,0
20,SwrKW/YAn9rreiFvG9/oHS6WyWwZPW06,Sports,0,F,0,0
30,SwrKW/YAn9rreiFvG9/oHS6WyWwZPW06,Sports,0,F,0,0
25,SwrKW/YAn9rreiFvG9/oHS6WyWwZPW06,Sports,0,NA,0,0
10,SwrKW/YAn9rreiFvG9/oHS6WyWwZPW06,Sports,0,F,0,0
100,SwrKW/YAn9rreiFvG9/oHS6WyWwZPW06,Sports,1,NA,0,0
5,SwrKW/YAn9rreiFvG9/oHS6WyWwZPW06,Sports,0,M,0,0
20,SwrKW/YAn9rreiFvG9/oHS6WyWwZPW06,Sports,0,F,0,0
5,SwrKW/YAn9rreiFvG9/oHS6WyWwZPW06,Sports,0,NA,0,0
5,SwrKW/YAn9rreiFvG9/oHS6WyWwZPW06,Sports,0,F,0,0
25,SwrKW/YAn9rreiFvG9/oHS6WyWwZPW06,Sports,0,M,0,0
5,SwrKW/YAn9rreiFvG9/oHS6WyWwZPW06,Sports,0,F,0,0
20,SwrKW/YAn9rreiFvG9/oHS6WyWwZPW06,Sports,0,F,0,0
10,SwrKW/YAn9rreiFvG9/oHS6WyWwZPW06,Sports,0,NA,0,0
25,SwrKW/YAn9rreiFvG9/oHS6WyWwZPW06,Sports,0,F,1,0
5,SwrKW/YAn9rreiFvG9/oHS6WyWwZPW06,Sports,0,NA,0,0
10,SwrKW/YAn9rreiFvG9/oHS6WyWwZPW06,Sports,0,NA,0,0
15,SwrKW/YAn9rreiFvG9/oHS6WyWwZPW06,Sports,0,F,0,0
15,SwrKW/YAn9rreiFvG9/oHS6WyWwZPW06,Sports,0,M,0,0
40,SwrKW/YAn9rreiFvG9/oHS6WyWwZPW06,Sports,0,NA,0,0
20,SwrKW/YAn9rreiFvG9/oHS6WyWwZPW06,Sports,0,NA,0,0
10,SwrKW/YAn9rreiFvG9/oHS6WyWwZPW06,Sports,0,F,0,0
20,SwrKW/YAn9rreiFvG9/oHS6WyWwZPW06,Sports,0,F,0,0
20,SwrKW/YAn9rreiFvG9/oHS6WyWwZPW06,Sports,0,F,0,0
50,SwrKW/YAn9rreiFvG9/oHS6WyWwZPW06,Sports,0,M,0,0
25,SwrKW/YAn9rreiFvG9/oHS6WyWwZPW06,Sports,0,NA,0,0
2,SwrKW/YAn9rreiFvG9/oHS6WyWwZPW06,Sports,0,NA,0,0
5,SwrKW/YAn9rreiFvG9/oHS6WyWwZPW06,Sports,0,NA,0,0
20,SwrKW/YAn9rreiFvG9/oHS6WyWwZPW06,Sports,0,NA,0,0
25,SwrKW/YAn9rreiFvG9/oHS6WyWwZPW06,Sports,0,F,0,0
10,SwrKW/YAn9rreiFvG9/oHS6WyWwZPW06,Sports,0,F,0,0
20,SwrKW/YAn9rreiFvG9/oHS6WyWwZPW06,Sports,0,F,0,0
20,SwrKW/YAn9rreiFvG9/oHS6WyWwZPW06,Sports,0,NA,0,0
20,SwrKW/YAn9rreiFvG9/oHS6WyWwZPW06,Sports,0,NA,0,0
5,SwrKW/YAn9rreiFvG9/oHS6WyWwZPW06,Sports,0,M,0,0
20,SwrKW/YAn9rreiFvG9/oHS6WyWwZPW06,Sports,0,NA,0,0
25,SwrKW/YAn9rreiFvG9/oHS6WyWwZPW06,Sports,0,F,0,0
10,SwrKW/YAn9rreiFvG9/oHS6WyWwZPW06,Sports,0,F,0,0
3,SwrKW/YAn9rreiFvG9/oHS6WyWwZPW06,Sports,0,F,0,0
10,SwrKW/YAn9rreiFvG9/oHS6WyWwZPW06,Sports,0,F,0,0
10,SwrKW/YAn9rreiFvG9/oHS6WyWwZPW06,Sports,0,NA,0,0
5,SwrKW/YAn9rreiFvG9/oHS6WyWwZPW06,Sports,0,F,0,0
15,SwrKW/YAn9rreiFvG9/oHS6WyWwZPW06,Sports,0,F,0,0
20,SwrKW/YAn9rreiFvG9/oHS6WyWwZPW06,Sports,0,NA,0,0
3,SwrKW/YAn9rreiFvG9/oHS6WyWwZPW06,Sports,0,NA,0,0
2,SwrKW/YAn9rreiFvG9/oHS6WyWwZPW06,Sports,0,F,0,0
306,7xupPy82XQ7C5aoC4ykUCi6WyWweKzEz,Alberta Fires,0,NA,0,0
255,7xupPy82XQ7C5aoC4ykUCi6WyWweKzEz,Alberta Fires,0,NA,0,0
100,7xupPy82XQ7C5aoC4ykUCi6WyWweKzEz,Alberta Fires,0,M,0,0
100,7xupPy82XQ7C5aoC4ykUCi6WyWweKzEz,Alberta Fires,0,F,0,0
50,7xupPy82XQ7C5aoC4ykUCi6WyWweKzEz,Alberta Fires,0,NA,0,0
600,7xupPy82XQ7C5aoC4ykUCi6WyWweKzEz,Alberta Fires,0,F,0,0
100,7xupPy82XQ7C5aoC4ykUCi6WyWweKzEz,Alberta Fires,0,M,0,0
100,7xupPy82XQ7C5aoC4ykUCi6WyWweKzEz,Alberta Fires,0,M,0,0
20,7xupPy82XQ7C5aoC4ykUCi6WyWweKzEz,Alberta Fires,0,NA,0,0
100,7xupPy82XQ7C5aoC4ykUCi6WyWweKzEz,Alberta Fires,0,M,0,0
50,7xupPy82XQ7C5aoC4ykUCi6WyWweKzEz,Alberta Fires,0,F,0,0
100,7xupPy82XQ7C5aoC4ykUCi6WyWweKzEz,Alberta Fires,0,F,0,0
25,7xupPy82XQ7C5aoC4ykUCi6WyWweKzEz,Alberta Fires,0,F,0,0
100,7xupPy82XQ7C5aoC4ykUCi6WyWweKzEz,Alberta Fires,0,M,0,0
100,7xupPy82XQ7C5aoC4ykUCi6WyWweKzEz,Alberta Fires,0,M,0,0
200,7xupPy82XQ7C5aoC4ykUCi6WyWweKzEz,Alberta Fires,0,M,0,0
100,7xupPy82XQ7C5aoC4ykUCi6WyWweKzEz,Alberta Fires,0,M,0,0
50,7xupPy82XQ7C5aoC4ykUCi6WyWweKzEz,Alberta Fires,1,NA,0,0
25,7xupPy82XQ7C5aoC4ykUCi6WyWweKzEz,Alberta Fires,0,NA,0,0
150,7xupPy82XQ7C5aoC4ykUCi6WyWweKzEz,Alberta Fires,0,NA,0,0
1230,7xupPy82XQ7C5aoC4ykUCi6WyWweKzEz,Alberta Fires,0,M,0,0
100,7xupPy82XQ7C5aoC4ykUCi6WyWweKzEz,Alberta Fires,0,F,0,0
200,7xupPy82XQ7C5aoC4ykUCi6WyWweKzEz,Alberta Fires,0,F,0,0
20,7xupPy82XQ7C5aoC4ykUCi6WyWweKzEz,Alberta Fires,1,NA,0,0
200,7xupPy82XQ7C5aoC4ykUCi6WyWweKzEz,Alberta Fires,0,NA,0,0
100,7xupPy82XQ7C5aoC4ykUCi6WyWweKzEz,Alberta Fires,0,M,0,0
100,7xupPy82XQ7C5aoC4ykUCi6WyWweKzEz,Alberta Fires,0,M,0,0
200,7xupPy82XQ7C5aoC4ykUCi6WyWweKzEz,Alberta Fires,0,NA,0,0
50,7xupPy82XQ7C5aoC4ykUCi6WyWweKzEz,Alberta Fires,0,M,0,0
100,7xupPy82XQ7C5aoC4ykUCi6WyWweKzEz,Alberta Fires,0,NA,0,0
200,7xupPy82XQ7C5aoC4ykUCi6WyWweKzEz,Alberta Fires,0,M,0,0
100,7xupPy82XQ7C5aoC4ykUCi6WyWweKzEz,Alberta Fires,0,M,0,0
25,7xupPy82XQ7C5aoC4ykUCi6WyWweKzEz,Alberta Fires,1,NA,0,0
50,7xupPy82XQ7C5aoC4ykUCi6WyWweKzEz,Alberta Fires,0,M,0,0
50,7xupPy82XQ7C5aoC4ykUCi6WyWweKzEz,Alberta Fires,0,F,0,0
50,7xupPy82XQ7C5aoC4ykUCi6WyWweKzEz,Alberta Fires,0,NA,0,0
250,7xupPy82XQ7C5aoC4ykUCi6WyWweKzEz,Alberta Fires,0,M,0,0
200,7xupPy82XQ7C5aoC4ykUCi6WyWweKzEz,Alberta Fires,0,M,0,0
250,7xupPy82XQ7C5aoC4ykUCi6WyWweKzEz,Alberta Fires,0,NA,0,1
100,7xupPy82XQ7C5aoC4ykUCi6WyWweKzEz,Alberta Fires,0,F,0,1
100,7xupPy82XQ7C5aoC4ykUCi6WyWweKzEz,Alberta Fires,0,M,0,0
100,7xupPy82XQ7C5aoC4ykUCi6WyWweKzEz,Alberta Fires,0,NA,0,1
50,7xupPy82XQ7C5aoC4ykUCi6WyWweKzEz,Alberta Fires,0,M,0,0
25,7xupPy82XQ7C5aoC4ykUCi6WyWweKzEz,Alberta Fires,0,F,0,0
50,7xupPy82XQ7C5aoC4ykUCi6WyWweKzEz,Alberta Fires,0,NA,0,0
20,7xupPy82XQ7C5aoC4ykUCi6WyWweKzEz,Alberta Fires,0,M,0,0
20,7xupPy82XQ7C5aoC4ykUCi6WyWweKzEz,Alberta Fires,0,F,0,0
25,7xupPy82XQ7C5aoC4ykUCi6WyWweKzEz,Alberta Fires,0,M,0,0
20,7xupPy82XQ7C5aoC4ykUCi6WyWweKzEz,Alberta Fires,0,F,0,0
20,7xupPy82XQ7C5aoC4ykUCi6WyWweKzEz,Alberta Fires,0,M,0,0
200,7xupPy82XQ7C5aoC4ykUCi6WyWweKzEz,Alberta Fires,0,M,0,0
100,7xupPy82XQ7C5aoC4ykUCi6WyWweKzEz,Alberta Fires,0,M,0,1
200,7xupPy82XQ7C5aoC4ykUCi6WyWweKzEz,Alberta Fires,0,NA,0,1
100,7xupPy82XQ7C5aoC4ykUCi6WyWweKzEz,Alberta Fires,0,F,0,0
100,7xupPy82XQ7C5aoC4ykUCi6WyWweKzEz,Alberta Fires,0,NA,0,0
200,7xupPy82XQ7C5aoC4ykUCi6WyWweKzEz,Alberta Fires,0,M,0,0
50,7xupPy82XQ7C5aoC4ykUCi6WyWweKzEz,Alberta Fires,0,M,0,0
20,7xupPy82XQ7C5aoC4ykUCi6WyWweKzEz,Alberta Fires,1,NA,0,0
50,7xupPy82XQ7C5aoC4ykUCi6WyWweKzEz,Alberta Fires,0,NA,0,0
100,7xupPy82XQ7C5aoC4ykUCi6WyWweKzEz,Alberta Fires,0,NA,0,0
50,7xupPy82XQ7C5aoC4ykUCi6WyWweKzEz,Alberta Fires,0,F,0,0
50,7xupPy82XQ7C5aoC4ykUCi6WyWweKzEz,Alberta Fires,0,F,0,0
100,7xupPy82XQ7C5aoC4ykUCi6WyWweKzEz,Alberta Fires,0,F,0,0
200,7xupPy82XQ7C5aoC4ykUCi6WyWweKzEz,Alberta Fires,0,M,0,0
500,7xupPy82XQ7C5aoC4ykUCi6WyWweKzEz,Alberta Fires,0,NA,0,0
50,7xupPy82XQ7C5aoC4ykUCi6WyWweKzEz,Alberta Fires,0,NA,0,1
100,7xupPy82XQ7C5aoC4ykUCi6WyWweKzEz,Alberta Fires,0,NA,0,0
100,7xupPy82XQ7C5aoC4ykUCi6WyWweKzEz,Alberta Fires,0,M,0,0
100,7xupPy82XQ7C5aoC4ykUCi6WyWweKzEz,Alberta Fires,0,NA,0,0
100,7xupPy82XQ7C5aoC4ykUCi6WyWweKzEz,Alberta Fires,0,F,0,0
100,7xupPy82XQ7C5aoC4ykUCi6WyWweKzEz,Alberta Fires,0,NA,0,0
100,7xupPy82XQ7C5aoC4ykUCi6WyWweKzEz,Alberta Fires,0,M,0,0
50,7xupPy82XQ7C5aoC4ykUCi6WyWweKzEz,Alberta Fires,1,NA,0,0
100,7xupPy82XQ7C5aoC4ykUCi6WyWweKzEz,Alberta Fires,0,F,0,0
250,7xupPy82XQ7C5aoC4ykUCi6WyWweKzEz,Alberta Fires,1,NA,0,0
500,7xupPy82XQ7C5aoC4ykUCi6WyWweKzEz,Alberta Fires,0,F,0,0
50,7xupPy82XQ7C5aoC4ykUCi6WyWweKzEz,Alberta Fires,0,F,1,0
50,7xupPy82XQ7C5aoC4ykUCi6WyWweKzEz,Alberta Fires,0,F,1,0
50,JVdxRK0GfKaYojP1KLZwCy6WyCUJJ2E6,Alberta Fires,0,NA,0,0
50,JVdxRK0GfKaYojP1KLZwCy6WyCUJJ2E6,Alberta Fires,0,NA,0,0
30,JVdxRK0GfKaYojP1KLZwCy6WyCUJJ2E6,Alberta Fires,0,NA,0,1
100,JVdxRK0GfKaYojP1KLZwCy6WyCUJJ2E6,Alberta Fires,0,F,0,1
100,JVdxRK0GfKaYojP1KLZwCy6WyCUJJ2E6,Alberta Fires,0,F,0,0
25,JVdxRK0GfKaYojP1KLZwCy6WyCUJJ2E6,Alberta Fires,0,F,0,1
50,JVdxRK0GfKaYojP1KLZwCy6WyCUJJ2E6,Alberta Fires,0,NA,0,1
20,JVdxRK0GfKaYojP1KLZwCy6WyCUJJ2E6,Alberta Fires,0,F,0,0
50,JVdxRK0GfKaYojP1KLZwCy6WyCUJJ2E6,Alberta Fires,0,M,0,1
30,JVdxRK0GfKaYojP1KLZwCy6WyCUJJ2E6,Alberta Fires,1,NA,0,0
20,JVdxRK0GfKaYojP1KLZwCy6WyCUJJ2E6,Alberta Fires,0,F,0,0
25,JVdxRK0GfKaYojP1KLZwCy6WyCUJJ2E6,Alberta Fires,0,NA,0,0
50,JVdxRK0GfKaYojP1KLZwCy6WyCUJJ2E6,Alberta Fires,0,F,0,0
25,JVdxRK0GfKaYojP1KLZwCy6WyCUJJ2E6,Alberta Fires,0,M,0,0
100,JVdxRK0GfKaYojP1KLZwCy6WyCUJJ2E6,Alberta Fires,0,F,0,0
36,JVdxRK0GfKaYojP1KLZwCy6WyCUJJ2E6,Alberta Fires,0,F,0,0
50,JVdxRK0GfKaYojP1KLZwCy6WyCUJJ2E6,Alberta Fires,0,NA,0,0
10,JVdxRK0GfKaYojP1KLZwCy6WyCUJJ2E6,Alberta Fires,0,NA,0,0
50,JVdxRK0GfKaYojP1KLZwCy6WyCUJJ2E6,Alberta Fires,0,F,0,0
100,JVdxRK0GfKaYojP1KLZwCy6WyCUJJ2E6,Alberta Fires,0,NA,0,0
200,JVdxRK0GfKaYojP1KLZwCy6WyCUJJ2E6,Alberta Fires,0,M,0,0
50,JVdxRK0GfKaYojP1KLZwCy6WyCUJJ2E6,Alberta Fires,1,NA,0,0
100,JVdxRK0GfKaYojP1KLZwCy6WyCUJJ2E6,Alberta Fires,0,F,0,0
20,JVdxRK0GfKaYojP1KLZwCy6WyCUJJ2E6,Alberta Fires,0,NA,0,1
40,JVdxRK0GfKaYojP1KLZwCy6WyCUJJ2E6,Alberta Fires,0,F,0,1
50,JVdxRK0GfKaYojP1KLZwCy6WyCUJJ2E6,Alberta Fires,0,F,0,0
20,JVdxRK0GfKaYojP1KLZwCy6WyCUJJ2E6,Alberta Fires,0,NA,0,1
50,WiSn1G7gDNVyc08LmxyJ1C6WyCIJOGU=,Alberta Fires,0,M,0,0
30,WiSn1G7gDNVyc08LmxyJ1C6WyCIJOGU=,Alberta Fires,0,M,0,0
10,WiSn1G7gDNVyc08LmxyJ1C6WyCIJOGU=,Alberta Fires,1,NA,0,0
50,WiSn1G7gDNVyc08LmxyJ1C6WyCIJOGU=,Alberta Fires,0,M,0,0
50,WiSn1G7gDNVyc08LmxyJ1C6WyCIJOGU=,Alberta Fires,0,M,0,0
235,WiSn1G7gDNVyc08LmxyJ1C6WyCIJOGU=,Alberta Fires,0,NA,0,0
50,WiSn1G7gDNVyc08LmxyJ1C6WyCIJOGU=,Alberta Fires,0,F,0,0
50,WiSn1G7gDNVyc08LmxyJ1C6WyCIJOGU=,Alberta Fires,0,F,0,0
100,WiSn1G7gDNVyc08LmxyJ1C6WyCIJOGU=,Alberta Fires,0,NA,0,0
20,WiSn1G7gDNVyc08LmxyJ1C6WyCIJOGU=,Alberta Fires,0,NA,0,0
30,WiSn1G7gDNVyc08LmxyJ1C6WyCIJOGU=,Alberta Fires,0,F,0,0
250,WiSn1G7gDNVyc08LmxyJ1C6WyCIJOGU=,Alberta Fires,0,F,0,0
50,WiSn1G7gDNVyc08LmxyJ1C6WyCIJOGU=,Alberta Fires,0,M,0,0
100,WiSn1G7gDNVyc08LmxyJ1C6WyCIJOGU=,Alberta Fires,0,M,0,0
100,WiSn1G7gDNVyc08LmxyJ1C6WyCIJOGU=,Alberta Fires,0,F,0,0
100,WiSn1G7gDNVyc08LmxyJ1C6WyCIJOGU=,Alberta Fires,0,M,0,0
50,WiSn1G7gDNVyc08LmxyJ1C6WyCIJOGU=,Alberta Fires,0,M,0,0
25,WiSn1G7gDNVyc08LmxyJ1C6WyCIJOGU=,Alberta Fires,0,F,0,0
25,WiSn1G7gDNVyc08LmxyJ1C6WyCIJOGU=,Alberta Fires,0,F,0,0
20,WiSn1G7gDNVyc08LmxyJ1C6WyCIJOGU=,Alberta Fires,0,F,0,0
50,WiSn1G7gDNVyc08LmxyJ1C6WyCIJOGU=,Alberta Fires,0,NA,0,0
50,WiSn1G7gDNVyc08LmxyJ1C6WyCIJOGU=,Alberta Fires,0,F,0,0
100,WiSn1G7gDNVyc08LmxyJ1C6WyCIJOGU=,Alberta Fires,0,NA,0,0
50,WiSn1G7gDNVyc08LmxyJ1C6WyCIJOGU=,Alberta Fires,0,F,0,0
20,WiSn1G7gDNVyc08LmxyJ1C6WyCIJOGU=,Alberta Fires,0,F,0,0
20,WiSn1G7gDNVyc08LmxyJ1C6WyCIJOGU=,Alberta Fires,0,F,0,0
150,WiSn1G7gDNVyc08LmxyJ1C6WyCIJOGU=,Alberta Fires,0,NA,0,0
50,WiSn1G7gDNVyc08LmxyJ1C6WyCIJOGU=,Alberta Fires,0,NA,0,0
30,WiSn1G7gDNVyc08LmxyJ1C6WyCIJOGU=,Alberta Fires,0,F,0,0
25,WiSn1G7gDNVyc08LmxyJ1C6WyCIJOGU=,Alberta Fires,0,F,0,0
50,WiSn1G7gDNVyc08LmxyJ1C6WyCIJOGU=,Alberta Fires,0,F,0,0
25,WiSn1G7gDNVyc08LmxyJ1C6WyCIJOGU=,Alberta Fires,0,F,0,0
50,WiSn1G7gDNVyc08LmxyJ1C6WyCIJOGU=,Alberta Fires,0,M,0,0
25,WiSn1G7gDNVyc08LmxyJ1C6WyCIJOGU=,Alberta Fires,1,NA,0,0
50,WiSn1G7gDNVyc08LmxyJ1C6WyCIJOGU=,Alberta Fires,0,F,0,0
20,WiSn1G7gDNVyc08LmxyJ1C6WyCIJOGU=,Alberta Fires,0,NA,0,0
50,WiSn1G7gDNVyc08LmxyJ1C6WyCIJOGU=,Alberta Fires,0,F,0,0
25,WiSn1G7gDNVyc08LmxyJ1C6WyCIJOGU=,Alberta Fires,0,M,0,0
20,WiSn1G7gDNVyc08LmxyJ1C6WyCIJOGU=,Alberta Fires,0,F,0,0
50,WiSn1G7gDNVyc08LmxyJ1C6WyCIJOGU=,Alberta Fires,0,F,0,0
100,WiSn1G7gDNVyc08LmxyJ1C6WyCIJOGU=,Alberta Fires,0,F,0,0
500,WiSn1G7gDNVyc08LmxyJ1C6WyCIJOGU=,Alberta Fires,0,NA,0,0
20,WiSn1G7gDNVyc08LmxyJ1C6WyCIJOGU=,Alberta Fires,0,F,0,0
100,WiSn1G7gDNVyc08LmxyJ1C6WyCIJOGU=,Alberta Fires,0,M,0,0
50,WiSn1G7gDNVyc08LmxyJ1C6WyCIJOGU=,Alberta Fires,0,NA,0,0
100,WiSn1G7gDNVyc08LmxyJ1C6WyCIJOGU=,Alberta Fires,0,F,0,0
20,WiSn1G7gDNVyc08LmxyJ1C6WyCIJOGU=,Alberta Fires,0,F,0,0
100,WiSn1G7gDNVyc08LmxyJ1C6WyCIJOGU=,Alberta Fires,0,F,0,0
50,WiSn1G7gDNVyc08LmxyJ1C6WyCIJOGU=,Alberta Fires,0,M,0,0
250,WiSn1G7gDNVyc08LmxyJ1C6WyCIJOGU=,Alberta Fires,1,NA,0,0
50,WiSn1G7gDNVyc08LmxyJ1C6WyCIJOGU=,Alberta Fires,0,M,0,0
5,WiSn1G7gDNVyc08LmxyJ1C6WyCIJOGU=,Alberta Fires,0,NA,0,0
50,WiSn1G7gDNVyc08LmxyJ1C6WyCIJOGU=,Alberta Fires,0,NA,0,0
50,WiSn1G7gDNVyc08LmxyJ1C6WyCIJOGU=,Alberta Fires,0,M,0,0
25,WiSn1G7gDNVyc08LmxyJ1C6WyCIJOGU=,Alberta Fires,0,F,0,0
50,WiSn1G7gDNVyc08LmxyJ1C6WyCIJOGU=,Alberta Fires,1,NA,0,0
25,WiSn1G7gDNVyc08LmxyJ1C6WyCIJOGU=,Alberta Fires,0,F,0,0
100,WiSn1G7gDNVyc08LmxyJ1C6WyCIJOGU=,Alberta Fires,0,NA,0,0
30,WiSn1G7gDNVyc08LmxyJ1C6WyCIJOGU=,Alberta Fires,0,F,0,0
50,WiSn1G7gDNVyc08LmxyJ1C6WyCIJOGU=,Alberta Fires,0,M,0,0
50,WiSn1G7gDNVyc08LmxyJ1C6WyCIJOGU=,Alberta Fires,0,F,0,0
50,WiSn1G7gDNVyc08LmxyJ1C6WyCIJOGU=,Alberta Fires,0,F,0,0
20,WiSn1G7gDNVyc08LmxyJ1C6WyCIJOGU=,Alberta Fires,0,F,0,0
20,WiSn1G7gDNVyc08LmxyJ1C6WyCIJOGU=,Alberta Fires,0,F,0,0
50,WiSn1G7gDNVyc08LmxyJ1C6WyCIJOGU=,Alberta Fires,0,F,0,0
50,WiSn1G7gDNVyc08LmxyJ1C6WyCIJOGU=,Alberta Fires,0,F,0,0
30,WiSn1G7gDNVyc08LmxyJ1C6WyCIJOGU=,Alberta Fires,0,NA,0,0
50,WiSn1G7gDNVyc08LmxyJ1C6WyCIJOGU=,Alberta Fires,0,F,1,0
50,g2d+VfcB9sxY8Us5FUe+wi6WyC4fZ3wk,Charity,1,NA,0,0
30,g2d+VfcB9sxY8Us5FUe+wi6WyC4fZ3wk,Charity,0,F,0,0
50,g2d+VfcB9sxY8Us5FUe+wi6WyC4fZ3wk,Charity,0,F,0,0
40,g2d+VfcB9sxY8Us5FUe+wi6WyC4fZ3wk,Charity,0,NA,0,0
50,n20XlCwLKmVssBGImSw6Wi6WyHcQZjJ9,Creative,0,NA,0,0
50,n20XlCwLKmVssBGImSw6Wi6WyHcQZjJ9,Creative,0,NA,0,0
20,n20XlCwLKmVssBGImSw6Wi6WyHcQZjJ9,Creative,0,NA,0,0
500,n20XlCwLKmVssBGImSw6Wi6WyHcQZjJ9,Creative,0,F,0,0
25,n20XlCwLKmVssBGImSw6Wi6WyHcQZjJ9,Creative,0,F,0,0
50,n20XlCwLKmVssBGImSw6Wi6WyHcQZjJ9,Creative,0,F,0,0
20,n20XlCwLKmVssBGImSw6Wi6WyHcQZjJ9,Creative,0,F,0,0
25,n20XlCwLKmVssBGImSw6Wi6WyHcQZjJ9,Creative,0,NA,0,0
50,n20XlCwLKmVssBGImSw6Wi6WyHcQZjJ9,Creative,0,M,0,0
50,n20XlCwLKmVssBGImSw6Wi6WyHcQZjJ9,Creative,0,F,0,0
20,n20XlCwLKmVssBGImSw6Wi6WyHcQZjJ9,Creative,0,F,0,0
20,n20XlCwLKmVssBGImSw6Wi6WyHcQZjJ9,Creative,0,F,0,0
25,n20XlCwLKmVssBGImSw6Wi6WyHcQZjJ9,Creative,0,F,0,0
50,n20XlCwLKmVssBGImSw6Wi6WyHcQZjJ9,Creative,0,F,0,0
5,n20XlCwLKmVssBGImSw6Wi6WyHcQZjJ9,Creative,1,NA,0,0
50,n20XlCwLKmVssBGImSw6Wi6WyHcQZjJ9,Creative,1,NA,0,0
5,n20XlCwLKmVssBGImSw6Wi6WyHcQZjJ9,Creative,1,NA,0,0
25,n20XlCwLKmVssBGImSw6Wi6WyHcQZjJ9,Creative,0,NA,0,0
35,n20XlCwLKmVssBGImSw6Wi6WyHcQZjJ9,Creative,0,F,0,0
125,n20XlCwLKmVssBGImSw6Wi6WyHcQZjJ9,Creative,0,F,0,0
10,n20XlCwLKmVssBGImSw6Wi6WyHcQZjJ9,Creative,0,F,0,0
10,n20XlCwLKmVssBGImSw6Wi6WyHcQZjJ9,Creative,0,F,0,0
20,n20XlCwLKmVssBGImSw6Wi6WyHcQZjJ9,Creative,0,F,0,0
20,n20XlCwLKmVssBGImSw6Wi6WyHcQZjJ9,Creative,0,F,0,0
25,/hGiAqYdStjCIyY7KQhh0y6WyHNMZ20=,Travel,1,NA,0,0
20,/hGiAqYdStjCIyY7KQhh0y6WyHNMZ20=,Travel,0,M,0,0
20,/hGiAqYdStjCIyY7KQhh0y6WyHNMZ20=,Travel,0,M,0,0
50,4XS7RaJsNlLkRun/A3VPYi6WyHFOO3Y+,Alberta Fires,0,F,0,0
250,4XS7RaJsNlLkRun/A3VPYi6WyHFOO3Y+,Alberta Fires,0,NA,0,0
20,4XS7RaJsNlLkRun/A3VPYi6WyHFOO3Y+,Alberta Fires,0,NA,0,0
100,4XS7RaJsNlLkRun/A3VPYi6WyHFOO3Y+,Alberta Fires,1,NA,0,0
20,4XS7RaJsNlLkRun/A3VPYi6WyHFOO3Y+,Alberta Fires,0,M,0,0
250,4XS7RaJsNlLkRun/A3VPYi6WyHFOO3Y+,Alberta Fires,0,NA,0,0
75,4XS7RaJsNlLkRun/A3VPYi6WyHFOO3Y+,Alberta Fires,0,NA,0,0
60,4XS7RaJsNlLkRun/A3VPYi6WyHFOO3Y+,Alberta Fires,0,F,0,0
50,4XS7RaJsNlLkRun/A3VPYi6WyHFOO3Y+,Alberta Fires,0,NA,0,1
100,4XS7RaJsNlLkRun/A3VPYi6WyHFOO3Y+,Alberta Fires,0,M,0,0
30,4XS7RaJsNlLkRun/A3VPYi6WyHFOO3Y+,Alberta Fires,0,NA,0,0
25,4XS7RaJsNlLkRun/A3VPYi6WyHFOO3Y+,Alberta Fires,0,F,0,0
50,4XS7RaJsNlLkRun/A3VPYi6WyHFOO3Y+,Alberta Fires,1,NA,0,0
100,4XS7RaJsNlLkRun/A3VPYi6WyHFOO3Y+,Alberta Fires,0,NA,0,0
150,4XS7RaJsNlLkRun/A3VPYi6WyHFOO3Y+,Alberta Fires,0,NA,0,0
100,4XS7RaJsNlLkRun/A3VPYi6WyHFOO3Y+,Alberta Fires,0,NA,0,1
20,4XS7RaJsNlLkRun/A3VPYi6WyHFOO3Y+,Alberta Fires,0,NA,0,0
50,4XS7RaJsNlLkRun/A3VPYi6WyHFOO3Y+,Alberta Fires,0,F,0,0
100,4XS7RaJsNlLkRun/A3VPYi6WyHFOO3Y+,Alberta Fires,0,F,0,0
50,4XS7RaJsNlLkRun/A3VPYi6WyHFOO3Y+,Alberta Fires,0,F,0,0
50,4XS7RaJsNlLkRun/A3VPYi6WyHFOO3Y+,Alberta Fires,0,NA,0,0
50,4XS7RaJsNlLkRun/A3VPYi6WyHFOO3Y+,Alberta Fires,0,F,0,0
50,4XS7RaJsNlLkRun/A3VPYi6WyHFOO3Y+,Alberta Fires,0,NA,0,0
100,4XS7RaJsNlLkRun/A3VPYi6WyHFOO3Y+,Alberta Fires,0,NA,0,1
50,4XS7RaJsNlLkRun/A3VPYi6WyHFOO3Y+,Alberta Fires,0,NA,0,1
50,4XS7RaJsNlLkRun/A3VPYi6WyHFOO3Y+,Alberta Fires,0,NA,0,0
25,4XS7RaJsNlLkRun/A3VPYi6WyHFOO3Y+,Alberta Fires,0,F,0,0
100,4XS7RaJsNlLkRun/A3VPYi6WyHFOO3Y+,Alberta Fires,0,F,0,0
100,4XS7RaJsNlLkRun/A3VPYi6WyHFOO3Y+,Alberta Fires,0,NA,0,0
50,4XS7RaJsNlLkRun/A3VPYi6WyHFOO3Y+,Alberta Fires,0,F,0,0
100,4XS7RaJsNlLkRun/A3VPYi6WyHFOO3Y+,Alberta Fires,0,NA,0,1
50,4XS7RaJsNlLkRun/A3VPYi6WyHFOO3Y+,Alberta Fires,0,F,0,0
50,4XS7RaJsNlLkRun/A3VPYi6WyHFOO3Y+,Alberta Fires,0,F,0,0
75,4XS7RaJsNlLkRun/A3VPYi6WyHFOO3Y+,Alberta Fires,0,F,0,0
500,4XS7RaJsNlLkRun/A3VPYi6WyHFOO3Y+,Alberta Fires,0,NA,0,0
50,4XS7RaJsNlLkRun/A3VPYi6WyHFOO3Y+,Alberta Fires,0,M,0,0
100,4XS7RaJsNlLkRun/A3VPYi6WyHFOO3Y+,Alberta Fires,0,F,0,0
50,4XS7RaJsNlLkRun/A3VPYi6WyHFOO3Y+,Alberta Fires,0,F,0,1
100,4XS7RaJsNlLkRun/A3VPYi6WyHFOO3Y+,Alberta Fires,0,F,0,0
300,4XS7RaJsNlLkRun/A3VPYi6WyHFOO3Y+,Alberta Fires,0,NA,0,1
10,4XS7RaJsNlLkRun/A3VPYi6WyHFOO3Y+,Alberta Fires,0,M,0,0
50,4XS7RaJsNlLkRun/A3VPYi6WyHFOO3Y+,Alberta Fires,0,M,0,0
50,4XS7RaJsNlLkRun/A3VPYi6WyHFOO3Y+,Alberta Fires,0,F,0,0
20,4XS7RaJsNlLkRun/A3VPYi6WyHFOO3Y+,Alberta Fires,0,F,0,0
50,4XS7RaJsNlLkRun/A3VPYi6WyHFOO3Y+,Alberta Fires,0,F,0,1
50,4XS7RaJsNlLkRun/A3VPYi6WyHFOO3Y+,Alberta Fires,0,F,0,0
100,4XS7RaJsNlLkRun/A3VPYi6WyHFOO3Y+,Alberta Fires,0,F,0,0
150,4XS7RaJsNlLkRun/A3VPYi6WyHFOO3Y+,Alberta Fires,0,NA,0,0
25,wjm+SVRkETvixUr0iCUwVi6WyHEeOTI8,Medical,0,F,0,0
60,wjm+SVRkETvixUr0iCUwVi6WyHEeOTI8,Medical,0,M,0,0
100,wjm+SVRkETvixUr0iCUwVi6WyHEeOTI8,Medical,0,F,0,0
50,wjm+SVRkETvixUr0iCUwVi6WyHEeOTI8,Medical,0,F,0,0
50,wjm+SVRkETvixUr0iCUwVi6WyHEeOTI8,Medical,0,M,0,0
100,wjm+SVRkETvixUr0iCUwVi6WyHEeOTI8,Medical,0,M,0,0
100,wjm+SVRkETvixUr0iCUwVi6WyHEeOTI8,Medical,0,NA,0,0
100,wjm+SVRkETvixUr0iCUwVi6WyHEeOTI8,Medical,0,NA,0,0
100,wjm+SVRkETvixUr0iCUwVi6WyHEeOTI8,Medical,0,M,0,0
100,wjm+SVRkETvixUr0iCUwVi6WyHEeOTI8,Medical,0,NA,0,0
100,wjm+SVRkETvixUr0iCUwVi6WyHEeOTI8,Medical,0,M,0,0
100,wjm+SVRkETvixUr0iCUwVi6WyHEeOTI8,Medical,1,NA,0,0
500,wjm+SVRkETvixUr0iCUwVi6WyHEeOTI8,Medical,1,NA,0,0
100,wjm+SVRkETvixUr0iCUwVi6WyHEeOTI8,Medical,0,F,0,0
800,wjm+SVRkETvixUr0iCUwVi6WyHEeOTI8,Medical,0,NA,0,0
25,wjm+SVRkETvixUr0iCUwVi6WyHEeOTI8,Medical,0,F,0,0
30,wjm+SVRkETvixUr0iCUwVi6WyHEeOTI8,Medical,0,M,0,0
200,wjm+SVRkETvixUr0iCUwVi6WyHEeOTI8,Medical,0,F,0,0
100,wjm+SVRkETvixUr0iCUwVi6WyHEeOTI8,Medical,0,F,0,1
30,wjm+SVRkETvixUr0iCUwVi6WyHEeOTI8,Medical,0,M,0,0
50,wjm+SVRkETvixUr0iCUwVi6WyHEeOTI8,Medical,0,NA,0,0
33,wjm+SVRkETvixUr0iCUwVi6WyHEeOTI8,Medical,0,M,0,0
20,wjm+SVRkETvixUr0iCUwVi6WyHEeOTI8,Medical,0,M,0,0
10,wjm+SVRkETvixUr0iCUwVi6WyHEeOTI8,Medical,1,NA,0,0
50,wjm+SVRkETvixUr0iCUwVi6WyHEeOTI8,Medical,0,F,0,0
200,wjm+SVRkETvixUr0iCUwVi6WyHEeOTI8,Medical,0,F,0,1
3055,wjm+SVRkETvixUr0iCUwVi6WyHEeOTI8,Medical,0,NA,0,0
50,wjm+SVRkETvixUr0iCUwVi6WyHEeOTI8,Medical,1,NA,0,0
50,wjm+SVRkETvixUr0iCUwVi6WyHEeOTI8,Medical,1,NA,0,0
50,wjm+SVRkETvixUr0iCUwVi6WyHEeOTI8,Medical,0,NA,0,0
50,wjm+SVRkETvixUr0iCUwVi6WyHEeOTI8,Medical,1,NA,0,0
50,wjm+SVRkETvixUr0iCUwVi6WyHEeOTI8,Medical,1,NA,0,0
20,wjm+SVRkETvixUr0iCUwVi6WyHEeOTI8,Medical,0,M,0,0
25,wjm+SVRkETvixUr0iCUwVi6WyHEeOTI8,Medical,1,NA,0,0
50,wjm+SVRkETvixUr0iCUwVi6WyHEeOTI8,Medical,0,NA,0,0
200,wjm+SVRkETvixUr0iCUwVi6WyHEeOTI8,Medical,1,NA,0,0
50,wjm+SVRkETvixUr0iCUwVi6WyHEeOTI8,Medical,1,NA,0,0
200,wjm+SVRkETvixUr0iCUwVi6WyHEeOTI8,Medical,0,F,0,0
100,wjm+SVRkETvixUr0iCUwVi6WyHEeOTI8,Medical,0,NA,0,0
100,wjm+SVRkETvixUr0iCUwVi6WyHEeOTI8,Medical,0,M,0,1
20,wjm+SVRkETvixUr0iCUwVi6WyHEeOTI8,Medical,1,NA,0,0
50,wjm+SVRkETvixUr0iCUwVi6WyHEeOTI8,Medical,0,F,0,1
100,wjm+SVRkETvixUr0iCUwVi6WyHEeOTI8,Medical,0,NA,0,0
500,wjm+SVRkETvixUr0iCUwVi6WyHEeOTI8,Medical,0,F,0,1
100,wjm+SVRkETvixUr0iCUwVi6WyHEeOTI8,Medical,0,F,0,1
500,wjm+SVRkETvixUr0iCUwVi6WyHEeOTI8,Medical,0,NA,0,0
250,wjm+SVRkETvixUr0iCUwVi6WyHEeOTI8,Medical,0,M,0,0
40,wjm+SVRkETvixUr0iCUwVi6WyHEeOTI8,Medical,1,NA,0,0
200,wjm+SVRkETvixUr0iCUwVi6WyHEeOTI8,Medical,1,NA,0,0
25,wjm+SVRkETvixUr0iCUwVi6WyHEeOTI8,Medical,0,M,0,0
100,wjm+SVRkETvixUr0iCUwVi6WyHEeOTI8,Medical,1,NA,0,0
100,wjm+SVRkETvixUr0iCUwVi6WyHEeOTI8,Medical,0,NA,0,0
137,wjm+SVRkETvixUr0iCUwVi6WyHEeOTI8,Medical,0,NA,0,0
100,wjm+SVRkETvixUr0iCUwVi6WyHEeOTI8,Medical,0,F,0,0
20,wjm+SVRkETvixUr0iCUwVi6WyHEeOTI8,Medical,0,M,0,0
25,wjm+SVRkETvixUr0iCUwVi6WyHEeOTI8,Medical,0,NA,0,0
50,wjm+SVRkETvixUr0iCUwVi6WyHEeOTI8,Medical,1,NA,0,0
100,wjm+SVRkETvixUr0iCUwVi6WyHEeOTI8,Medical,0,M,0,0
50,wjm+SVRkETvixUr0iCUwVi6WyHEeOTI8,Medical,1,NA,0,0
100,wjm+SVRkETvixUr0iCUwVi6WyHEeOTI8,Medical,0,M,0,0
176,wjm+SVRkETvixUr0iCUwVi6WyHEeOTI8,Medical,0,NA,0,0
100,wjm+SVRkETvixUr0iCUwVi6WyHEeOTI8,Medical,1,NA,0,0
100,wjm+SVRkETvixUr0iCUwVi6WyHEeOTI8,Medical,0,M,0,0
100,wjm+SVRkETvixUr0iCUwVi6WyHEeOTI8,Medical,0,M,0,1
100,wjm+SVRkETvixUr0iCUwVi6WyHEeOTI8,Medical,0,NA,0,1
100,wjm+SVRkETvixUr0iCUwVi6WyHEeOTI8,Medical,0,M,0,0
200,wjm+SVRkETvixUr0iCUwVi6WyHEeOTI8,Medical,1,NA,0,0
200,wjm+SVRkETvixUr0iCUwVi6WyHEeOTI8,Medical,1,NA,0,0
100,wjm+SVRkETvixUr0iCUwVi6WyHEeOTI8,Medical,0,NA,0,0
100,wjm+SVRkETvixUr0iCUwVi6WyHEeOTI8,Medical,0,F,0,1
50,wjm+SVRkETvixUr0iCUwVi6WyHEeOTI8,Medical,0,M,0,0
20,wjm+SVRkETvixUr0iCUwVi6WyHEeOTI8,Medical,0,F,0,0
250,wjm+SVRkETvixUr0iCUwVi6WyHEeOTI8,Medical,0,NA,0,0
25,wjm+SVRkETvixUr0iCUwVi6WyHEeOTI8,Medical,0,NA,0,0
20,wjm+SVRkETvixUr0iCUwVi6WyHEeOTI8,Medical,1,NA,0,0
5,wjm+SVRkETvixUr0iCUwVi6WyHEeOTI8,Medical,0,NA,0,0
20,wjm+SVRkETvixUr0iCUwVi6WyHEeOTI8,Medical,1,NA,0,0
184,wjm+SVRkETvixUr0iCUwVi6WyHEeOTI8,Medical,0,NA,0,0
105,wjm+SVRkETvixUr0iCUwVi6WyHEeOTI8,Medical,0,NA,0,0
100,wjm+SVRkETvixUr0iCUwVi6WyHEeOTI8,Medical,0,F,0,0
200,wjm+SVRkETvixUr0iCUwVi6WyHEeOTI8,Medical,0,F,0,0
100,wjm+SVRkETvixUr0iCUwVi6WyHEeOTI8,Medical,0,NA,0,0
50,wjm+SVRkETvixUr0iCUwVi6WyHEeOTI8,Medical,0,F,0,0
25,wjm+SVRkETvixUr0iCUwVi6WyHEeOTI8,Medical,0,F,0,0
100,wjm+SVRkETvixUr0iCUwVi6WyHEeOTI8,Medical,0,NA,0,0
100,wjm+SVRkETvixUr0iCUwVi6WyHEeOTI8,Medical,0,NA,0,0
50,wjm+SVRkETvixUr0iCUwVi6WyHEeOTI8,Medical,0,F,0,0
100,wjm+SVRkETvixUr0iCUwVi6WyHEeOTI8,Medical,0,NA,0,0
20,wjm+SVRkETvixUr0iCUwVi6WyHEeOTI8,Medical,0,M,0,0
40,wjm+SVRkETvixUr0iCUwVi6WyHEeOTI8,Medical,0,F,0,0
75,wjm+SVRkETvixUr0iCUwVi6WyHEeOTI8,Medical,0,NA,0,1
50,wjm+SVRkETvixUr0iCUwVi6WyHEeOTI8,Medical,0,F,0,0
250,wjm+SVRkETvixUr0iCUwVi6WyHEeOTI8,Medical,0,F,0,0
25,wjm+SVRkETvixUr0iCUwVi6WyHEeOTI8,Medical,1,NA,0,0
25,wjm+SVRkETvixUr0iCUwVi6WyHEeOTI8,Medical,0,NA,0,0
250,wjm+SVRkETvixUr0iCUwVi6WyHEeOTI8,Medical,0,M,0,0
100,wjm+SVRkETvixUr0iCUwVi6WyHEeOTI8,Medical,0,F,0,0
100,wjm+SVRkETvixUr0iCUwVi6WyHEeOTI8,Medical,0,F,0,0
25,wjm+SVRkETvixUr0iCUwVi6WyHEeOTI8,Medical,0,NA,0,0
100,wjm+SVRkETvixUr0iCUwVi6WyHEeOTI8,Medical,0,NA,0,0
150,wjm+SVRkETvixUr0iCUwVi6WyHEeOTI8,Medical,0,NA,0,0
50,wjm+SVRkETvixUr0iCUwVi6WyHEeOTI8,Medical,0,F,0,1
25,wjm+SVRkETvixUr0iCUwVi6WyHEeOTI8,Medical,1,NA,0,0
100,wjm+SVRkETvixUr0iCUwVi6WyHEeOTI8,Medical,0,NA,0,1
100,wjm+SVRkETvixUr0iCUwVi6WyHEeOTI8,Medical,0,F,0,0
100,wjm+SVRkETvixUr0iCUwVi6WyHEeOTI8,Medical,0,NA,0,1
200,wjm+SVRkETvixUr0iCUwVi6WyHEeOTI8,Medical,0,NA,0,0
30,wjm+SVRkETvixUr0iCUwVi6WyHEeOTI8,Medical,0,M,0,0
250,wjm+SVRkETvixUr0iCUwVi6WyHEeOTI8,Medical,0,NA,0,0
40,wjm+SVRkETvixUr0iCUwVi6WyHEeOTI8,Medical,0,M,0,0
250,wjm+SVRkETvixUr0iCUwVi6WyHEeOTI8,Medical,0,F,0,0
100,wjm+SVRkETvixUr0iCUwVi6WyHEeOTI8,Medical,0,F,0,0
200,wjm+SVRkETvixUr0iCUwVi6WyHEeOTI8,Medical,1,NA,0,0
100,wjm+SVRkETvixUr0iCUwVi6WyHEeOTI8,Medical,0,NA,0,0
100,wjm+SVRkETvixUr0iCUwVi6WyHEeOTI8,Medical,1,NA,0,0
100,wjm+SVRkETvixUr0iCUwVi6WyHEeOTI8,Medical,0,NA,0,0
10,wjm+SVRkETvixUr0iCUwVi6WyHEeOTI8,Medical,0,M,0,0
15,wjm+SVRkETvixUr0iCUwVi6WyHEeOTI8,Medical,0,F,0,0
100,wjm+SVRkETvixUr0iCUwVi6WyHEeOTI8,Medical,1,NA,0,0
100,wjm+SVRkETvixUr0iCUwVi6WyHEeOTI8,Medical,0,F,0,0
100,wjm+SVRkETvixUr0iCUwVi6WyHEeOTI8,Medical,1,NA,0,0
215,wjm+SVRkETvixUr0iCUwVi6WyHEeOTI8,Medical,0,NA,0,0
50,wjm+SVRkETvixUr0iCUwVi6WyHEeOTI8,Medical,0,F,0,0
100,wjm+SVRkETvixUr0iCUwVi6WyHEeOTI8,Medical,0,M,0,0
10,wjm+SVRkETvixUr0iCUwVi6WyHEeOTI8,Medical,0,F,0,0
50,wjm+SVRkETvixUr0iCUwVi6WyHEeOTI8,Medical,0,M,0,0
25,wjm+SVRkETvixUr0iCUwVi6WyHEeOTI8,Medical,0,F,0,0
100,wjm+SVRkETvixUr0iCUwVi6WyHEeOTI8,Medical,1,NA,0,0
25,wjm+SVRkETvixUr0iCUwVi6WyHEeOTI8,Medical,1,NA,0,0
100,wjm+SVRkETvixUr0iCUwVi6WyHEeOTI8,Medical,0,F,0,1
50,wjm+SVRkETvixUr0iCUwVi6WyHEeOTI8,Medical,0,NA,0,0
500,wjm+SVRkETvixUr0iCUwVi6WyHEeOTI8,Medical,0,F,0,1
100,wjm+SVRkETvixUr0iCUwVi6WyHEeOTI8,Medical,0,NA,0,0
50,wjm+SVRkETvixUr0iCUwVi6WyHEeOTI8,Medical,1,NA,0,0
100,wjm+SVRkETvixUr0iCUwVi6WyHEeOTI8,Medical,0,F,0,0
50,wjm+SVRkETvixUr0iCUwVi6WyHEeOTI8,Medical,0,F,0,0
250,wjm+SVRkETvixUr0iCUwVi6WyHEeOTI8,Medical,0,F,0,0
100,wjm+SVRkETvixUr0iCUwVi6WyHEeOTI8,Medical,0,F,0,0
50,wjm+SVRkETvixUr0iCUwVi6WyHEeOTI8,Medical,1,NA,0,0
100,wjm+SVRkETvixUr0iCUwVi6WyHEeOTI8,Medical,0,NA,0,0
25,wjm+SVRkETvixUr0iCUwVi6WyHEeOTI8,Medical,0,M,0,1
25,wjm+SVRkETvixUr0iCUwVi6WyHEeOTI8,Medical,1,NA,0,0
100,wjm+SVRkETvixUr0iCUwVi6WyHEeOTI8,Medical,1,NA,0,0
50,wjm+SVRkETvixUr0iCUwVi6WyHEeOTI8,Medical,0,F,0,0
250,wjm+SVRkETvixUr0iCUwVi6WyHEeOTI8,Medical,0,F,0,0
50,wjm+SVRkETvixUr0iCUwVi6WyHEeOTI8,Medical,0,F,0,0
10,wjm+SVRkETvixUr0iCUwVi6WyHEeOTI8,Medical,1,NA,0,0
234,wjm+SVRkETvixUr0iCUwVi6WyHEeOTI8,Medical,0,NA,0,0
50,wjm+SVRkETvixUr0iCUwVi6WyHEeOTI8,Medical,0,NA,0,0
200,wjm+SVRkETvixUr0iCUwVi6WyHEeOTI8,Medical,0,NA,0,0
50,wjm+SVRkETvixUr0iCUwVi6WyHEeOTI8,Medical,0,M,0,0
250,wjm+SVRkETvixUr0iCUwVi6WyHEeOTI8,Medical,0,NA,0,0
20,wjm+SVRkETvixUr0iCUwVi6WyHEeOTI8,Medical,0,F,0,0
50,wjm+SVRkETvixUr0iCUwVi6WyHEeOTI8,Medical,0,NA,0,0
40,wjm+SVRkETvixUr0iCUwVi6WyHEeOTI8,Medical,0,F,0,0
100,wjm+SVRkETvixUr0iCUwVi6WyHEeOTI8,Medical,0,F,0,0
25,wjm+SVRkETvixUr0iCUwVi6WyHEeOTI8,Medical,0,F,0,0
100,wjm+SVRkETvixUr0iCUwVi6WyHEeOTI8,Medical,0,NA,0,0
100,wjm+SVRkETvixUr0iCUwVi6WyHEeOTI8,Medical,1,NA,0,0
200,wjm+SVRkETvixUr0iCUwVi6WyHEeOTI8,Medical,0,M,0,0
25,wjm+SVRkETvixUr0iCUwVi6WyHEeOTI8,Medical,0,F,0,1
50,wjm+SVRkETvixUr0iCUwVi6WyHEeOTI8,Medical,0,F,0,0
50,wjm+SVRkETvixUr0iCUwVi6WyHEeOTI8,Medical,1,NA,0,0
220,wjm+SVRkETvixUr0iCUwVi6WyHEeOTI8,Medical,0,NA,0,0
50,wjm+SVRkETvixUr0iCUwVi6WyHEeOTI8,Medical,0,F,0,0
25,wjm+SVRkETvixUr0iCUwVi6WyHEeOTI8,Medical,0,F,0,0
100,wjm+SVRkETvixUr0iCUwVi6WyHEeOTI8,Medical,0,NA,0,0
50,wjm+SVRkETvixUr0iCUwVi6WyHEeOTI8,Medical,0,F,0,1
100,wjm+SVRkETvixUr0iCUwVi6WyHEeOTI8,Medical,0,M,0,0
30,wjm+SVRkETvixUr0iCUwVi6WyHEeOTI8,Medical,0,F,0,0
100,wjm+SVRkETvixUr0iCUwVi6WyHEeOTI8,Medical,0,M,0,0
200,wjm+SVRkETvixUr0iCUwVi6WyHEeOTI8,Medical,0,NA,0,0
100,wjm+SVRkETvixUr0iCUwVi6WyHEeOTI8,Medical,1,NA,0,0
500,wjm+SVRkETvixUr0iCUwVi6WyHEeOTI8,Medical,0,NA,0,0
100,wjm+SVRkETvixUr0iCUwVi6WyHEeOTI8,Medical,0,NA,0,1
300,wjm+SVRkETvixUr0iCUwVi6WyHEeOTI8,Medical,0,F,0,0
50,wjm+SVRkETvixUr0iCUwVi6WyHEeOTI8,Medical,0,NA,0,0
25,wjm+SVRkETvixUr0iCUwVi6WyHEeOTI8,Medical,0,F,0,0
100,wjm+SVRkETvixUr0iCUwVi6WyHEeOTI8,Medical,0,NA,0,0
100,wjm+SVRkETvixUr0iCUwVi6WyHEeOTI8,Medical,0,NA,0,0
200,wjm+SVRkETvixUr0iCUwVi6WyHEeOTI8,Medical,0,F,0,0
250,wjm+SVRkETvixUr0iCUwVi6WyHEeOTI8,Medical,1,NA,0,0
100,wjm+SVRkETvixUr0iCUwVi6WyHEeOTI8,Medical,0,F,0,1
100,wjm+SVRkETvixUr0iCUwVi6WyHEeOTI8,Medical,0,M,0,0
50,wjm+SVRkETvixUr0iCUwVi6WyHEeOTI8,Medical,0,F,0,0
20,wjm+SVRkETvixUr0iCUwVi6WyHEeOTI8,Medical,0,M,0,0
50,wjm+SVRkETvixUr0iCUwVi6WyHEeOTI8,Medical,0,F,0,0
100,wjm+SVRkETvixUr0iCUwVi6WyHEeOTI8,Medical,0,NA,0,1
100,wjm+SVRkETvixUr0iCUwVi6WyHEeOTI8,Medical,1,NA,0,0
231,wjm+SVRkETvixUr0iCUwVi6WyHEeOTI8,Medical,0,NA,0,0
50,wjm+SVRkETvixUr0iCUwVi6WyHEeOTI8,Medical,0,M,0,0
100,wjm+SVRkETvixUr0iCUwVi6WyHEeOTI8,Medical,0,F,0,0
100,wjm+SVRkETvixUr0iCUwVi6WyHEeOTI8,Medical,0,F,0,0
100,wjm+SVRkETvixUr0iCUwVi6WyHEeOTI8,Medical,0,F,0,0
25,wjm+SVRkETvixUr0iCUwVi6WyHEeOTI8,Medical,0,NA,0,0
100,wjm+SVRkETvixUr0iCUwVi6WyHEeOTI8,Medical,0,F,0,0
50,wjm+SVRkETvixUr0iCUwVi6WyHEeOTI8,Medical,0,NA,0,0
25,wjm+SVRkETvixUr0iCUwVi6WyHEeOTI8,Medical,0,M,0,0
25,wjm+SVRkETvixUr0iCUwVi6WyHEeOTI8,Medical,1,NA,0,0
100,wjm+SVRkETvixUr0iCUwVi6WyHEeOTI8,Medical,0,F,0,0
50,wjm+SVRkETvixUr0iCUwVi6WyHEeOTI8,Medical,1,NA,0,0
100,wjm+SVRkETvixUr0iCUwVi6WyHEeOTI8,Medical,0,NA,0,0
100,wjm+SVRkETvixUr0iCUwVi6WyHEeOTI8,Medical,0,NA,0,0
30,wjm+SVRkETvixUr0iCUwVi6WyHEeOTI8,Medical,1,NA,0,0
50,wjm+SVRkETvixUr0iCUwVi6WyHEeOTI8,Medical,0,NA,0,0
25,wjm+SVRkETvixUr0iCUwVi6WyHEeOTI8,Medical,0,F,0,0
100,wjm+SVRkETvixUr0iCUwVi6WyHEeOTI8,Medical,0,F,0,1
100,wjm+SVRkETvixUr0iCUwVi6WyHEeOTI8,Medical,1,NA,0,0
10,wjm+SVRkETvixUr0iCUwVi6WyHEeOTI8,Medical,0,M,0,0
250,wjm+SVRkETvixUr0iCUwVi6WyHEeOTI8,Medical,0,M,0,0
50,wjm+SVRkETvixUr0iCUwVi6WyHEeOTI8,Medical,0,NA,0,0
40,wjm+SVRkETvixUr0iCUwVi6WyHEeOTI8,Medical,0,NA,0,0
25,wjm+SVRkETvixUr0iCUwVi6WyHEeOTI8,Medical,0,M,0,0
100,wjm+SVRkETvixUr0iCUwVi6WyHEeOTI8,Medical,0,NA,0,1
10,wjm+SVRkETvixUr0iCUwVi6WyHEeOTI8,Medical,0,NA,0,0
20,wjm+SVRkETvixUr0iCUwVi6WyHEeOTI8,Medical,0,NA,0,0
50,wjm+SVRkETvixUr0iCUwVi6WyHEeOTI8,Medical,1,NA,0,0
100,wjm+SVRkETvixUr0iCUwVi6WyHEeOTI8,Medical,0,NA,0,0
25,wjm+SVRkETvixUr0iCUwVi6WyHEeOTI8,Medical,0,F,0,0
20,wjm+SVRkETvixUr0iCUwVi6WyHEeOTI8,Medical,0,F,0,0
100,wjm+SVRkETvixUr0iCUwVi6WyHEeOTI8,Medical,1,NA,0,0
10,wjm+SVRkETvixUr0iCUwVi6WyHEeOTI8,Medical,0,M,0,0
100,wjm+SVRkETvixUr0iCUwVi6WyHEeOTI8,Medical,0,NA,0,0
100,wjm+SVRkETvixUr0iCUwVi6WyHEeOTI8,Medical,0,M,0,0
10,wjm+SVRkETvixUr0iCUwVi6WyHEeOTI8,Medical,0,F,0,0
100,wjm+SVRkETvixUr0iCUwVi6WyHEeOTI8,Medical,0,M,0,1
263,wjm+SVRkETvixUr0iCUwVi6WyHEeOTI8,Medical,0,NA,0,0
100,wjm+SVRkETvixUr0iCUwVi6WyHEeOTI8,Medical,1,NA,0,0
50,wjm+SVRkETvixUr0iCUwVi6WyHEeOTI8,Medical,0,F,0,0
100,wjm+SVRkETvixUr0iCUwVi6WyHEeOTI8,Medical,0,NA,0,0
50,wjm+SVRkETvixUr0iCUwVi6WyHEeOTI8,Medical,0,F,0,0
100,wjm+SVRkETvixUr0iCUwVi6WyHEeOTI8,Medical,0,NA,0,0
100,wjm+SVRkETvixUr0iCUwVi6WyHEeOTI8,Medical,0,M,0,0
300,wjm+SVRkETvixUr0iCUwVi6WyHEeOTI8,Medical,0,NA,0,0
250,wjm+SVRkETvixUr0iCUwVi6WyHEeOTI8,Medical,0,F,0,0
50,wjm+SVRkETvixUr0iCUwVi6WyHEeOTI8,Medical,1,NA,0,0
500,wjm+SVRkETvixUr0iCUwVi6WyHEeOTI8,Medical,0,F,0,0
500,wjm+SVRkETvixUr0iCUwVi6WyHEeOTI8,Medical,1,NA,0,0
50,wjm+SVRkETvixUr0iCUwVi6WyHEeOTI8,Medical,0,NA,0,0
100,wjm+SVRkETvixUr0iCUwVi6WyHEeOTI8,Medical,0,F,0,1
5,wjm+SVRkETvixUr0iCUwVi6WyHEeOTI8,Medical,0,NA,0,0
100,wjm+SVRkETvixUr0iCUwVi6WyHEeOTI8,Medical,0,F,0,0
50,wjm+SVRkETvixUr0iCUwVi6WyHEeOTI8,Medical,0,F,0,0
50,wjm+SVRkETvixUr0iCUwVi6WyHEeOTI8,Medical,0,F,0,0
50,wjm+SVRkETvixUr0iCUwVi6WyHEeOTI8,Medical,1,NA,0,0
25,wjm+SVRkETvixUr0iCUwVi6WyHEeOTI8,Medical,0,NA,0,0
100,wjm+SVRkETvixUr0iCUwVi6WyHEeOTI8,Medical,0,F,0,0
200,wjm+SVRkETvixUr0iCUwVi6WyHEeOTI8,Medical,0,NA,0,0
100,wjm+SVRkETvixUr0iCUwVi6WyHEeOTI8,Medical,0,NA,0,0
100,wjm+SVRkETvixUr0iCUwVi6WyHEeOTI8,Medical,1,NA,0,0
50,wjm+SVRkETvixUr0iCUwVi6WyHEeOTI8,Medical,1,NA,0,0
500,wjm+SVRkETvixUr0iCUwVi6WyHEeOTI8,Medical,1,NA,0,0
200,wjm+SVRkETvixUr0iCUwVi6WyHEeOTI8,Medical,0,NA,0,0
100,wjm+SVRkETvixUr0iCUwVi6WyHEeOTI8,Medical,0,NA,0,0
25,wjm+SVRkETvixUr0iCUwVi6WyHEeOTI8,Medical,1,NA,0,0
1000,wjm+SVRkETvixUr0iCUwVi6WyHEeOTI8,Medical,0,F,0,0
50,wjm+SVRkETvixUr0iCUwVi6WyHEeOTI8,Medical,1,NA,0,0
7,wjm+SVRkETvixUr0iCUwVi6WyHEeOTI8,Medical,0,NA,0,0
50,wjm+SVRkETvixUr0iCUwVi6WyHEeOTI8,Medical,0,NA,0,0
250,wjm+SVRkETvixUr0iCUwVi6WyHEeOTI8,Medical,0,F,0,0
50,wjm+SVRkETvixUr0iCUwVi6WyHEeOTI8,Medical,0,F,0,0
20,wjm+SVRkETvixUr0iCUwVi6WyHEeOTI8,Medical,0,NA,0,0
100,wjm+SVRkETvixUr0iCUwVi6WyHEeOTI8,Medical,1,NA,0,0
50,wjm+SVRkETvixUr0iCUwVi6WyHEeOTI8,Medical,1,NA,0,0
100,wjm+SVRkETvixUr0iCUwVi6WyHEeOTI8,Medical,0,NA,0,0
100,wjm+SVRkETvixUr0iCUwVi6WyHEeOTI8,Medical,0,NA,0,0
100,wjm+SVRkETvixUr0iCUwVi6WyHEeOTI8,Medical,0,F,0,0
750,wjm+SVRkETvixUr0iCUwVi6WyHEeOTI8,Medical,1,NA,0,0
250,wjm+SVRkETvixUr0iCUwVi6WyHEeOTI8,Medical,1,NA,0,0
250,wjm+SVRkETvixUr0iCUwVi6WyHEeOTI8,Medical,0,F,0,0
100,wjm+SVRkETvixUr0iCUwVi6WyHEeOTI8,Medical,0,F,0,0
200,wjm+SVRkETvixUr0iCUwVi6WyHEeOTI8,Medical,0,M,0,0
100,wjm+SVRkETvixUr0iCUwVi6WyHEeOTI8,Medical,0,NA,0,0
100,wjm+SVRkETvixUr0iCUwVi6WyHEeOTI8,Medical,0,NA,0,0
100,wjm+SVRkETvixUr0iCUwVi6WyHEeOTI8,Medical,0,NA,0,1
100,wjm+SVRkETvixUr0iCUwVi6WyHEeOTI8,Medical,0,F,0,0
100,wjm+SVRkETvixUr0iCUwVi6WyHEeOTI8,Medical,0,NA,0,0
50,wjm+SVRkETvixUr0iCUwVi6WyHEeOTI8,Medical,0,NA,0,0
30,wjm+SVRkETvixUr0iCUwVi6WyHEeOTI8,Medical,0,F,0,0
50,wjm+SVRkETvixUr0iCUwVi6WyHEeOTI8,Medical,0,F,0,0
200,wjm+SVRkETvixUr0iCUwVi6WyHEeOTI8,Medical,0,M,0,1
100,wjm+SVRkETvixUr0iCUwVi6WyHEeOTI8,Medical,0,NA,0,0
20,wjm+SVRkETvixUr0iCUwVi6WyHEeOTI8,Medical,0,NA,0,0
50,wjm+SVRkETvixUr0iCUwVi6WyHEeOTI8,Medical,0,NA,0,0
100,wjm+SVRkETvixUr0iCUwVi6WyHEeOTI8,Medical,0,NA,0,1
200,wjm+SVRkETvixUr0iCUwVi6WyHEeOTI8,Medical,0,NA,0,0
300,wjm+SVRkETvixUr0iCUwVi6WyHEeOTI8,Medical,1,NA,0,0
40,wjm+SVRkETvixUr0iCUwVi6WyHEeOTI8,Medical,0,F,0,0
100,wjm+SVRkETvixUr0iCUwVi6WyHEeOTI8,Medical,0,F,0,0
50,wjm+SVRkETvixUr0iCUwVi6WyHEeOTI8,Medical,1,NA,0,0
20,wjm+SVRkETvixUr0iCUwVi6WyHEeOTI8,Medical,0,F,0,0
100,wjm+SVRkETvixUr0iCUwVi6WyHEeOTI8,Medical,0,M,0,0
100,wjm+SVRkETvixUr0iCUwVi6WyHEeOTI8,Medical,0,F,0,0
200,wjm+SVRkETvixUr0iCUwVi6WyHEeOTI8,Medical,0,M,0,0
10,wjm+SVRkETvixUr0iCUwVi6WyHEeOTI8,Medical,0,M,0,0
50,wjm+SVRkETvixUr0iCUwVi6WyHEeOTI8,Medical,0,F,0,1
50,wjm+SVRkETvixUr0iCUwVi6WyHEeOTI8,Medical,0,NA,0,0
50,wjm+SVRkETvixUr0iCUwVi6WyHEeOTI8,Medical,0,NA,0,0
20,wjm+SVRkETvixUr0iCUwVi6WyHEeOTI8,Medical,0,NA,0,0
100,wjm+SVRkETvixUr0iCUwVi6WyHEeOTI8,Medical,0,F,0,1
50,wjm+SVRkETvixUr0iCUwVi6WyHEeOTI8,Medical,0,NA,0,0
300,wjm+SVRkETvixUr0iCUwVi6WyHEeOTI8,Medical,0,M,0,0
10,wjm+SVRkETvixUr0iCUwVi6WyHEeOTI8,Medical,0,M,0,0
150,wjm+SVRkETvixUr0iCUwVi6WyHEeOTI8,Medical,1,NA,0,0
150,wjm+SVRkETvixUr0iCUwVi6WyHEeOTI8,Medical,0,M,0,0
10,wjm+SVRkETvixUr0iCUwVi6WyHEeOTI8,Medical,0,NA,0,0
100,wjm+SVRkETvixUr0iCUwVi6WyHEeOTI8,Medical,0,NA,0,0
250,wjm+SVRkETvixUr0iCUwVi6WyHEeOTI8,Medical,0,F,0,0
100,wjm+SVRkETvixUr0iCUwVi6WyHEeOTI8,Medical,0,F,0,0
50,wjm+SVRkETvixUr0iCUwVi6WyHEeOTI8,Medical,0,M,0,0
10,wjm+SVRkETvixUr0iCUwVi6WyHEeOTI8,Medical,0,F,0,0
100,wjm+SVRkETvixUr0iCUwVi6WyHEeOTI8,Medical,0,F,0,0
200,wjm+SVRkETvixUr0iCUwVi6WyHEeOTI8,Medical,1,NA,0,0
100,wjm+SVRkETvixUr0iCUwVi6WyHEeOTI8,Medical,0,M,0,1
100,wjm+SVRkETvixUr0iCUwVi6WyHEeOTI8,Medical,0,M,0,0
50,wjm+SVRkETvixUr0iCUwVi6WyHEeOTI8,Medical,0,F,0,0
100,wjm+SVRkETvixUr0iCUwVi6WyHEeOTI8,Medical,0,F,0,0
100,wjm+SVRkETvixUr0iCUwVi6WyHEeOTI8,Medical,0,F,0,0
10,wjm+SVRkETvixUr0iCUwVi6WyHEeOTI8,Medical,0,M,0,0
200,wjm+SVRkETvixUr0iCUwVi6WyHEeOTI8,Medical,0,NA,0,0
100,wjm+SVRkETvixUr0iCUwVi6WyHEeOTI8,Medical,0,NA,0,0
100,wjm+SVRkETvixUr0iCUwVi6WyHEeOTI8,Medical,0,NA,0,0
25,wjm+SVRkETvixUr0iCUwVi6WyHEeOTI8,Medical,0,M,0,0
250,wjm+SVRkETvixUr0iCUwVi6WyHEeOTI8,Medical,0,NA,0,0
25,wjm+SVRkETvixUr0iCUwVi6WyHEeOTI8,Medical,0,F,0,1
300,wjm+SVRkETvixUr0iCUwVi6WyHEeOTI8,Medical,0,NA,0,0
150,wjm+SVRkETvixUr0iCUwVi6WyHEeOTI8,Medical,1,NA,0,0
40,wjm+SVRkETvixUr0iCUwVi6WyHEeOTI8,Medical,0,F,0,0
100,wjm+SVRkETvixUr0iCUwVi6WyHEeOTI8,Medical,1,NA,0,0
50,wjm+SVRkETvixUr0iCUwVi6WyHEeOTI8,Medical,0,NA,0,0
100,wjm+SVRkETvixUr0iCUwVi6WyHEeOTI8,Medical,0,NA,0,0
10,wjm+SVRkETvixUr0iCUwVi6WyHEeOTI8,Medical,1,NA,0,0
100,wjm+SVRkETvixUr0iCUwVi6WyHEeOTI8,Medical,0,M,0,0
50,wjm+SVRkETvixUr0iCUwVi6WyHEeOTI8,Medical,1,NA,0,0
100,wjm+SVRkETvixUr0iCUwVi6WyHEeOTI8,Medical,0,F,0,0
25,wjm+SVRkETvixUr0iCUwVi6WyHEeOTI8,Medical,0,F,0,0
500,wjm+SVRkETvixUr0iCUwVi6WyHEeOTI8,Medical,1,NA,0,0
25,wjm+SVRkETvixUr0iCUwVi6WyHEeOTI8,Medical,0,F,0,0
50,wjm+SVRkETvixUr0iCUwVi6WyHEeOTI8,Medical,0,F,0,0
100,wjm+SVRkETvixUr0iCUwVi6WyHEeOTI8,Medical,0,F,0,0
100,wjm+SVRkETvixUr0iCUwVi6WyHEeOTI8,Medical,0,M,0,0
50,wjm+SVRkETvixUr0iCUwVi6WyHEeOTI8,Medical,0,M,0,0
100,wjm+SVRkETvixUr0iCUwVi6WyHEeOTI8,Medical,0,F,0,0
60,wjm+SVRkETvixUr0iCUwVi6WyHEeOTI8,Medical,0,F,0,0
25,wjm+SVRkETvixUr0iCUwVi6WyHEeOTI8,Medical,0,M,0,0
100,wjm+SVRkETvixUr0iCUwVi6WyHEeOTI8,Medical,0,F,0,1
50,wjm+SVRkETvixUr0iCUwVi6WyHEeOTI8,Medical,0,NA,0,0
30,wjm+SVRkETvixUr0iCUwVi6WyHEeOTI8,Medical,0,F,0,0
15,wjm+SVRkETvixUr0iCUwVi6WyHEeOTI8,Medical,0,NA,0,0
22,wjm+SVRkETvixUr0iCUwVi6WyHEeOTI8,Medical,1,NA,0,0
30,wjm+SVRkETvixUr0iCUwVi6WyHEeOTI8,Medical,0,F,0,0
300,wjm+SVRkETvixUr0iCUwVi6WyHEeOTI8,Medical,1,NA,0,0
10,wjm+SVRkETvixUr0iCUwVi6WyHEeOTI8,Medical,0,NA,0,0
50,wjm+SVRkETvixUr0iCUwVi6WyHEeOTI8,Medical,1,NA,0,0
50,wjm+SVRkETvixUr0iCUwVi6WyHEeOTI8,Medical,0,F,0,0
100,wjm+SVRkETvixUr0iCUwVi6WyHEeOTI8,Medical,0,M,0,0
30,wjm+SVRkETvixUr0iCUwVi6WyHEeOTI8,Medical,0,F,0,0
500,wjm+SVRkETvixUr0iCUwVi6WyHEeOTI8,Medical,0,NA,0,0
25,wjm+SVRkETvixUr0iCUwVi6WyHEeOTI8,Medical,0,NA,0,0
100,wjm+SVRkETvixUr0iCUwVi6WyHEeOTI8,Medical,0,NA,0,1
50,wjm+SVRkETvixUr0iCUwVi6WyHEeOTI8,Medical,0,NA,0,0
50,wjm+SVRkETvixUr0iCUwVi6WyHEeOTI8,Medical,0,M,0,0
10,wjm+SVRkETvixUr0iCUwVi6WyHEeOTI8,Medical,0,NA,0,0
20,wjm+SVRkETvixUr0iCUwVi6WyHEeOTI8,Medical,0,F,0,0
100,wjm+SVRkETvixUr0iCUwVi6WyHEeOTI8,Medical,1,NA,0,0
500,wjm+SVRkETvixUr0iCUwVi6WyHEeOTI8,Medical,0,NA,0,0
50,wjm+SVRkETvixUr0iCUwVi6WyHEeOTI8,Medical,0,F,0,0
30,wjm+SVRkETvixUr0iCUwVi6WyHEeOTI8,Medical,0,F,0,0
50,wjm+SVRkETvixUr0iCUwVi6WyHEeOTI8,Medical,0,F,0,0
25,wjm+SVRkETvixUr0iCUwVi6WyHEeOTI8,Medical,0,F,0,0
100,wjm+SVRkETvixUr0iCUwVi6WyHEeOTI8,Medical,0,M,0,0
50,wjm+SVRkETvixUr0iCUwVi6WyHEeOTI8,Medical,0,NA,0,0
25,wjm+SVRkETvixUr0iCUwVi6WyHEeOTI8,Medical,0,F,0,0
100,wjm+SVRkETvixUr0iCUwVi6WyHEeOTI8,Medical,0,M,0,0
50,wjm+SVRkETvixUr0iCUwVi6WyHEeOTI8,Medical,1,NA,0,0
10,wjm+SVRkETvixUr0iCUwVi6WyHEeOTI8,Medical,0,F,0,0
25,wjm+SVRkETvixUr0iCUwVi6WyHEeOTI8,Medical,0,NA,0,0
50,wjm+SVRkETvixUr0iCUwVi6WyHEeOTI8,Medical,0,NA,0,0
100,wjm+SVRkETvixUr0iCUwVi6WyHEeOTI8,Medical,0,M,0,0
100,wjm+SVRkETvixUr0iCUwVi6WyHEeOTI8,Medical,0,F,0,0
50,wjm+SVRkETvixUr0iCUwVi6WyHEeOTI8,Medical,0,F,0,0
100,wjm+SVRkETvixUr0iCUwVi6WyHEeOTI8,Medical,0,F,0,0
25,wjm+SVRkETvixUr0iCUwVi6WyHEeOTI8,Medical,0,M,0,0
50,wjm+SVRkETvixUr0iCUwVi6WyHEeOTI8,Medical,0,F,0,0
25,wjm+SVRkETvixUr0iCUwVi6WyHEeOTI8,Medical,0,NA,0,0
20,wjm+SVRkETvixUr0iCUwVi6WyHEeOTI8,Medical,0,NA,0,0
5,wjm+SVRkETvixUr0iCUwVi6WyHEeOTI8,Medical,0,NA,0,0
25,wjm+SVRkETvixUr0iCUwVi6WyHEeOTI8,Medical,0,M,0,0
5,wjm+SVRkETvixUr0iCUwVi6WyHEeOTI8,Medical,0,F,0,0
10,wjm+SVRkETvixUr0iCUwVi6WyHEeOTI8,Medical,0,M,0,0
100,wjm+SVRkETvixUr0iCUwVi6WyHEeOTI8,Medical,0,NA,0,0
30,wjm+SVRkETvixUr0iCUwVi6WyHEeOTI8,Medical,0,M,0,0
25,wjm+SVRkETvixUr0iCUwVi6WyHEeOTI8,Medical,0,F,0,0
20,wjm+SVRkETvixUr0iCUwVi6WyHEeOTI8,Medical,0,M,0,0
25,wjm+SVRkETvixUr0iCUwVi6WyHEeOTI8,Medical,0,NA,0,0
25,wjm+SVRkETvixUr0iCUwVi6WyHEeOTI8,Medical,0,F,0,0
40,wjm+SVRkETvixUr0iCUwVi6WyHEeOTI8,Medical,0,F,0,0
25,wjm+SVRkETvixUr0iCUwVi6WyHEeOTI8,Medical,0,M,0,0
25,wjm+SVRkETvixUr0iCUwVi6WyHEeOTI8,Medical,0,F,0,0
150,wjm+SVRkETvixUr0iCUwVi6WyHEeOTI8,Medical,0,NA,0,0
50,wjm+SVRkETvixUr0iCUwVi6WyHEeOTI8,Medical,0,F,0,0
50,wjm+SVRkETvixUr0iCUwVi6WyHEeOTI8,Medical,0,F,0,0
80,wjm+SVRkETvixUr0iCUwVi6WyHEeOTI8,Medical,0,F,0,0
90,wjm+SVRkETvixUr0iCUwVi6WyHEeOTI8,Medical,0,M,0,0
10,wjm+SVRkETvixUr0iCUwVi6WyHEeOTI8,Medical,1,NA,0,0
100,wjm+SVRkETvixUr0iCUwVi6WyHEeOTI8,Medical,0,F,0,0
25,wjm+SVRkETvixUr0iCUwVi6WyHEeOTI8,Medical,0,M,0,0
20,wjm+SVRkETvixUr0iCUwVi6WyHEeOTI8,Medical,0,F,0,0
20,wjm+SVRkETvixUr0iCUwVi6WyHEeOTI8,Medical,0,F,0,0
20,wjm+SVRkETvixUr0iCUwVi6WyHEeOTI8,Medical,0,F,0,0
5,wjm+SVRkETvixUr0iCUwVi6WyHEeOTI8,Medical,1,NA,0,0
100,wjm+SVRkETvixUr0iCUwVi6WyHEeOTI8,Medical,0,F,0,0
20,wjm+SVRkETvixUr0iCUwVi6WyHEeOTI8,Medical,0,F,0,0
100,wjm+SVRkETvixUr0iCUwVi6WyHEeOTI8,Medical,0,NA,0,0
47,wjm+SVRkETvixUr0iCUwVi6WyHEeOTI8,Medical,0,M,0,0
25,wjm+SVRkETvixUr0iCUwVi6WyHEeOTI8,Medical,0,NA,0,0
30,wjm+SVRkETvixUr0iCUwVi6WyHEeOTI8,Medical,0,F,0,0
100,wjm+SVRkETvixUr0iCUwVi6WyHEeOTI8,Medical,0,F,0,0
50,wjm+SVRkETvixUr0iCUwVi6WyHEeOTI8,Medical,0,M,0,0
100,wjm+SVRkETvixUr0iCUwVi6WyHEeOTI8,Medical,0,F,0,0
50,wjm+SVRkETvixUr0iCUwVi6WyHEeOTI8,Medical,1,NA,0,0
100,wjm+SVRkETvixUr0iCUwVi6WyHEeOTI8,Medical,0,NA,0,0
100,wjm+SVRkETvixUr0iCUwVi6WyHEeOTI8,Medical,0,M,0,0
766,wjm+SVRkETvixUr0iCUwVi6WyHEeOTI8,Medical,0,NA,0,0
936,wjm+SVRkETvixUr0iCUwVi6WyHEeOTI8,Medical,0,NA,0,0
100,wjm+SVRkETvixUr0iCUwVi6WyHEeOTI8,Medical,0,F,0,0
540,wjm+SVRkETvixUr0iCUwVi6WyHEeOTI8,Medical,0,F,0,1
100,wjm+SVRkETvixUr0iCUwVi6WyHEeOTI8,Medical,0,F,0,1
100,wjm+SVRkETvixUr0iCUwVi6WyHEeOTI8,Medical,1,NA,0,0
100,wjm+SVRkETvixUr0iCUwVi6WyHEeOTI8,Medical,0,NA,0,0
50,wjm+SVRkETvixUr0iCUwVi6WyHEeOTI8,Medical,0,M,0,0
50,wjm+SVRkETvixUr0iCUwVi6WyHEeOTI8,Medical,0,F,0,0
75,wjm+SVRkETvixUr0iCUwVi6WyHEeOTI8,Medical,0,M,0,0
30,wjm+SVRkETvixUr0iCUwVi6WyHEeOTI8,Medical,0,NA,0,0
54,wjm+SVRkETvixUr0iCUwVi6WyHEeOTI8,Medical,0,M,0,0
100,wjm+SVRkETvixUr0iCUwVi6WyHEeOTI8,Medical,1,NA,0,0
40,wjm+SVRkETvixUr0iCUwVi6WyHEeOTI8,Medical,0,F,0,0
100,wjm+SVRkETvixUr0iCUwVi6WyHEeOTI8,Medical,0,M,0,0
30,wjm+SVRkETvixUr0iCUwVi6WyHEeOTI8,Medical,0,M,0,0
20,wjm+SVRkETvixUr0iCUwVi6WyHEeOTI8,Medical,0,F,0,0
100,wjm+SVRkETvixUr0iCUwVi6WyHEeOTI8,Medical,0,F,0,0
100,wjm+SVRkETvixUr0iCUwVi6WyHEeOTI8,Medical,0,F,0,1
50,wjm+SVRkETvixUr0iCUwVi6WyHEeOTI8,Medical,0,F,0,0
50,wjm+SVRkETvixUr0iCUwVi6WyHEeOTI8,Medical,0,F,0,0
40,wjm+SVRkETvixUr0iCUwVi6WyHEeOTI8,Medical,0,F,0,0
50,wjm+SVRkETvixUr0iCUwVi6WyHEeOTI8,Medical,0,F,0,0
30,wjm+SVRkETvixUr0iCUwVi6WyHEeOTI8,Medical,0,F,0,0
20,wjm+SVRkETvixUr0iCUwVi6WyHEeOTI8,Medical,0,F,0,0
30,wjm+SVRkETvixUr0iCUwVi6WyHEeOTI8,Medical,0,NA,0,0
100,wjm+SVRkETvixUr0iCUwVi6WyHEeOTI8,Medical,1,NA,0,0
25,wjm+SVRkETvixUr0iCUwVi6WyHEeOTI8,Medical,0,NA,0,0
200,wjm+SVRkETvixUr0iCUwVi6WyHEeOTI8,Medical,0,NA,0,0
20,wjm+SVRkETvixUr0iCUwVi6WyHEeOTI8,Medical,0,F,0,0
50,wjm+SVRkETvixUr0iCUwVi6WyHEeOTI8,Medical,0,F,0,0
10,wjm+SVRkETvixUr0iCUwVi6WyHEeOTI8,Medical,0,NA,0,0
20,wjm+SVRkETvixUr0iCUwVi6WyHEeOTI8,Medical,0,M,0,0
20,wjm+SVRkETvixUr0iCUwVi6WyHEeOTI8,Medical,1,NA,0,0
25,wjm+SVRkETvixUr0iCUwVi6WyHEeOTI8,Medical,0,F,0,0
25,wjm+SVRkETvixUr0iCUwVi6WyHEeOTI8,Medical,0,F,0,1
50,wjm+SVRkETvixUr0iCUwVi6WyHEeOTI8,Medical,0,M,0,0
20,wjm+SVRkETvixUr0iCUwVi6WyHEeOTI8,Medical,0,F,0,0
100,wjm+SVRkETvixUr0iCUwVi6WyHEeOTI8,Medical,1,NA,0,0
200,wjm+SVRkETvixUr0iCUwVi6WyHEeOTI8,Medical,0,F,0,0
50,wjm+SVRkETvixUr0iCUwVi6WyHEeOTI8,Medical,0,F,0,0
25,wjm+SVRkETvixUr0iCUwVi6WyHEeOTI8,Medical,0,M,0,0
100,wjm+SVRkETvixUr0iCUwVi6WyHEeOTI8,Medical,0,NA,0,0
50,wjm+SVRkETvixUr0iCUwVi6WyHEeOTI8,Medical,0,NA,0,0
100,wjm+SVRkETvixUr0iCUwVi6WyHEeOTI8,Medical,0,NA,0,0
100,wjm+SVRkETvixUr0iCUwVi6WyHEeOTI8,Medical,0,NA,0,0
10,wjm+SVRkETvixUr0iCUwVi6WyHEeOTI8,Medical,0,M,0,0
50,wjm+SVRkETvixUr0iCUwVi6WyHEeOTI8,Medical,0,NA,0,0
100,wjm+SVRkETvixUr0iCUwVi6WyHEeOTI8,Medical,0,NA,0,0
100,wjm+SVRkETvixUr0iCUwVi6WyHEeOTI8,Medical,0,M,0,0
50,wjm+SVRkETvixUr0iCUwVi6WyHEeOTI8,Medical,0,NA,0,0
50,wjm+SVRkETvixUr0iCUwVi6WyHEeOTI8,Medical,0,M,0,0
100,wjm+SVRkETvixUr0iCUwVi6WyHEeOTI8,Medical,0,F,0,0
50,wjm+SVRkETvixUr0iCUwVi6WyHEeOTI8,Medical,0,F,0,0
25,wjm+SVRkETvixUr0iCUwVi6WyHEeOTI8,Medical,0,F,0,0
100,wjm+SVRkETvixUr0iCUwVi6WyHEeOTI8,Medical,0,M,0,0
5,wjm+SVRkETvixUr0iCUwVi6WyHEeOTI8,Medical,0,F,0,0
50,wjm+SVRkETvixUr0iCUwVi6WyHEeOTI8,Medical,0,F,0,0
100,wjm+SVRkETvixUr0iCUwVi6WyHEeOTI8,Medical,0,F,0,0
100,wjm+SVRkETvixUr0iCUwVi6WyHEeOTI8,Medical,0,NA,0,0
50,wjm+SVRkETvixUr0iCUwVi6WyHEeOTI8,Medical,0,F,0,0
50,wjm+SVRkETvixUr0iCUwVi6WyHEeOTI8,Medical,0,NA,0,0
50,wjm+SVRkETvixUr0iCUwVi6WyHEeOTI8,Medical,0,M,0,0
250,wjm+SVRkETvixUr0iCUwVi6WyHEeOTI8,Medical,0,F,0,0
100,wjm+SVRkETvixUr0iCUwVi6WyHEeOTI8,Medical,0,NA,0,0
10,wjm+SVRkETvixUr0iCUwVi6WyHEeOTI8,Medical,0,NA,0,0
100,wjm+SVRkETvixUr0iCUwVi6WyHEeOTI8,Medical,0,NA,0,1
150,wjm+SVRkETvixUr0iCUwVi6WyHEeOTI8,Medical,0,NA,0,0
20,wjm+SVRkETvixUr0iCUwVi6WyHEeOTI8,Medical,0,F,0,0
100,wjm+SVRkETvixUr0iCUwVi6WyHEeOTI8,Medical,0,F,0,0
20,wjm+SVRkETvixUr0iCUwVi6WyHEeOTI8,Medical,0,NA,0,0
100,wjm+SVRkETvixUr0iCUwVi6WyHEeOTI8,Medical,0,NA,0,0
200,wjm+SVRkETvixUr0iCUwVi6WyHEeOTI8,Medical,0,NA,0,0
100,wjm+SVRkETvixUr0iCUwVi6WyHEeOTI8,Medical,0,F,0,0
50,wjm+SVRkETvixUr0iCUwVi6WyHEeOTI8,Medical,0,NA,0,0
100,wjm+SVRkETvixUr0iCUwVi6WyHEeOTI8,Medical,0,NA,0,0
100,wjm+SVRkETvixUr0iCUwVi6WyHEeOTI8,Medical,0,NA,0,0
50,wjm+SVRkETvixUr0iCUwVi6WyHEeOTI8,Medical,0,F,0,0
25,wjm+SVRkETvixUr0iCUwVi6WyHEeOTI8,Medical,0,NA,0,1
50,wjm+SVRkETvixUr0iCUwVi6WyHEeOTI8,Medical,0,F,0,0
150,wjm+SVRkETvixUr0iCUwVi6WyHEeOTI8,Medical,1,NA,0,0
100,wjm+SVRkETvixUr0iCUwVi6WyHEeOTI8,Medical,0,F,0,0
50,wjm+SVRkETvixUr0iCUwVi6WyHEeOTI8,Medical,0,F,0,0
25,wjm+SVRkETvixUr0iCUwVi6WyHEeOTI8,Medical,0,M,0,1
100,wjm+SVRkETvixUr0iCUwVi6WyHEeOTI8,Medical,0,M,0,0
50,wjm+SVRkETvixUr0iCUwVi6WyHEeOTI8,Medical,0,NA,0,0
300,wjm+SVRkETvixUr0iCUwVi6WyHEeOTI8,Medical,0,NA,0,0
20,wjm+SVRkETvixUr0iCUwVi6WyHEeOTI8,Medical,0,M,0,0
100,wjm+SVRkETvixUr0iCUwVi6WyHEeOTI8,Medical,0,M,0,0
50,wjm+SVRkETvixUr0iCUwVi6WyHEeOTI8,Medical,0,F,0,0
50,wjm+SVRkETvixUr0iCUwVi6WyHEeOTI8,Medical,0,F,0,0
100,wjm+SVRkETvixUr0iCUwVi6WyHEeOTI8,Medical,0,F,0,0
50,wjm+SVRkETvixUr0iCUwVi6WyHEeOTI8,Medical,0,NA,0,0
50,wjm+SVRkETvixUr0iCUwVi6WyHEeOTI8,Medical,0,F,0,0
100,wjm+SVRkETvixUr0iCUwVi6WyHEeOTI8,Medical,0,F,0,0
50,wjm+SVRkETvixUr0iCUwVi6WyHEeOTI8,Medical,1,NA,0,0
25,wjm+SVRkETvixUr0iCUwVi6WyHEeOTI8,Medical,0,M,0,0
30,wjm+SVRkETvixUr0iCUwVi6WyHEeOTI8,Medical,0,M,0,0
100,wjm+SVRkETvixUr0iCUwVi6WyHEeOTI8,Medical,0,F,0,1
50,wjm+SVRkETvixUr0iCUwVi6WyHEeOTI8,Medical,1,NA,0,0
100,wjm+SVRkETvixUr0iCUwVi6WyHEeOTI8,Medical,0,F,0,0
25,wjm+SVRkETvixUr0iCUwVi6WyHEeOTI8,Medical,0,F,0,0
50,wjm+SVRkETvixUr0iCUwVi6WyHEeOTI8,Medical,0,F,0,1
20,wjm+SVRkETvixUr0iCUwVi6WyHEeOTI8,Medical,0,F,0,0
100,wjm+SVRkETvixUr0iCUwVi6WyHEeOTI8,Medical,0,F,0,0
100,wjm+SVRkETvixUr0iCUwVi6WyHEeOTI8,Medical,0,NA,0,0
50,wjm+SVRkETvixUr0iCUwVi6WyHEeOTI8,Medical,0,M,0,0
100,wjm+SVRkETvixUr0iCUwVi6WyHEeOTI8,Medical,0,NA,0,0
100,wjm+SVRkETvixUr0iCUwVi6WyHEeOTI8,Medical,0,F,0,0
50,wjm+SVRkETvixUr0iCUwVi6WyHEeOTI8,Medical,0,F,0,0
50,wjm+SVRkETvixUr0iCUwVi6WyHEeOTI8,Medical,0,M,0,0
100,wjm+SVRkETvixUr0iCUwVi6WyHEeOTI8,Medical,0,F,0,0
25,wjm+SVRkETvixUr0iCUwVi6WyHEeOTI8,Medical,0,NA,0,0
350,wjm+SVRkETvixUr0iCUwVi6WyHEeOTI8,Medical,0,F,0,0
50,wjm+SVRkETvixUr0iCUwVi6WyHEeOTI8,Medical,0,NA,0,0
100,wjm+SVRkETvixUr0iCUwVi6WyHEeOTI8,Medical,0,F,0,0
50,wjm+SVRkETvixUr0iCUwVi6WyHEeOTI8,Medical,0,F,0,0
20,wjm+SVRkETvixUr0iCUwVi6WyHEeOTI8,Medical,0,F,0,0
100,wjm+SVRkETvixUr0iCUwVi6WyHEeOTI8,Medical,0,F,0,0
500,wjm+SVRkETvixUr0iCUwVi6WyHEeOTI8,Medical,0,M,0,0
500,wjm+SVRkETvixUr0iCUwVi6WyHEeOTI8,Medical,0,F,0,0
100,wjm+SVRkETvixUr0iCUwVi6WyHEeOTI8,Medical,0,NA,0,0
100,wjm+SVRkETvixUr0iCUwVi6WyHEeOTI8,Medical,0,NA,0,0
100,wjm+SVRkETvixUr0iCUwVi6WyHEeOTI8,Medical,0,F,0,0
25,wjm+SVRkETvixUr0iCUwVi6WyHEeOTI8,Medical,0,F,0,0
50,wjm+SVRkETvixUr0iCUwVi6WyHEeOTI8,Medical,0,F,0,0
40,wjm+SVRkETvixUr0iCUwVi6WyHEeOTI8,Medical,0,NA,0,0
50,wjm+SVRkETvixUr0iCUwVi6WyHEeOTI8,Medical,0,NA,0,0
40,wjm+SVRkETvixUr0iCUwVi6WyHEeOTI8,Medical,0,F,0,0
30,wjm+SVRkETvixUr0iCUwVi6WyHEeOTI8,Medical,0,NA,0,0
100,wjm+SVRkETvixUr0iCUwVi6WyHEeOTI8,Medical,1,NA,0,0
50,rjU6FeDfXbOFn9nOL1gOyi6WyH0WODUu,Alberta Fires,0,F,1,1
150,rjU6FeDfXbOFn9nOL1gOyi6WyH0WODUu,Alberta Fires,0,F,0,0
300,rjU6FeDfXbOFn9nOL1gOyi6WyH0WODUu,Alberta Fires,1,NA,0,0
25,rjU6FeDfXbOFn9nOL1gOyi6WyH0WODUu,Alberta Fires,0,F,0,0
25,rjU6FeDfXbOFn9nOL1gOyi6WyH0WODUu,Alberta Fires,0,F,0,0
25,rjU6FeDfXbOFn9nOL1gOyi6WyH0WODUu,Alberta Fires,1,NA,0,0
100,rjU6FeDfXbOFn9nOL1gOyi6WyH0WODUu,Alberta Fires,0,F,0,0
100,rjU6FeDfXbOFn9nOL1gOyi6WyH0WODUu,Alberta Fires,0,F,0,0
200,rjU6FeDfXbOFn9nOL1gOyi6WyH0WODUu,Alberta Fires,0,NA,0,0
200,rjU6FeDfXbOFn9nOL1gOyi6WyH0WODUu,Alberta Fires,0,F,1,0
50,rjU6FeDfXbOFn9nOL1gOyi6WyH0WODUu,Alberta Fires,0,F,0,0
25,rjU6FeDfXbOFn9nOL1gOyi6WyH0WODUu,Alberta Fires,0,F,0,0
100,rjU6FeDfXbOFn9nOL1gOyi6WyH0WODUu,Alberta Fires,0,NA,0,0
150,rjU6FeDfXbOFn9nOL1gOyi6WyH0WODUu,Alberta Fires,0,F,0,0
5,rjU6FeDfXbOFn9nOL1gOyi6WyH0WODUu,Alberta Fires,0,NA,0,0
50,rjU6FeDfXbOFn9nOL1gOyi6WyH0WODUu,Alberta Fires,0,F,0,1
100,rjU6FeDfXbOFn9nOL1gOyi6WyH0WODUu,Alberta Fires,0,F,0,0
25,rjU6FeDfXbOFn9nOL1gOyi6WyH0WODUu,Alberta Fires,0,F,0,0
100,rjU6FeDfXbOFn9nOL1gOyi6WyH0WODUu,Alberta Fires,0,F,0,0
50,rjU6FeDfXbOFn9nOL1gOyi6WyH0WODUu,Alberta Fires,0,NA,0,0
50,rjU6FeDfXbOFn9nOL1gOyi6WyH0WODUu,Alberta Fires,0,F,0,0
500,rjU6FeDfXbOFn9nOL1gOyi6WyH0WODUu,Alberta Fires,1,NA,0,0
50,rjU6FeDfXbOFn9nOL1gOyi6WyH0WODUu,Alberta Fires,0,F,0,0
30,rjU6FeDfXbOFn9nOL1gOyi6WyH0WODUu,Alberta Fires,0,NA,0,0
50,rjU6FeDfXbOFn9nOL1gOyi6WyH0WODUu,Alberta Fires,0,F,0,0
20,rjU6FeDfXbOFn9nOL1gOyi6WyH0WODUu,Alberta Fires,0,F,0,0
100,rjU6FeDfXbOFn9nOL1gOyi6WyH0WODUu,Alberta Fires,0,M,0,0
50,rjU6FeDfXbOFn9nOL1gOyi6WyH0WODUu,Alberta Fires,0,M,0,0
100,rjU6FeDfXbOFn9nOL1gOyi6WyH0WODUu,Alberta Fires,0,F,0,0
20,rjU6FeDfXbOFn9nOL1gOyi6WyH0WODUu,Alberta Fires,0,F,0,0
200,rjU6FeDfXbOFn9nOL1gOyi6WyH0WODUu,Alberta Fires,0,NA,0,0
50,rjU6FeDfXbOFn9nOL1gOyi6WyH0WODUu,Alberta Fires,0,NA,0,0
50,rjU6FeDfXbOFn9nOL1gOyi6WyH0WODUu,Alberta Fires,0,NA,0,0
10,rjU6FeDfXbOFn9nOL1gOyi6WyH0WODUu,Alberta Fires,0,F,0,0
50,rjU6FeDfXbOFn9nOL1gOyi6WyH0WODUu,Alberta Fires,0,M,0,0
200,rjU6FeDfXbOFn9nOL1gOyi6WyH0WODUu,Alberta Fires,0,NA,0,0
100,rjU6FeDfXbOFn9nOL1gOyi6WyH0WODUu,Alberta Fires,0,M,0,0
100,rjU6FeDfXbOFn9nOL1gOyi6WyH0WODUu,Alberta Fires,0,NA,0,0
100,rjU6FeDfXbOFn9nOL1gOyi6WyH0WODUu,Alberta Fires,0,NA,0,0
50,rjU6FeDfXbOFn9nOL1gOyi6WyH0WODUu,Alberta Fires,0,F,0,0
50,rjU6FeDfXbOFn9nOL1gOyi6WyH0WODUu,Alberta Fires,0,F,0,0
15,rjU6FeDfXbOFn9nOL1gOyi6WyH0WODUu,Alberta Fires,0,NA,0,0
10,rjU6FeDfXbOFn9nOL1gOyi6WyH0WODUu,Alberta Fires,0,F,0,0
50,rjU6FeDfXbOFn9nOL1gOyi6WyH0WODUu,Alberta Fires,0,F,0,0
20,rjU6FeDfXbOFn9nOL1gOyi6WyH0WODUu,Alberta Fires,0,NA,0,0
50,rjU6FeDfXbOFn9nOL1gOyi6WyH0WODUu,Alberta Fires,1,NA,0,0
500,rjU6FeDfXbOFn9nOL1gOyi6WyH0WODUu,Alberta Fires,0,NA,0,0
50,rjU6FeDfXbOFn9nOL1gOyi6WyH0WODUu,Alberta Fires,0,F,0,0
10,rjU6FeDfXbOFn9nOL1gOyi6WyH0WODUu,Alberta Fires,0,F,0,0
50,rjU6FeDfXbOFn9nOL1gOyi6WyH0WODUu,Alberta Fires,0,NA,0,0
20,rjU6FeDfXbOFn9nOL1gOyi6WyH0WODUu,Alberta Fires,0,NA,0,0
25,rjU6FeDfXbOFn9nOL1gOyi6WyH0WODUu,Alberta Fires,0,NA,0,0
50,O6D6pB+cgIR2I4snh43BNi6WyGYPNHU=,Community,0,M,0,0
50,O6D6pB+cgIR2I4snh43BNi6WyGYPNHU=,Community,0,F,0,0
50,O6D6pB+cgIR2I4snh43BNi6WyGYPNHU=,Community,0,NA,0,0
25,O6D6pB+cgIR2I4snh43BNi6WyGYPNHU=,Community,0,NA,0,0
25,O6D6pB+cgIR2I4snh43BNi6WyGYPNHU=,Community,1,NA,0,0
500,O6D6pB+cgIR2I4snh43BNi6WyGYPNHU=,Community,1,NA,0,0
100,O6D6pB+cgIR2I4snh43BNi6WyGYPNHU=,Community,0,NA,0,0
25,O6D6pB+cgIR2I4snh43BNi6WyGYPNHU=,Community,0,F,0,0
50,O6D6pB+cgIR2I4snh43BNi6WyGYPNHU=,Community,0,F,0,0
10,O6D6pB+cgIR2I4snh43BNi6WyGYPNHU=,Community,1,NA,0,0
30,O6D6pB+cgIR2I4snh43BNi6WyGYPNHU=,Community,0,F,0,0
30,O6D6pB+cgIR2I4snh43BNi6WyGYPNHU=,Community,0,F,0,0
10,O6D6pB+cgIR2I4snh43BNi6WyGYPNHU=,Community,0,F,0,0
100,O6D6pB+cgIR2I4snh43BNi6WyGYPNHU=,Community,0,NA,0,0
20,O6D6pB+cgIR2I4snh43BNi6WyGYPNHU=,Community,0,F,0,0
25,O6D6pB+cgIR2I4snh43BNi6WyGYPNHU=,Community,0,F,0,0
20,O6D6pB+cgIR2I4snh43BNi6WyGYPNHU=,Community,1,NA,0,0
50,O6D6pB+cgIR2I4snh43BNi6WyGYPNHU=,Community,0,F,0,0
10,O6D6pB+cgIR2I4snh43BNi6WyGYPNHU=,Community,1,NA,0,0
20,O6D6pB+cgIR2I4snh43BNi6WyGYPNHU=,Community,0,F,0,0
10,O6D6pB+cgIR2I4snh43BNi6WyGYPNHU=,Community,0,M,0,0
100,O6D6pB+cgIR2I4snh43BNi6WyGYPNHU=,Community,0,M,0,0
25,O6D6pB+cgIR2I4snh43BNi6WyGYPNHU=,Community,0,M,0,0
25,O6D6pB+cgIR2I4snh43BNi6WyGYPNHU=,Community,0,M,0,0
20,O6D6pB+cgIR2I4snh43BNi6WyGYPNHU=,Community,0,NA,0,0
25,O6D6pB+cgIR2I4snh43BNi6WyGYPNHU=,Community,0,F,0,0
25,O6D6pB+cgIR2I4snh43BNi6WyGYPNHU=,Community,0,F,0,0
25,O6D6pB+cgIR2I4snh43BNi6WyGYPNHU=,Community,0,NA,0,0
25,O6D6pB+cgIR2I4snh43BNi6WyGYPNHU=,Community,0,F,0,0
15,O6D6pB+cgIR2I4snh43BNi6WyGYPNHU=,Community,0,F,0,0
15,O6D6pB+cgIR2I4snh43BNi6WyGYPNHU=,Community,0,F,0,0
25,O6D6pB+cgIR2I4snh43BNi6WyGYPNHU=,Community,0,F,0,0
50,O6D6pB+cgIR2I4snh43BNi6WyGYPNHU=,Community,1,NA,0,0
25,O6D6pB+cgIR2I4snh43BNi6WyGYPNHU=,Community,0,F,0,0